0 0.38456942031249997 0.32303590312499997 0.38850190156250003 0.32303590312499997 0.391349559375 0.3244823328125 0.3939260109375 0.3247234046875 0.3965024640625 0.3213484015625 0.3973160796875 0.317732328125 0.3973160796875 0.31315196875 0.39487523125 0.3090537515625 0.3929767921875 0.3073662515625 0.3878238875 0.3047144640625 0.3836202015625 0.30688410781250003 0.3828065859375 0.310259109375 0.3826709828125 0.3170091140625 0.38456942031249997 0.32303590312499997
0 0.397180478125 0.30784839375 0.399350121875 0.30929482343750003 0.400299340625 0.3066430359375 0.40043494375 0.3039912484375 0.3998925328125 0.3001341046875 0.397044875 0.29700017343749996 0.39365480625 0.29700017343749996 0.38999353124999997 0.300375175 0.38619665468750003 0.30206267656249997 0.38307779062499997 0.30375017656250003 0.3823997765625 0.30519660625 0.3836202015625 0.30567875 0.3866034625 0.302785890625 0.389857928125 0.302785890625 0.39433281875000004 0.3073662515625 0.397180478125 0.30784839375
0 0.37345073125 0.5509448109374999 0.37639734062499997 0.5566387421875 0.3796001765625 0.556410984375 0.382290559375 0.551400325 0.3842122625 0.550717053125 0.3833154671875 0.5445676078125 0.384724715625 0.539329190625 0.3842122625 0.5361405890625 0.3803688578125 0.5327242296875 0.3774222484375 0.5290801140625 0.3752443203125 0.5315854437499999 0.3735788453125 0.5363683453125 0.372938278125 0.5418345203125 0.37345073125 0.5509448109374999
0 0.3678137390625 0.532268715625 0.3640984484375 0.5350018015625 0.3602550453125 0.539329190625 0.36012693125 0.540923490625 0.3602550453125 0.54593415 0.3607674984375 0.5495782671875 0.36345788125 0.5541334124999999 0.36653260468750004 0.55549995625 0.3690948734375 0.554816684375 0.3711446890625 0.54843948125 0.3719133703125 0.5406957343750001 0.371400915625 0.53591283125 0.3719133703125 0.53317974375 0.37229771093749997 0.52725805625 0.3720414828125 0.5256637546875 0.3706322359375 0.5286245984375 0.3678137390625 0.532268715625
0 0.356411640625 0.51746449375 0.35666786875 0.5256637546875 0.3582052296875 0.52885235625 0.360511271875 0.532496471875 0.360511271875 0.5327242296875 0.359614478125 0.5384181609375001 0.36038315781249997 0.537962646875 0.3625610875 0.5356850750000001 0.36384222187500004 0.5334075015625 0.364610903125 0.5297633859374999 0.364610903125 0.52725805625 0.36499524375000003 0.522475153125 0.36499524375000003 0.5186032796875 0.3640984484375 0.5158701921875 0.3624329734375 0.5129093484375 0.3589739109375 0.5078986890625 0.3569240953125 0.5099485046875001 0.3565397546875 0.512681590625 0.356411640625 0.51746449375
0 0.37229771093749997 0.5158701921875 0.3749880921875 0.51746449375 0.3770379078125 0.5156424359375 0.377678475 0.512681590625 0.3765254546875 0.50607663125 0.3756286609375 0.5024325140625 0.374347525 0.5008382140625 0.3719133703125 0.5031157859375 0.36960732812499997 0.5058488734375 0.3658920375 0.5047100875 0.3626892 0.5026602718750001 0.3606393859375 0.502888028125 0.361408065625 0.5074431749999999 0.36345788125 0.510631775 0.36576392343749997 0.511315046875 0.37229771093749997 0.5158701921875
0 0.3474437 0.887797796875 0.3503286359375 0.8916703984375 0.3527378984375 0.8918650859374999 0.35580423125 0.8871925781250001 0.3573373984375 0.8831041328125 0.360184709375 0.8797944390625 0.363579578125 0.8766794328125 0.36631737656249996 0.873759115625 0.36730298437500003 0.870254734375 0.36730298437500003 0.866945040625 0.3645651859375 0.8599362765624999 0.36292250625 0.8577947109374999 0.36160836406249997 0.8577947109374999 0.358761053125 0.86168846875 0.356570815625 0.864024721875 0.35320880468750004 0.8682106734374999 0.35090276249999997 0.870943759375 0.34898106093750003 0.876409934375 0.3473155859375 0.8818761078125 0.3474437 0.887797796875
0 0.36248445937499996 0.8537062656250001 0.36292250625 0.8492284453125001 0.3618273875 0.8480603171875 0.360184709375 0.8472815656250001 0.358761053125 0.8476709421875 0.3574469109375 0.84883906875 0.355475696875 0.8507859484375 0.35372350625000004 0.854095640625 0.3524093625 0.854095640625 0.3508761953125 0.8525381390625 0.34846693281249996 0.853900953125 0.3467147421875 0.8579893984375 0.34408645625 0.864024721875 0.3413486578125 0.86869723125 0.3402535390625 0.873759115625 0.34189621875 0.87551130625 0.34364840937499996 0.8741484906249999 0.34660523125 0.872006925 0.3527378984375 0.864024721875 0.355256671875 0.8611044046874999 0.359965684375 0.8579893984375 0.36248445937499996 0.8537062656250001
0 0.3374062296875 0.87551130625 0.3349969671875 0.8743431781250001 0.33225916875 0.8762900578125 0.3312735625 0.880378503125 0.3285357640625 0.8864138265625 0.32525040625 0.8932279015625 0.32535991875 0.8979004093749999 0.3265645484375 0.8965375953124999 0.33050697812499996 0.8936172765625001 0.3336828234375 0.8905022718750001 0.33631110937500003 0.8848563234375 0.3383918359375 0.878821 0.3374062296875 0.87551130625
0 0.324483821875 0.9015994796875001 0.324483821875 0.9054932359375 0.32689308437500003 0.9099710578125 0.3279882046875 0.911528559375 0.3297403953125 0.9117232484375 0.3319306328125 0.9117232484375 0.332916240625 0.907829490625 0.3348874546875 0.9068560515625 0.33674915781250003 0.9082188671875 0.3381728125 0.9082188671875 0.33948695624999997 0.9068560515625 0.3406915875 0.9066613640625001 0.34167719375 0.9086082421875 0.343429384375 0.9089976171874999 0.345181575 0.9051038609375001 0.347152790625 0.901015415625 0.3472623015625 0.8955641562500001 0.34485303906250003 0.8905022718750001 0.3415676828125 0.8889447687500001 0.338720371875 0.8889447687500001 0.33696818125 0.88952883125 0.3331352640625 0.8916703984375 0.3287547875 0.8951747796875 0.32678357343750003 0.8963429078124999 0.32525040625 0.8973163468750001 0.324483821875 0.9015994796875001
0 0.34397694375 0.91639575625 0.3457291359375 0.9150329421875 0.34759083749999997 0.9136701265625 0.34879546875 0.9136701265625 0.3503286359375 0.9152276296874999 0.3502191234375 0.9185373234374999 0.3507666828125 0.921068265625 0.351752290625 0.9218470171875 0.35383301718750004 0.9222363921875001 0.3544900890625 0.921068265625 0.3562422796875 0.9224310796875 0.357665934375 0.9234045203125 0.3597466609375 0.92301514375 0.3608417796875 0.9199001375 0.3608417796875 0.9160063812500001 0.3586515421875 0.90977636875 0.356461303125 0.9066613640625001 0.3519713140625 0.90276760625 0.34945254062500003 0.900820728125 0.34759083749999997 0.9015994796875001 0.3450720640625 0.9064666750000001 0.343429384375 0.908024178125 0.3413486578125 0.911528559375 0.34397694375 0.91639575625
0 0.355366184375 0.9037410453125 0.35602325625 0.9058826124999999 0.35930861406250003 0.9109444968749999 0.36062275625 0.9138648140625 0.36062275625 0.9169798203124999 0.3620464109375 0.9173691953124999 0.363579578125 0.9177585718750001 0.364784209375 0.91639575625 0.3657698171875 0.914643565625 0.367193471875 0.9128913750000001 0.36741249531250003 0.9107498078124999 0.36631737656249996 0.9082188671875 0.3633605546875 0.9074401156249999 0.36325104218750004 0.905687925 0.3644556734375 0.9035463578125 0.364674696875 0.9019888546875 0.3645651859375 0.8986791609375 0.363689090625 0.8949800921875 0.36292250625 0.8934225890624999 0.3622654359375 0.8938119656250001 0.361389340625 0.894006653125 0.3602942203125 0.8938119656250001 0.3595276375 0.8926438375 0.3590895890625 0.8901128953124999 0.3586515421875 0.8899182078125 0.35700886249999997 0.8912810234374999 0.3556947203125 0.8922544625000001 0.3544900890625 0.8928385249999999 0.351752290625 0.8920597750000001 0.3524093625 0.8967322828125001 0.35350448125 0.901015415625 0.3549281359375 0.9021835421875 0.355366184375 0.9037410453125
0 0.7178252671875 0.26891056562500004 0.71830394375 0.2726548890625 0.7196442421875 0.27708 0.719739978125 0.2794627515625 0.7199314484375 0.2838878625 0.7211760109375 0.2876321859375 0.7240480781249999 0.2876321859375 0.726728675 0.28644081093749996 0.727494559375 0.2820157 0.72826044375 0.2801435375 0.7279732359375 0.27418665781249996 0.726728675 0.2702721375 0.7259627890625 0.2702721375 0.7244310203125 0.2695913515625 0.72270778125 0.26499604374999997 0.720314390625 0.26380466875 0.71830394375 0.264825846875 0.7178252671875 0.26891056562500004
0 0.7198357140625 0.2508697296875 0.7179210015625 0.2517207125 0.717250853125 0.2544438578125 0.717538059375 0.2571670015625 0.7181124734375001 0.25767759218749997 0.7181124734375001 0.258358378125 0.717538059375 0.259890146875 0.717250853125 0.262102703125 0.7173465890624999 0.2646556515625 0.7178252671875 0.26771918906250003 0.7193570359375 0.263974865625 0.7206015984375 0.26346427499999997 0.7223248375 0.2644854546875 0.7233779296875 0.2665278125 0.725005434375 0.26891056562500004 0.72510116875 0.2661874203125 0.7251969046875 0.261762309375 0.7251969046875 0.258017984375 0.7247182265625 0.2527418921875 0.72328219375 0.2506995328125 0.7223248375 0.2506995328125 0.7198357140625 0.2508697296875
0 0.731036775 0.26737879531250003 0.73256854375 0.2672085984375 0.7346747265625 0.2653364375 0.73563208125 0.263974865625 0.7360150234375 0.2622728984375 0.7360150234375 0.2609113265625 0.7333344281249999 0.25648621562499996 0.7318983953125 0.2542736609375 0.7291220625 0.2508697296875 0.7281647078125 0.2539332671875 0.7279732359375 0.26006034375 0.72854765 0.2646556515625 0.731036775 0.26737879531250003
0 0.7284519140625 0.2794627515625 0.72826044375 0.2820157 0.7295050062499999 0.2838878625 0.73256854375 0.2832070765625 0.7334301640625001 0.28116471718749997 0.733621634375 0.2794627515625 0.7332386921875 0.2774203921875 0.732377071875 0.275037640625 0.731802659375 0.2728250859375 0.7317069234375 0.2709529234375 0.7314197171875 0.2692509578125 0.7304623609374999 0.2672085984375 0.7289305921875 0.264825846875 0.7278775015625001 0.26380466875 0.7269201453125 0.263974865625 0.7266329390624999 0.2641450609375 0.7258670546875 0.265506634375 0.7264414671874999 0.268229778125 0.7272073515625 0.2714635140625 0.7284519140625 0.2752078375 0.7284519140625 0.2794627515625
0 0.7104356843749999 0.24554585312500002 0.7095028640625001 0.24764642499999998 0.7093163 0.25074200625 0.7093163 0.25461148125 0.7093163 0.2558276015625 0.7091297359375 0.259697078125 0.7095028640625001 0.2611343109375 0.7104356843749999 0.26047097343750003 0.7111819390624999 0.25947596562499997 0.7123635109374999 0.2553853765625 0.71317195625 0.2516264578125 0.71329633125 0.248862546875 0.7134828953125 0.24687253125000003 0.7137938359375 0.24377695 0.7127988281250001 0.24355583749999998 0.7119281953125001 0.2442191765625 0.7104356843749999 0.24554585312500002
0 0.7152863468749999 0.253063690625 0.7161569796875 0.256380384375 0.7170898 0.2568226109375 0.7172763640625 0.25461148125 0.7173385515625 0.252400353125 0.718271371875 0.25052089375 0.7187688750000001 0.2485308765625 0.7187066875 0.246761975 0.7180848078125 0.24410862031249997 0.7170898 0.24333472500000003 0.715970415625 0.2423397171875 0.7153485359375 0.24410862031249997 0.7149754078125 0.2477569828125 0.7146022796875 0.2498575546875 0.7152863468749999 0.253063690625
0 0.748424471875 0.4882333015625 0.7511106640625 0.49346356093750005 0.754564340625 0.49573758593750006 0.757378446875 0.4961923921875 0.75814593125 0.49641979375 0.7577621890625 0.4986938203125 0.757634275 0.5023322609374999 0.7605762953124999 0.5025596625000001 0.7630066609374999 0.4986938203125 0.762878746875 0.49323615781249996 0.76032046875 0.48664148437500004 0.7580180171875 0.48527706875 0.7527735453125 0.48163862812499997 0.75047109375 0.4818660296875 0.7486803 0.48414005624999995 0.748424471875 0.4882333015625
0 0.76364623125 0.458898371875 0.7605762953124999 0.4643560328125 0.7598088125 0.46867668125 0.76044838125 0.47140551249999996 0.7619833500000001 0.47481655 0.7619833500000001 0.48209343281250006 0.7641578859375 0.48664148437500004 0.7673557343749999 0.4891429125 0.770937325 0.487778496875 0.772856034375 0.4843674578125 0.77375143125 0.476635771875 0.7732397765625 0.47140551249999996 0.77260020625 0.46867668125 0.7705535828125 0.463901228125 0.7691465296875 0.45776135937499995 0.7682511328125 0.4568517484375 0.7668440796875 0.457306553125 0.76364623125 0.458898371875
0 0.7746468296875 0.463673825 0.7774609359375 0.46526564375 0.780019215625 0.46844927812500003 0.7820658375 0.473452134375 0.7833449781249999 0.476635771875 0.784240375 0.4757261609375 0.784496203125 0.47140551249999996 0.784496203125 0.46958629218750003 0.7827054078125 0.4654930453125 0.7793796453125 0.46139979999999997 0.776181796875 0.4568517484375 0.7741351734374999 0.455032528125 0.7694023578125 0.45230369687499994 0.76594868125 0.4513940859375 0.76812321875 0.45457772343749997 0.77144898125 0.45912577343749994 0.7727281203125 0.461172396875 0.7746468296875 0.463673825
0 0.778740075 0.4791371984375 0.776693453125 0.4818660296875 0.7755422265624999 0.49096213281249995 0.7756701406250001 0.4946005734375 0.777844678125 0.5014226500000001 0.7829612359375 0.5075625203125 0.7883336203125 0.5077899218749999 0.7912756421875 0.50415148125 0.7921710390625 0.49983083281249996 0.7919152109375001 0.49528278124999997 0.7912756421875 0.49346356093750005 0.7893569328125001 0.4907347296875 0.7865428265625 0.4891429125 0.784240375 0.48459486093750004 0.7836008046875 0.48209343281250006 0.7809146124999999 0.4791371984375 0.778740075 0.4791371984375