0 0.5984120796875 0.0820294390625 0.5977529140625 0.0843731375 0.59753319375 0.08906053281250001 0.5965444453125001 0.0923807734375 0.5950063937500001 0.0939432375 0.5956655578125 0.09648224375 0.59742333125 0.0958963203125 0.5994008281250001 0.0923807734375 0.6017079062499999 0.088474609375 0.6031360968749999 0.08691214375 0.6025867921875 0.08417782812499999 0.601048740625 0.08124820625 0.6002797140625 0.0808575890625 0.5984120796875 0.0820294390625
0 0.600609296875 0.10097433281249998 0.6023670703125 0.10273210625 0.6044544265625 0.102341490625 0.6061023390625 0.100779025 0.6063220609375 0.09843532656250001 0.6088488609375 0.0939432375 0.6092883046875001 0.0896464578125 0.608958721875 0.08691214375 0.6079699749999999 0.084763753125 0.605992478125 0.0843731375 0.60500373125 0.0849590625 0.6032459578125 0.086716834375 0.6025867921875 0.091013615625 0.6004994359375 0.09355262187499999 0.600389575 0.0974587859375 0.600609296875 0.10097433281249998
0 0.6155503734375001 0.09472447187500001 0.616868703125 0.09413854687499999 0.6179673125 0.0921854640625 0.61840675625 0.090427690625 0.61840675625 0.0882793015625 0.6176377296875 0.08730275937500001 0.6163194 0.086716834375 0.6146714859375 0.08710745156250001 0.6115953828125 0.08691214375 0.6107164953125 0.08906053281250001 0.6106066343750001 0.09257608125 0.6132432953125 0.09472447187500001 0.6155503734375001 0.09472447187500001
0 0.5950063937500001 0.16913689062499998 0.5990712453125 0.1718712046875 0.6017079062499999 0.1718712046875 0.60412484375 0.16991812343749998 0.604784009375 0.1673791171875 0.6048938703125 0.16347295312500001 0.6040149828125 0.1611292546875 0.6037952625 0.1607386375 0.59995013125 0.160348021875 0.5963247234375 0.15878555625 0.594347228125 0.1601527140625 0.593138759375 0.16425418593750002 0.5950063937500001 0.16913689062499998
0 0.59665430625 0.1529263109375 0.5986318015625 0.1548793921875 0.601048740625 0.155855934375 0.6032459578125 0.1548793921875 0.6040149828125 0.15351223593750002 0.6040149828125 0.1517544625 0.603905121875 0.1501919953125 0.6032459578125 0.1476529890625 0.6009388796875 0.1441374421875 0.59918110625 0.146481140625 0.59709375 0.149606071875 0.59665430625 0.1529263109375
0 0.6144517640625 0.2042923640625 0.6158799562499999 0.20409705625000002 0.61664898125 0.20331582343750002 0.6178574515624999 0.20136274062499998 0.618516615625 0.19901904374999999 0.61829689375 0.1960894203125 0.617308146875 0.1935504140625 0.6169785640625001 0.19296448906250002 0.6158799562499999 0.19335510625000002 0.614561625 0.1960894203125 0.6134630171875 0.1998002765625 0.61335315625 0.20214397499999998 0.6144517640625 0.2042923640625
0 0.6111559390625 0.4964734125 0.6109362171875 0.49354378906249996 0.61082635625 0.492371940625 0.6096178875 0.49041885937499996 0.6063220609375 0.48885639375 0.6021473484375 0.48846577656249995 0.596874028125 0.49178601562499996 0.595555696875 0.494910946875 0.5981923578125 0.4984264953125 0.6045642875 0.49881711093750003 0.608958721875 0.4992077265625 0.6099474687499999 0.4982311859375 0.6111559390625 0.4964734125
0 0.598961384375 0.5122933765625 0.6034656796875 0.513465225 0.606871365625 0.513465225 0.6095080265624999 0.512488684375 0.611046078125 0.509949678125 0.6114855218749999 0.5066294375 0.6112658 0.5035045078125 0.61005733125 0.500574884375 0.6084094171875 0.49959834374999995 0.6036854 0.49901241875 0.599730409375 0.4997936515625 0.597643053125 0.5029185828125 0.59742333125 0.5083872125 0.598961384375 0.5122933765625
0 0.59753319375 0.5581908 0.60082901875 0.5568236421874999 0.6023670703125 0.5538940203125 0.6034656796875 0.5517456296875001 0.6046741484375 0.5497925484375 0.60500373125 0.5456910765625 0.6045642875 0.5419802203125 0.603575540625 0.5404177546875 0.6029163750000001 0.539636521875 0.600609296875 0.5419802203125 0.5981923578125 0.5460816921875 0.5951162546875 0.5501831640625 0.59456695 0.554089328125 0.59753319375 0.5581908
0 0.5995106875 0.5378787484374999 0.5977529140625 0.5376834406250001 0.5967641671874999 0.53865998125 0.5958852796875 0.5408083718750001 0.5942373671875 0.5441286109375 0.5925894546875 0.548034775 0.5923697328124999 0.553503403125 0.5946768109375 0.5525268624999999 0.5950063937500001 0.5513550140625 0.59742333125 0.54744885 0.5995106875 0.5439333015625001 0.602257209375 0.5394412140625 0.6023670703125 0.539050596875 0.6012684625 0.5382693656249999 0.5995106875 0.5378787484374999
0 0.6128038515625 0.7654127859375001 0.611046078125 0.7644362453125 0.6096178875 0.7642409375 0.6086291390625 0.7665846359375 0.6069812265625 0.768342409375 0.60335581875 0.7687330265625001 0.6020374875 0.7701001828125 0.601488184375 0.7730298062500001 0.6015980437499999 0.775959428125 0.6029163750000001 0.7775218953125 0.6048938703125 0.7769359703125 0.610167190625 0.7732251140625 0.613572878125 0.7712720328125 0.6143419031249999 0.768342409375 0.6137926 0.76677994375 0.6128038515625 0.7654127859375001
0 0.6076403921875 0.78943569375 0.609398165625 0.7890450765625 0.6107164953125 0.7870919953125 0.6113756609375 0.78435768125 0.6115953828125 0.7804515171874999 0.6111559390625 0.7773265859375 0.6092883046875001 0.7747875796875 0.6061023390625 0.77810781875 0.6051135921874999 0.7814280578125 0.6055530359375 0.7870919953125 0.6076403921875 0.78943569375
0 0.60247693125 0.9226358781249999 0.5995106875 0.9212687203125001 0.59742333125 0.9216593375000001 0.5944570890625 0.9232218015625 0.591051403125 0.9249795765625001 0.588744325 0.9282998156250001 0.58698655 0.933963753125 0.58698655 0.9407995390625 0.58918376875 0.9437291625 0.590611959375 0.9445103953125 0.59335848125 0.9423620046875 0.5978627750000001 0.935916834375 0.6030262359375 0.9304482046875 0.6044544265625 0.927323275 0.6036854 0.9243936515625 0.60247693125 0.9226358781249999
0 0.5907218203125 0.9447057031250001 0.58995279375 0.9468540921875 0.591380984375 0.9542758046875001 0.5930288984375001 0.9568148109375001 0.595335975 0.9577913515625 0.5965444453125001 0.9556429609375 0.5981923578125 0.95251803125 0.600609296875 0.95076025625 0.6040149828125 0.947830634375 0.6055530359375 0.9425573125 0.6048938703125 0.935916834375 0.6045642875 0.9347449859375001 0.60412484375 0.9341590609375 0.6013783234375001 0.9376746078125 0.59753319375 0.9398229984375 0.5952261156249999 0.9398229984375 0.5925894546875 0.9425573125 0.5907218203125 0.9447057031250001
0 0.6856135531249999 0.0984418515625 0.688414053125 0.0950473046875 0.6908326671875 0.0941420921875 0.6940150546875 0.0918790625 0.6951607140625 0.08599518125 0.694778828125 0.085542575 0.6926148046875 0.084863665625 0.6899416 0.08463736250000001 0.6867592124999999 0.0864477875 0.6833222328125 0.091652759375 0.6829403468749999 0.0968577296875 0.6856135531249999 0.0984418515625
0 0.7007617171875 0.08916342499999999 0.704325990625 0.08599518125 0.70318033125 0.081695421875 0.7015254890625 0.079432390625 0.698852284375 0.083958453125 0.6983431015625 0.087353 0.699106875 0.089842334375 0.7007617171875 0.08916342499999999
0 0.6946515328125 0.083053240625 0.69503341875 0.088031909375 0.696560965625 0.09052124375000001 0.6980885109375 0.08848451562500001 0.698852284375 0.08463736250000001 0.7008890125 0.07875348125000001 0.6992341703125 0.079432390625 0.6959244875 0.0810165125 0.6946515328125 0.083053240625
0 0.69363316875 0.10726767343750002 0.6966882609375 0.1095307046875 0.698852284375 0.10930440156250001 0.6987249890625 0.1061361578125 0.697961215625 0.1018363984375 0.69681555625 0.1000259734375 0.69363316875 0.0973103359375 0.6918510312499999 0.0993470640625 0.6914691453125 0.1047783390625 0.69363316875 0.10726767343750002
0 0.71871038125 0.316145440625 0.7212562921875 0.316598046875 0.724820565625 0.315692834375 0.727111884375 0.31388241093749997 0.7274937718750001 0.3084511359375 0.7258389296875001 0.3061881046875 0.7244386796875 0.3043776796875 0.7206198140625 0.3057354984375 0.7171828359375 0.3091300453125 0.7166736546875 0.3129771984375 0.71871038125 0.316145440625
0 0.7253297484375001 0.3369653265625 0.727366475 0.3369653265625 0.7301669765625001 0.3358338109375 0.7322037046875 0.3347022953125 0.7336039546875 0.331534053125 0.73322206875 0.32700799062499997 0.7324582953125 0.32632908125000004 0.7301669765625001 0.325650171875 0.7260935203125001 0.3276869 0.7236749062500001 0.3322129625 0.7234203156250001 0.3351549015625 0.7253297484375001 0.3369653265625
0 0.7244386796875 0.322255625 0.7227838375 0.32451865625 0.72189276875 0.326555384375 0.7226565421875 0.330176234375 0.7238022015625 0.32994993125 0.7246932703125 0.327913203125 0.7291486125 0.324744959375 0.7283848390625 0.322255625 0.725966225 0.321576715625 0.7244386796875 0.322255625
0 0.738441184375 0.3810944328125 0.7408597984374999 0.3788314015625 0.7418781625 0.374305340625 0.7418781625 0.369779278125 0.7402233203125 0.36547951875 0.7390776609375 0.3641217 0.73780470625 0.36366909375 0.7362771609375 0.36502691249999997 0.733858546875 0.37113709687499996 0.7342404328125001 0.3779261890625 0.7360225687499999 0.3806418265625 0.738441184375 0.3810944328125
0 0.73143993125 0.363895396875 0.7301669765625001 0.36547951875 0.7282575437500001 0.370231884375 0.7290213171875 0.373852734375 0.73093075 0.373852734375 0.7348769093749999 0.37045818750000004 0.7364044562500001 0.365932125 0.7360225687499999 0.362537578125 0.7337312500000001 0.36231127500000004 0.73143993125 0.363895396875
0 0.71590988125 0.3826785546875 0.7162917671875 0.38765722343750003 0.717564721875 0.3919569828125 0.7196014500000001 0.395804134375 0.7221473609375 0.396256740625 0.7238022015625 0.3944463171875 0.7240567921875 0.3912780734375 0.7227838375 0.3851678890625 0.721128996875 0.3822259484375 0.7196014500000001 0.3808681296875 0.7183284953125 0.38132073593750004 0.71590988125 0.3826785546875
0 0.7239294968750001 0.3903728609375 0.7249478609375 0.3937674078125 0.7280029531250001 0.3944463171875 0.7291486125 0.39150437656250003 0.7285121359375 0.38743092031250004 0.726602703125 0.38403637343749997 0.72507515625 0.3822259484375 0.722529246875 0.3797366140625 0.7210017 0.3795103109375 0.722529246875 0.3824522515625 0.723165725 0.3849415859375 0.7238022015625 0.38788352656249997 0.7239294968750001 0.3903728609375
0 0.7213835875 0.449437971875 0.7238022015625 0.45079579062499997 0.7263481125 0.45079579062499997 0.72863943125 0.4487590625 0.7305488625 0.44649603125 0.7316945234375 0.44310148437499997 0.7313126359375001 0.438801725 0.7301669765625001 0.4351808765625 0.7287667265625 0.4347282703125 0.72685729375 0.43721760468750004 0.72545704375 0.43902802812499997 0.7234203156250001 0.43925433125 0.7215108828125001 0.44038584687500004 0.7206198140625 0.44445930312500004 0.7213835875 0.449437971875
0 0.7252024515625 0.43314414843750004 0.720237928125 0.4333704515625 0.717946609375 0.43563348281250003 0.71769201875 0.4397069375 0.7201106328125 0.44445930312500004 0.72049251875 0.443554090625 0.7220200640625001 0.44083845312500003 0.7238022015625 0.438801725 0.7253297484375001 0.43744390781250003 0.727366475 0.43563348281250003 0.72685729375 0.4345019671875 0.7252024515625 0.43314414843750004
0 0.723165725 0.46278985468749995 0.72507515625 0.46550549218750004 0.7278756578125 0.46414767343749996 0.730294271875 0.46165833906250003 0.7324582953125 0.4593953078125 0.7341131375 0.45645336875 0.7333493640625 0.45079579062499997 0.731185340625 0.4487590625 0.72685729375 0.45124839687499996 0.7249478609375 0.454416640625 0.7236749062500001 0.45735857968750004 0.723165725 0.46278985468749995
0 0.7322037046875 0.4731997984375 0.7339858421875001 0.47093676718750005 0.7358952734375 0.4650528859375 0.7372955250000001 0.4623372484375 0.738441184375 0.4598479140625 0.7361498656250001 0.45645336875 0.733858546875 0.456905975 0.7313126359375001 0.4618846421875 0.7301669765625001 0.46686331093750005 0.73003968125 0.47184197968749997 0.7322037046875 0.4731997984375
0 0.72049251875 0.48428865 0.723165725 0.485872771875 0.7255843390625001 0.48904101562499996 0.7278756578125 0.48836210625 0.7292759078125 0.48677798437500003 0.7301669765625001 0.48383604375000006 0.7291486125 0.47976258749999995 0.7278756578125 0.47749955625 0.7263481125 0.47546282812499996 0.7246932703125 0.47184197968749997 0.721638178125 0.47546282812499996 0.7206198140625 0.477273253125 0.72049251875 0.48428865
0 0.7299123859375001 0.48270452812500003 0.7301669765625001 0.486099075 0.7313126359375001 0.487230590625 0.7324582953125 0.484514953125 0.7328401828125 0.4806678 0.7330947734375 0.47704694999999997 0.7323310000000001 0.47365240468750003 0.7301669765625001 0.4716156765625 0.7290213171875 0.4704841609375 0.7267299984375 0.4691263421875 0.7244386796875 0.4700315546875 0.725966225 0.4741050109375 0.7278756578125 0.47749955625 0.7291486125 0.47953628437500007 0.7299123859375001 0.48270452812500003
0 0.73780470625 0.5130291453125 0.7397141390625 0.5146132671875 0.7414962765625 0.5152921765625 0.7430238218749999 0.5125765390625 0.7441694812499999 0.5125765390625 0.7460789140624999 0.5125765390625 0.7472245734375 0.5116713265625 0.747606459375 0.5078241734375 0.747606459375 0.5053348390625 0.7467153921875 0.5032981109375 0.74556973125 0.5026192015625 0.7420054578124999 0.5026192015625 0.7394595484375001 0.5046559296875001 0.7374228203125 0.5066926578125 0.7365317515625 0.5096345984374999 0.73780470625 0.5130291453125
0 0.740732503125 0.49583010937500005 0.73818659375 0.49583010937500005 0.7371682296875 0.49650901875000003 0.7362771609375 0.4996772625 0.7357679781249999 0.5026192015625 0.735258796875 0.5057874453125 0.7362771609375 0.5089556890625 0.7365317515625 0.5085030828125 0.7390776609375 0.5032981109375 0.7432784125 0.5008087765625 0.745697028125 0.50012986875 0.7449332546874999 0.49741423124999995 0.7435330046875 0.49583010937500005 0.740732503125 0.49583010937500005
0 0.7604355375 0.7344298515625 0.7600399578125 0.7384149484375 0.7608311171875 0.7438065500000001 0.7609629765625 0.7459163078125 0.759644378125 0.7484948984375001 0.7577983406250001 0.749901403125 0.75885321875 0.754355334375 0.7629408734375 0.757871596875 0.7650506312500001 0.755527421875 0.767028528125 0.751073490625 0.767951546875 0.7463851421875 0.7687427062500001 0.737711696875 0.7676878265625 0.7339610171875 0.7655780703125 0.7325545124999999 0.7604355375 0.7344298515625
0 0.7667648078125 0.756699509375 0.767951546875 0.761622275 0.770061303125 0.7630287796874999 0.772566640625 0.7609190234375001 0.7742808171875 0.757871596875 0.7757312749999999 0.753417665625 0.7762587140625 0.7496669859375 0.7762587140625 0.747557228125 0.7761268546875 0.7445098015625 0.7749401171875 0.7412279578125001 0.7705887437500001 0.7360707750000001 0.7692701453125 0.743337715625 0.7687427062500001 0.74708839375 0.7675559671875 0.7515423250000001 0.7667648078125 0.756699509375
0 0.775335696875 0.8199922187500001 0.777445453125 0.8199922187500001 0.7786321921875 0.8199922187500001 0.77915963125 0.8178824625000001 0.7788959109375 0.815069453125 0.7777091734375 0.8120220265625001 0.7758631359375 0.8092090171875 0.774676396875 0.8047550859375001 0.773753378125 0.8033485812500001 0.7713799015625 0.80100440625 0.7690064249999999 0.7979569796875 0.7682152656250001 0.7977225625 0.769138284375 0.8028797453125 0.7713799015625 0.808271346875 0.7730940796875 0.80991226875 0.773753378125 0.8164759578125 0.775335696875 0.8199922187500001
0 0.76320459375 0.808271346875 0.7638638921875 0.81225644375 0.7653143499999999 0.8157727046875 0.766105509375 0.81905455 0.7674241078125 0.8242117328124999 0.7695338640625 0.8260870734375001 0.774412678125 0.8232740640625 0.7748082562499999 0.8181168796874999 0.773753378125 0.8143662 0.7730940796875 0.81108435625 0.771643621875 0.808271346875 0.7692701453125 0.803817415625 0.7678196875000001 0.8000667359375001 0.7649187703125 0.8028797453125 0.7637320328125 0.8054583375 0.76320459375 0.808271346875