0 0.19676249375 0.2572058734375 0.2028542109375 0.25395695625000003 0.20437714062499998 0.2469176375 0.2028542109375 0.2431272359375 0.1985900078125 0.2431272359375 0.1973716640625 0.2480006109375 0.1946303921875 0.2469176375 0.19341204843749998 0.2512495265625 0.19676249375 0.2572058734375
0 0.2004175234375 0.2745334265625 0.2034633828125 0.2734504546875 0.20650924218750003 0.2696600515625 0.20590007031250002 0.2626207328125 0.202549625 0.260996275 0.19980835156250001 0.26370370625 0.197067078125 0.266952621875 0.1961533203125 0.2712845109375 0.19676249375 0.2750749125 0.2004175234375 0.2745334265625
0 0.178182753125 0.25828884531249996 0.17879192500000002 0.26424519218750003 0.18214236875 0.2674941078125 0.186406571875 0.2626207328125 0.191279946875 0.26316222031250003 0.1940212203125 0.25774735937500004 0.19188911875 0.2523324984375 0.1903661890625 0.2512495265625 0.1854928140625 0.2474591234375 0.1830561265625 0.24962506874999998 0.1815331984375 0.2512495265625 0.1790965109375 0.2544984421875 0.178182753125 0.25828884531249996
0 0.12396646250000001 0.49870865000000003 0.1267077359375 0.49925013749999997 0.1318856953125 0.49600122031250005 0.138282 0.49437676250000007 0.1428507875 0.4895033875 0.143459959375 0.4830055546875 0.143459959375 0.47488326406250003 0.1367590703125 0.4738002921875 0.13279945312500002 0.47596623749999994 0.1309719375 0.4808396109375 0.127012321875 0.480298125 0.1254893921875 0.48517150000000003 0.12366187656250001 0.49221081875 0.12396646250000001 0.49870865000000003
0 0.1391957578125 0.5176606625 0.14163244375 0.513328775 0.14193703124999998 0.50628945625 0.14010951562500001 0.5008745953125 0.13645448437500002 0.500333109375 0.1355407265625 0.506830940625 0.13219028125 0.5089968859375 0.13279945312500002 0.5171191765625001 0.1355407265625 0.5192851203125 0.1391957578125 0.5176606625
0 0.021287384375000003 0.88138685625 0.0277661546875 0.878096053125 0.031776820312499995 0.8737083140624999 0.0339364109375 0.8671267078125 0.0348619484375 0.857254296875 0.0370215390625 0.8490272890625 0.033010871875 0.8462849531250001 0.0286916921875 0.8462849531250001 0.0243725125 0.8512211578125 0.0228299484375 0.859448165625 0.020978871875 0.86109356875 0.01758523125 0.8665782406250001 0.0166596921875 0.8769991171875 0.021287384375000003 0.88138685625
0 0.032702359375000004 0.8325732718750001 0.0370215390625 0.83805794375 0.04134071875 0.8364125421875 0.0468939484375 0.8364125421875 0.0490535390625 0.8309278703125 0.050596103125 0.8248947296875 0.0496705640625 0.8194100578124999 0.045351384375 0.8155707859374999 0.0438088203125 0.8155707859374999 0.0397981546875 0.8139253859375 0.0339364109375 0.8122799828125 0.02992574375 0.8144738531250001 0.02992574375 0.823249328125 0.032702359375000004 0.8325732718750001
0 0.0478194875 0.8002137046875 0.044425846875 0.7985683015625 0.0401066671875 0.798019834375 0.0370215390625 0.8002137046875 0.0357874875 0.8046014421875001 0.0397981546875 0.8078922453124999 0.0435003078125 0.8128284499999999 0.0478194875 0.8133769171875 0.053372718750000006 0.8139253859375 0.0555323078125 0.8100861140625 0.053372718750000006 0.807343778125 0.05121312812499999 0.80624684375 0.0490535390625 0.80624684375 0.0478194875 0.8002137046875
0 0.053372718750000006 0.805149909375 0.0576918984375 0.8056983765625001 0.059234462499999994 0.8002137046875 0.061394051562499996 0.7952774984375 0.061394051562499996 0.7897928265624999 0.058925950000000005 0.788147425 0.0555323078125 0.787050490625 0.0499790765625 0.7886958921875 0.0490535390625 0.7941805640624999 0.0490535390625 0.800762171875 0.053372718750000006 0.805149909375
0 0.056457846874999995 0.7738872765625 0.05398974375 0.7793719484375 0.0521386671875 0.7854050890625001 0.054298256249999996 0.784856621875 0.0586174359375 0.784856621875 0.0604685125 0.78595355625 0.06355364218750001 0.79034129375 0.06540471875000001 0.7941805640624999 0.06941538593749999 0.7908897609375 0.071574975 0.7832112203125 0.07034092343750001 0.7727903421875 0.0669472828125 0.7700480062499999 0.06355364218750001 0.7684026046875 0.0598514875 0.7705964734374999 0.056457846874999995 0.7738872765625
0 0.0839154875 0.7645633328125 0.07805374375 0.764014865625 0.07620266718749999 0.7673056703125 0.071574975 0.7662087343749999 0.06941538593749999 0.7634663984375 0.06633025625 0.7618209968749999 0.0641706671875 0.7618209968749999 0.0644791796875 0.7645633328125 0.06848984687500001 0.7716934078125 0.072192 0.7727903421875 0.07681969375 0.7771780796875001 0.0820644109375 0.777726546875 0.0845325140625 0.772241875 0.0839154875 0.7645633328125
0 0.5638856875 0.46821645937499995 0.5641454218749999 0.474219234375 0.565833703125 0.47952938125 0.5672622484375001 0.481838140625 0.5688206609375001 0.4850704046875 0.5711582796875 0.48530127968750003 0.57492444375 0.48391602499999997 0.576612725 0.4799911328125 0.576093253125 0.474219234375 0.5741452375 0.469832590625 0.5719374859374999 0.46844733437499997 0.5693401312499999 0.4659076984375 0.5670025125 0.46406069062500005 0.564924628125 0.46406069062500005 0.5638856875 0.46821645937499995
0 0.5790802109375 0.4746809859375 0.581807434375 0.4746809859375 0.582846375 0.47214134999999996 0.581807434375 0.46775470625000004 0.58141783125 0.4631371875 0.580638625 0.46013580000000004 0.5786906078125 0.4559800328125 0.5771321953124999 0.45828879218749996 0.5747945765625 0.4589814203125 0.5732361640625 0.462444559375 0.5746647078125 0.46498419531249996 0.576223121875 0.46821645937499995 0.5771321953124999 0.47144872187500003 0.5790802109375 0.4746809859375
0 0.5868722749999999 0.47214134999999996 0.587261878125 0.477451496875 0.58856055625 0.48114551250000004 0.5918072484375 0.48114551250000004 0.59414486875 0.47860587656250003 0.595183809375 0.47606624062499997 0.594404603125 0.47052521875000003 0.5942747359375 0.466138575 0.594015 0.46129017968749997 0.5914176453125 0.45736528749999994 0.5890800265625 0.4522860171875 0.5867424078125001 0.44974638125000005 0.5837554500000001 0.4522860171875 0.58297624375 0.45413302499999997 0.5823269046874999 0.45782704062499996 0.5821970375000001 0.46175193124999997 0.583365846875 0.46429156718750003 0.5849242593749999 0.46683120312500004 0.5868722749999999 0.47214134999999996
0 0.601157725 0.4696017140625 0.6036252125 0.4732957296875 0.6060927 0.47191047499999994 0.608040715625 0.46890908593749997 0.6079108468750001 0.46544594687499996 0.6067420375 0.4633680625 0.6036252125 0.46082842812499997 0.601547328125 0.458057915625 0.60193693125 0.45574915625 0.6005083875 0.45066988593749996 0.5985603703125 0.4455906140625 0.595963015625 0.44374360625 0.5933656625 0.44374360625 0.5923267203125 0.448361125 0.5929760578125001 0.4525168921875 0.5958331484375 0.4599049234375 0.5966123546875 0.4619828078125 0.5985603703125 0.4666003265625 0.601157725 0.4696017140625
0 0.573064496875 0.26934535312499996 0.5682259578125 0.2677325078125 0.5658066875000001 0.26988296875 0.56731873125 0.281710509375 0.571552453125 0.2779472015625 0.5739717234375 0.27525912343750003 0.573064496875 0.26934535312499996