0 0.183697809375 0.9188423625000001 0.1861438515625 0.9188423625000001 0.18956831093749998 0.9171029531249999 0.1907913328125 0.91231958125 0.1939711875 0.906231653125 0.197640253125 0.9075362078125 0.20082010781249998 0.9027528359374999 0.2013093171875 0.8975346109375 0.19641723125 0.8927512390624999 0.1920143546875 0.8927512390624999 0.1888344984375 0.8979694640625 0.1849208296875 0.8966649078125 0.1832086 0.9031876875 0.1819855796875 0.9101453203125001 0.183697809375 0.9188423625000001
0 0.18565464375000001 0.895795203125 0.1900575203125 0.8923163875 0.1925035625 0.8888375703125 0.19715104375 0.8853587546874999 0.193726584375 0.8797056781249999 0.18858989375 0.8797056781249999 0.1866330609375 0.8827496421875001 0.1832086 0.8888375703125 0.18100716249999999 0.8970997593750001 0.181251765625 0.90449224375 0.18345320468749998 0.902317984375 0.18565464375000001 0.895795203125
0 0.1854100390625 0.8692692281250001 0.188345290625 0.877096565625 0.193726584375 0.8801405296875 0.1981294609375 0.8749223046875001 0.201798525 0.8710086374999999 0.201798525 0.8631812999999999 0.20106471250000002 0.8566585203124999 0.19886327343750002 0.8518751468750001 0.1961726265625 0.8497008875000001 0.1922589578125 0.849266034375 0.190546728125 0.8475266265625001 0.188345290625 0.8423084015625 0.185165434375 0.8410038468750001 0.18247478749999999 0.8431781062500001 0.1795395359375 0.8449175140625 0.1783165140625 0.8527448515625 0.1802733484375 0.8575282234375001 0.1822301828125 0.86448585625 0.1854100390625 0.8692692281250001
0 0.200575503125 0.8501357390625 0.2035107546875 0.8540494078125 0.20571219375 0.8540494078125 0.2088920484375 0.8540494078125 0.2108488828125 0.8510054437499999 0.21109348749999998 0.8462220703125001 0.2088920484375 0.8414386984375 0.20571219375 0.8375250296875001 0.20326615 0.8288279890625001 0.20106471250000002 0.8236097656249999 0.1973956484375 0.8223052078125 0.193726584375 0.8205658 0.1922589578125 0.82187035625 0.1888344984375 0.82708858125 0.191280540625 0.838394734375 0.193726584375 0.8418735500000001 0.1966618359375 0.8444826624999999 0.200575503125 0.8501357390625
0 0.23726614375000002 0.5305194890625 0.2387337703125 0.5266058203124999 0.2421582296875 0.5226921531250001 0.243870459375 0.5183436328125001 0.2428920421875 0.5135602593749999 0.23848916562500003 0.5118208515625 0.23579851875000002 0.511386 0.233107871875 0.5157345203125 0.2299280171875 0.5196481890625 0.22968341250000002 0.5266058203124999 0.23384168437500003 0.530954340625 0.23726614375000002 0.5305194890625
0 0.25561146562500003 0.44398393281250004 0.258546715625 0.442244525 0.26050355000000003 0.43833085625 0.260992759375 0.432242928125 0.26172657187500004 0.4278944078125 0.2595251328125 0.42528529531250003 0.25438844375 0.4235458875 0.251697796875 0.428329259375 0.250474775 0.4318080765625 0.250963984375 0.437461153125 0.252431609375 0.442244525 0.25561146562500003 0.44398393281250004
0 0.25056563593750003 0.44453345625 0.250221925 0.43933959375000003 0.250221925 0.433534690625 0.25056563593750003 0.42864635 0.25228419375 0.4258966578125 0.25400275 0.423758009375 0.25245604843749997 0.42284144531249995 0.25005006875 0.4234524875 0.24884707968750003 0.42620217968749996 0.24815965625 0.4280353078125 0.24712852187499998 0.4323126046875 0.2464410984375 0.43658990312499996 0.2466129546875 0.44086720156250003 0.24815965625 0.4454500203125 0.25056563593750003 0.44453345625
0 0.2925347734375 0.1280304859375 0.295047 0.1262936390625 0.29644268125 0.12281994375000001 0.297000953125 0.1190981265625 0.2947678640625 0.11736127968750001 0.29379088750000004 0.11488006875000001 0.2907203875 0.1141357046875 0.2891851390625 0.11860188437500001 0.2891851390625 0.12281994375000001 0.29030168437500004 0.125797396875 0.2925347734375 0.1280304859375
0 0.297000953125 0.1193462484375 0.29923404374999996 0.1193462484375 0.29923404374999996 0.11686503749999999 0.2982570671875 0.11488006875000001 0.2988153390625 0.1121507359375 0.29588440781249997 0.110662009375 0.292813909375 0.1111582515625 0.2933721828125 0.11363946250000001 0.2947678640625 0.1163687953125 0.295744840625 0.1181056421875 0.297000953125 0.1193462484375
0 0.3117951734375 0.1243086703125 0.3138886953125 0.1230680640625 0.3154239453125 0.12108309531250001 0.31737789843750003 0.1183537640625 0.3186340109375 0.11612067343750002 0.31737789843750003 0.11239885624999998 0.3152843765625 0.1114063734375 0.313469990625 0.1101657671875 0.3124930140625 0.1121507359375 0.3119347421875 0.114383825 0.3099807875 0.1153763109375 0.3097016515625 0.120834975 0.3117951734375 0.1243086703125
0 0.3090038109375 0.12133121718749999 0.309422515625 0.1176094 0.309562084375 0.1141357046875 0.3112369015625 0.1121507359375 0.313469990625 0.110662009375 0.3130512875 0.10942140468749999 0.31067862968750004 0.10991764687500001 0.309562084375 0.1111582515625 0.3070498578125 0.11264697812499999 0.306631153125 0.11612067343750002 0.3069102890625 0.11984248906249999 0.30788726718750004 0.12182745937499999 0.3090038109375 0.12133121718749999
0 0.3221232140625 0.102722134375 0.3242167359375 0.104707103125 0.3257519859375 0.10445898125 0.32826421250000004 0.102722134375 0.3313347109375 0.102722134375 0.3327303921875 0.0992484390625 0.3327303921875 0.09676722812500001 0.3313347109375 0.0932935328125 0.32826421250000004 0.0923010484375 0.3270080984375 0.09254916875 0.325891553125 0.09527850156249999 0.324495871875 0.0942860171875 0.32198364687500003 0.09676722812500001 0.3215649421875 0.10048904375 0.3221232140625 0.102722134375
0 0.306631153125 0.09676722812500001 0.30788726718750004 0.09900031718749999 0.30928294843750004 0.10123340781250001 0.3103994921875 0.10123340781250001 0.3119347421875 0.10172965 0.3124930140625 0.1022258921875 0.31584265 0.1009852859375 0.31681962656249996 0.0992484390625 0.31695919375 0.09651910625 0.31695919375 0.094782259375 0.31695919375 0.0945341375 0.31444696875 0.0920529265625 0.3117951734375 0.0903160796875 0.30928294843750004 0.0898198375 0.3069102890625 0.09304541093749999 0.306631153125 0.09676722812500001
0 0.6140520656249999 0.0638219953125 0.610767109375 0.0638219953125 0.6079514328125 0.0675762296875 0.6095939109375 0.071747603125 0.6119403078125 0.07133046562499999 0.6159291828125 0.06674195625 0.6182755796875 0.061736309375 0.618744859375 0.05965062343750001 0.6140520656249999 0.0638219953125
0 0.6140520656249999 0.0788389359375 0.6161638218750001 0.079256071875 0.6189794984375 0.079256071875 0.620152696875 0.0771703859375 0.621560534375 0.0734161515625 0.6232030125 0.070079053125 0.625549409375 0.06924477968750001 0.6243762109375 0.0646562703125 0.6222644546875 0.061319171875 0.619448778125 0.060484896875000006 0.618744859375 0.0629877203125 0.6171023812499999 0.06632481875 0.6140520656249999 0.06674195625 0.6124095875 0.070913328125 0.612174946875 0.0750847 0.6140520656249999 0.0788389359375
0 0.624141571875 0.08259317031249999 0.625549409375 0.08426171875 0.6276611671875 0.08593026875000001 0.6297729234375 0.0821760328125 0.630242203125 0.0780046609375 0.6321193203125001 0.0738332890625 0.6321193203125001 0.0671590921875 0.630242203125 0.0679933671875 0.6276611671875 0.06882764218750001 0.6253147703125 0.070496190625 0.62109125625 0.0738332890625 0.6208566156249999 0.075918975 0.621560534375 0.081341759375 0.624141571875 0.08259317031249999
0 0.6316500421875 0.0492221921875 0.628599725 0.0496393296875 0.626253328125 0.05047360468749999 0.625549409375 0.0546449765625 0.6250801296875 0.05965062343750001 0.6253147703125 0.0629877203125 0.62648796875 0.062153446875 0.6288343656250001 0.056730662499999994 0.6316500421875 0.054227839062500005 0.6344657171875 0.05047360468749999 0.6347003578125 0.04797078125 0.6316500421875 0.0492221921875
0 0.6321193203125001 0.0675762296875 0.634934996875 0.0696619171875 0.6370467546875 0.06882764218750001 0.6393931515625 0.0638219953125 0.642208828125 0.060484896875000006 0.6443205843750001 0.056730662499999994 0.64127026875 0.051725015625 0.6391585109375 0.0492221921875 0.6370467546875 0.0492221921875 0.63587355625 0.050056467187499995 0.6347003578125 0.0546449765625 0.6323539609375 0.0558963875 0.63047684375 0.0588163484375 0.630946121875 0.0634048578125 0.6321193203125001 0.0675762296875
0 0.6314154015625 0.08467885625 0.6323539609375 0.0875988171875 0.6354042765625 0.0875988171875 0.63728139375 0.0880159546875 0.638219953125 0.0880159546875 0.6403317093750001 0.0871816796875 0.6417395484374999 0.0838445828125 0.6419741875 0.0784217984375 0.64127026875 0.0775875234375 0.63986243125 0.0775875234375 0.6368121140625 0.0771703859375 0.634231078125 0.0771703859375 0.6316500421875 0.0784217984375 0.630946121875 0.0821760328125 0.6314154015625 0.08467885625
0 0.6321193203125001 0.25612225624999996 0.6325886 0.25779080468750004 0.6339964390625 0.2611279015625 0.63587355625 0.26237931406250004 0.637516034375 0.263630725 0.63986243125 0.263630725 0.6415049078124999 0.260710765625 0.642208828125 0.2565393921875 0.642208828125 0.25403656875 0.6405663500000001 0.2519508828125 0.6379853125 0.25153374687499996 0.636577475 0.2481966484375 0.6344657171875 0.2481966484375 0.633527159375 0.2486137859375 0.6321193203125001 0.25612225624999996
0 0.6471362609375 0.2486137859375 0.6476055406250001 0.2532022953125 0.648309459375 0.25528798125 0.6499519375 0.25612225624999996 0.6518290546875 0.25612225624999996 0.6544100921875 0.25528798125 0.65534865 0.25528798125 0.6588682453125 0.25403656875 0.6607453624999999 0.2519508828125 0.6635610390625 0.249865196875 0.6644995984375 0.2452766875 0.6644995984375 0.23985390468749998 0.6619185609375 0.23776821718750002 0.66004144375 0.23651680625 0.6588682453125 0.23651680625 0.6574604078124999 0.23693394375 0.6572257671874999 0.23693394375 0.6551140109375 0.2390196296875 0.651359775 0.2390196296875 0.6485441 0.24152245312499998 0.6473709000000001 0.2436081390625 0.6471362609375 0.2486137859375
0 0.6321193203125001 0.2248369640625 0.6321193203125001 0.227756925 0.6321193203125001 0.230259746875 0.6321193203125001 0.232762571875 0.6325886 0.23609966875000002 0.63329251875 0.2386024921875 0.634231078125 0.23985390468749998 0.636577475 0.24277386406249998 0.637516034375 0.24569382499999998 0.6391585109375 0.2465281 0.6410356296875 0.24277386406249998 0.6417395484374999 0.23985390468749998 0.64267810625 0.23776821718750002 0.6424434671875 0.2335968453125 0.6419741875 0.22984261093749997 0.6408009890625 0.22692264999999998 0.63986243125 0.2244198265625 0.63728139375 0.22400268906249998 0.6351696375 0.22358555156249998 0.633527159375 0.221917003125 0.6323539609375 0.221917003125 0.6321193203125001 0.2248369640625
0 0.635638915625 0.2198313171875 0.636577475 0.22149986562500001 0.63986243125 0.2198313171875 0.6415049078124999 0.221082728125 0.642208828125 0.222751278125 0.6445552250000001 0.226088375 0.6464323421875 0.22984261093749997 0.6485441 0.230676884375 0.6494826578125 0.230676884375 0.65065585625 0.22859119843750003 0.6499519375 0.2256712375 0.649013378125 0.223168415625 0.648309459375 0.2198313171875 0.646901621875 0.213574259375 0.64666698125 0.213157121875 0.6431473859375 0.21232284687499997 0.6384545921875 0.2148256703125 0.6377506734375 0.21565994531250002 0.635638915625 0.21774563125 0.635638915625 0.2198313171875
0 0.6555832890625 0.23151115937500003 0.65464473125 0.23484825781250002 0.6565218484375 0.23484825781250002 0.6581643265625 0.23317970781250003 0.6605107234375 0.230676884375 0.6612146421875 0.2290083359375 0.66543815625 0.222751278125 0.665672796875 0.22066559218749998 0.665672796875 0.21816276874999999 0.6647342375 0.21774563125 0.6621532015625 0.21774563125 0.6609800031249999 0.21816276874999999 0.6581643265625 0.221082728125 0.6565218484375 0.22400268906249998 0.6560525687500001 0.2256712375 0.6560525687500001 0.2290083359375 0.6555832890625 0.23151115937500003
0 0.6633264 0.43632553593749995 0.6642649578125 0.43924549687500003 0.665672796875 0.44299973125000003 0.6666113546875 0.44550255625 0.6698963109375 0.44800537812499996 0.6706002296875 0.45217675156250003 0.6729466265624999 0.458016671875 0.67482374375 0.4571823984375 0.6769355015625 0.45217675156250003 0.6769355015625 0.449673928125 0.6769355015625 0.44675396718749993 0.6759969421875 0.44216545781249994 0.6755276625 0.44091404531249995 0.6745891046875 0.43924549687500003 0.6715387890625 0.43423985 0.6684884734375001 0.43173702656249996 0.6652035171875 0.430485615625 0.6637956796875 0.43173702656249996 0.6633264 0.43632553593749995
0 0.6872596484375 0.44383400625 0.6863210890625 0.44383400625 0.6823322140625 0.44425114375 0.6809243765625 0.44508541875 0.6795165375 0.4471711046875 0.6792818984375 0.450091065625 0.67881261875 0.4517596140625 0.6776394203125 0.454679575 0.6764662218749999 0.45593098593750003 0.6752930234375001 0.4605194953125 0.6755276625 0.4617709078125 0.6781087 0.4617709078125 0.6783433390625 0.46093663281249997 0.6795165375 0.4605194953125 0.680455096875 0.4596852203125 0.6823322140625 0.457599534375 0.6832707734375 0.45593098593750003 0.6856171703125 0.45217675156250003 0.6874942875000001 0.450091065625 0.6886674859374999 0.447588240625 0.6886674859374999 0.44466828124999996 0.6872596484375 0.44383400625
0 0.6832707734375 0.46886224062500004 0.68608645 0.4713650625 0.688432846875 0.4705307890625 0.688902125 0.468445103125 0.6919524421875 0.466776553125 0.693125640625 0.46260518125 0.695237396875 0.45843380937499995 0.695237396875 0.45593098593750003 0.695237396875 0.4505082015625 0.69359491875 0.4471711046875 0.691248521875 0.4471711046875 0.6886674859374999 0.450091065625 0.68679036875 0.4517596140625 0.6846786109375 0.4571823984375 0.683740053125 0.4596852203125 0.6825668546875 0.4651080046875 0.6832707734375 0.46886224062500004
0 0.6874942875000001 0.4834620421875 0.6886674859374999 0.48679914062499996 0.690544603125 0.49430761093750003 0.691248521875 0.495141884375 0.6954720375 0.4909705125 0.6964105953125 0.4893019640625 0.69758379375 0.4847134546875 0.69758379375 0.48304490468749994 0.6973491546874999 0.47762212187499997 0.6959413156250001 0.4730336125 0.694533478125 0.4709479265625 0.693829559375 0.47011365156249996 0.6903099640625 0.4705307890625 0.6881982062499999 0.472616475 0.6863210890625 0.47470216093750006 0.68608645 0.47929067031250006 0.6874942875000001 0.4834620421875
0 0.70157266875 0.43382271250000004 0.7029805062500001 0.429651340625 0.7018073078125 0.428817065625 0.7001648312500001 0.42839992968749996 0.6980530734375 0.428817065625 0.6971145140624999 0.4313198890625 0.6957066765625 0.4359083984375 0.695237396875 0.4371598109375 0.6926563609375 0.44091404531249995 0.690544603125 0.44341686874999997 0.690544603125 0.44508541875 0.69218708125 0.4463368296875 0.693829559375 0.4463368296875 0.6954720375 0.44550255625 0.6966452359375 0.44550255625 0.6971145140624999 0.44466828124999996 0.6989916328125 0.44091404531249995 0.7018073078125 0.4413311828125 0.7013380296875 0.43757694843749995 0.7013380296875 0.4359083984375 0.70157266875 0.43382271250000004
0 0.6987569921875 0.487216278125 0.6994609109375001 0.48971910156250004 0.7022765875 0.48971910156250004 0.7041537046874999 0.48971910156250004 0.705326903125 0.48846768906250004 0.7067347421875 0.48679914062499996 0.7062654625 0.48262776875 0.7057961828125 0.47929067031250006 0.7067347421875 0.47386788593749996 0.7067347421875 0.47219933750000004 0.7067347421875 0.46886224062500004 0.7043883453124999 0.468027965625 0.7013380296875 0.46427372968749997 0.7006341093749999 0.46343945625 0.698522353125 0.4659422796875 0.6982877125 0.4717822 0.6980530734375 0.47595357343750005 0.6980530734375 0.47929067031250006 0.6987569921875 0.487216278125
0 0.6996955515625001 0.45217675156250003 0.70157266875 0.45676526093750003 0.7022765875 0.458016671875 0.705326903125 0.45926808281250003 0.7067347421875 0.45926808281250003 0.7083772203125 0.45926808281250003 0.7090811390625 0.45593098593750003 0.710019696875 0.45384529999999995 0.7121314546875 0.45259388749999996 0.7142432125 0.4505082015625 0.7144778515625 0.448422515625 0.7144778515625 0.44550255625 0.714008571875 0.4425825953125 0.7104889765625 0.4359083984375 0.708611859375 0.43173702656249996 0.7060308234375 0.43382271250000004 0.705326903125 0.43465698750000004 0.7034497859375 0.43841122343750005 0.7011033890625 0.4425825953125 0.7003994703124999 0.44508541875 0.6994609109375001 0.44925679062499996 0.6996955515625001 0.45217675156250003
0 0.7088464984375 0.4713650625 0.7076733 0.4730336125 0.707204021875 0.4788735328125 0.707907940625 0.48387917968750005 0.707907940625 0.48763341562500007 0.7090811390625 0.4909705125 0.7118968156250001 0.4947247484375 0.71353929375 0.4947247484375 0.7144778515625 0.4947247484375 0.7161203296875 0.49305619843750004 0.7165896093749999 0.4909705125 0.7156510500000001 0.48554772812499997 0.7142432125 0.48137635625 0.7118968156250001 0.4751192984375 0.71095825625 0.4730336125 0.7088464984375 0.4713650625
0 0.7163549687499999 0.4893019640625 0.7184667265625 0.4918047875 0.7187013656250001 0.4918047875 0.7198745640624999 0.4893019640625 0.7205784828125 0.486382003125 0.7210477625 0.485964865625 0.7215170421875 0.48262776875 0.7198745640624999 0.4797078078125 0.7184667265625 0.4797078078125 0.7163549687499999 0.476370709375 0.7158856890624999 0.4755364359375 0.7142432125 0.4751192984375 0.714008571875 0.4801249453125 0.7142432125 0.4847134546875 0.7154164109375001 0.48763341562500007 0.7163549687499999 0.4893019640625
0 0.721282403125 0.7771266484375 0.723394159375 0.7812980203125 0.7248019984375 0.7858865296875 0.726444475 0.7904750390624999 0.7285562328124999 0.7938121375 0.7299640703125 0.7938121375 0.7309026296875001 0.7908921765625 0.730667990625 0.789640765625 0.73113726875 0.779629471875 0.730667990625 0.7750409625 0.7294947921875 0.7717038640625 0.7285562328124999 0.7687839046875 0.7271483953125 0.7654468062500001 0.72574055625 0.7616925718750001 0.7245673578125 0.7608582968750001 0.72175168125 0.760024021875 0.7187013656250001 0.7608582968750001 0.717293528125 0.7633611203124999 0.7168242484375 0.7683667671875 0.7184667265625 0.7725381390625 0.7198745640624999 0.7750409625 0.721282403125 0.7771266484375
0 0.7315215375 0.7682912015625 0.7336332953125 0.7703768875 0.7366836109375 0.774548259375 0.7392646468749999 0.7766339453125 0.741845684375 0.7762168078125 0.74278424375 0.7741311234375 0.741141765625 0.7687083390625 0.7404378453125 0.765788378125 0.7390300078125 0.7616170062500001 0.737152890625 0.756611359375 0.7359796921874999 0.7541085359374999 0.73222545625 0.751188575 0.7282365828125 0.751188575 0.7265941046875 0.7524399859375 0.7261248250000001 0.7528571234375 0.7240130671875 0.7578627703125 0.7261248250000001 0.76203414375 0.7280019421875 0.764954103125 0.72940978125 0.766622653125 0.7315215375 0.7682912015625
0 0.7574378937499999 0.8213352640625 0.7577150390625 0.8267549921875 0.7585464749999999 0.8297112078125 0.76104078125 0.8336528296875001 0.7624265078125 0.8361163421875 0.764089378125 0.8356236406249999 0.7660293953124999 0.8341455328125 0.7674151218749999 0.8331601265625 0.7693551375000001 0.8311893171875001 0.769909428125 0.8302039109375 0.769909428125 0.8282331015625 0.7690779921875001 0.8252768843749999 0.7685237015624999 0.82232066875 0.7688008468749999 0.8183790484375001 0.7712951546875 0.813944725 0.7704637187500001 0.81049580625 0.7685237015624999 0.8055687796875001 0.76686083125 0.8001490515624999 0.766306540625 0.798178240625 0.7654751046875 0.798178240625 0.76464366875 0.798178240625 0.7624265078125 0.7996563484375 0.76104078125 0.80113445625 0.7588236187499999 0.8055687796875001 0.7588236187499999 0.8095104015624999 0.757992184375 0.813944725 0.757992184375 0.816900940625 0.7574378937499999 0.8213352640625
0 0.7430263421875 0.82232066875 0.7441349234375 0.8277403984375 0.74579779375 0.8331601265625 0.747460665625 0.8371017484375001 0.7502321171874999 0.8390725578125 0.75383500625 0.8351309375 0.754666440625 0.832667425 0.754666440625 0.8297112078125 0.754666440625 0.8257695875 0.754666440625 0.8228133718749999 0.753280715625 0.8129593203125 0.753280715625 0.8119739140625001 0.753280715625 0.8070468890625 0.753280715625 0.8040906718749999 0.7513406984375 0.7991636468750001 0.7491235374999999 0.7971928359375 0.746906375 0.798178240625 0.742749196875 0.801627159375 0.7391463093749999 0.804583375 0.73997774375 0.8095104015624999 0.741086325 0.8124666171875001 0.7421949062500001 0.816900940625 0.7430263421875 0.82232066875
0 0.7571607484375 0.7967001328125 0.7585464749999999 0.79867094375 0.761595071875 0.80113445625 0.7649208140625 0.7967001328125 0.7676922671875 0.801627159375 0.7696322828125 0.798178240625 0.7718494453125 0.7912804046875 0.7696322828125 0.7848752703125 0.7688008468749999 0.7774847312500001 0.76575225 0.7735431109375 0.7621493625 0.7666452734375 0.7599322 0.761718246875 0.7554978765625 0.761718246875 0.7535578609375 0.7646744625 0.753280715625 0.766152571875 0.75161784375 0.7730504078125 0.7521721343750001 0.7794555421875 0.7530035703125 0.78438256875 0.7554978765625 0.78930959375 0.7571607484375 0.7967001328125
0 0.769909428125 0.7730504078125 0.7732351703125 0.77502121875 0.7754523328125 0.776499325 0.7771152046875 0.7794555421875 0.7790552203125001 0.7814263515625 0.7812723828125 0.7824117578124999 0.78210381875 0.7819190546875 0.7812723828125 0.7774847312500001 0.7796095109375 0.7745285156249999 0.778223784375 0.7700941921875 0.7765609140625 0.7671379765624999 0.77406660625 0.765167165625 0.7712951546875 0.762703653125 0.7707408640625 0.7602401390625 0.769909428125 0.755805815625 0.7674151218749999 0.753342303125 0.766306540625 0.753342303125 0.764089378125 0.7538350046875 0.7618722171875 0.7553131140625 0.76464366875 0.7612255453125 0.76686083125 0.76812338125 0.7685237015624999 0.771079596875 0.769909428125 0.7730504078125