0 0.21743910312499998 0.074779465625 0.21632631249999998 0.07082288125 0.21365561875 0.069240246875 0.21053980625 0.0712185390625 0.20831422812499997 0.07200985625 0.2065337640625 0.07398815 0.20764655312500002 0.0791317109375 0.211652596875 0.08071434375 0.21387817656250002 0.076757759375 0.21743910312499998 0.074779465625
0 0.2051984171875 0.0834839546875 0.205420975 0.07992302812499999 0.2051984171875 0.074779465625 0.205866090625 0.07200985625 0.2049758578125 0.068053271875 0.2020826046875 0.0696359046875 0.19829912031250002 0.07319683125000001 0.19718633125 0.077944734375 0.198521678125 0.0830882953125 0.20141493124999998 0.0862535640625 0.2051984171875 0.0834839546875
0 0.20964957499999998 0.09456239375 0.20809166875 0.0894188328125 0.2045307421875 0.092979759375 0.2049758578125 0.0969363453125 0.2065337640625 0.0989146375 0.20809166875 0.096145028125 0.20964957499999998 0.09456239375
0 0.1722002046875 0.24479935312499998 0.17356206875 0.24157123125000002 0.1776476625 0.2442613328125 0.17961480000000002 0.239688159375 0.17855557187499999 0.2348459734375 0.17507525156249998 0.23242488125 0.17159493125 0.23376993281249997 0.16947647500000002 0.23323191250000003 0.1684172484375 0.23619102500000003 0.16947647500000002 0.2431852921875 0.1722002046875 0.24479935312499998
0 0.1835490765625 0.25771184687500004 0.18597016875 0.2517936203125 0.18581885 0.24748945625 0.1823385296875 0.24641341562500002 0.18006875625000002 0.2477584671875 0.178706890625 0.2488345078125 0.1779503 0.2534076828125 0.17855557187499999 0.26040195 0.1812793015625 0.25851887812499996 0.1835490765625 0.25771184687500004
0 0.1805227109375 0.26255403125 0.1791608453125 0.2582498671875 0.17779898125 0.2587878890625 0.17552920624999999 0.259325909375 0.17598316249999998 0.2636300734375 0.176891071875 0.2682032484375 0.18006875625000002 0.266858196875 0.1805227109375 0.26255403125
0 0.1333526125 0.4595856140625 0.1356921328125 0.4637447609375 0.1402040640625 0.4625564328125 0.142209365625 0.4575060421875 0.1460528625 0.45334689531250005 0.148559490625 0.4482965046875 0.1480581640625 0.43968113124999997 0.143379125 0.43641323125 0.1393685203125 0.438195721875 0.138532978125 0.43938404999999997 0.1375303265625 0.444434440625 0.134021046875 0.444137359375 0.1323499625 0.4482965046875 0.1323499625 0.4551293875 0.1333526125 0.4595856140625
0 0.1164746515625 0.4699834796875 0.11948260468750001 0.4699834796875 0.122156340625 0.46582433281249996 0.12650116250000001 0.46107102343750006 0.1320157453125 0.45542646875 0.13134731093750002 0.44889066875 0.12800514062499999 0.44710817656249996 0.122824775 0.44562276875 0.11948260468750001 0.4512673234375 0.11630754218749999 0.45453522343749997 0.114803565625 0.4583972875 0.114803565625 0.46463600625 0.1164746515625 0.4699834796875
0 0.49860693125 0.4497356078125 0.500577709375 0.4522836859375 0.501831840625 0.4602464265625 0.5050567499999999 0.4682091671875 0.508639984375 0.4685276765625 0.5104316015625 0.46470556093750004 0.5106107625 0.4564243109375 0.50935663125 0.45100964687499995 0.5077441765625 0.4465505125 0.5064900437500001 0.43858777031249996 0.502369325 0.43795075156249996 0.500398546875 0.44177286718750003 0.49860693125 0.4497356078125
0 0.5150898046875 0.46247599375000004 0.5183147140625 0.46152046562500004 0.519389684375 0.4561058015625 0.5192105234375 0.4484615703125 0.520822978125 0.4449579640625 0.5240478875 0.439224790625 0.5253020203125 0.435721184375 0.52279375625 0.43094353906249994 0.5201063312499999 0.42998801093749994 0.5167022593749999 0.435084165625 0.5149106421874999 0.43986180937499997 0.5136565109375 0.4347656546875 0.5124023796875 0.43062502968749994 0.5102524390625 0.43126205000000006 0.50917746875 0.43603969375 0.50917746875 0.44304690625000004 0.50935663125 0.4529207046875 0.5115065703125 0.45929089687499997 0.5150898046875 0.46247599375000004
0 0.5116488828125 0.0586575828125 0.513777584375 0.0564950921875 0.5168185890625 0.0546029125 0.5197075421874999 0.0546029125 0.5200116421875001 0.0516294859375 0.5189472921875 0.04649356875 0.5172747390625 0.0437904546875 0.5124091328125 0.0437904546875 0.51012838125 0.043249831249999995 0.5099763312500001 0.0446013890625 0.51119273125 0.0475748140625 0.5098242796875 0.0475748140625 0.5093681296875 0.052170109374999996 0.5099763312500001 0.0564950921875 0.5116488828125 0.0586575828125
0 0.5070873765624999 0.084337171875 0.5092160796874999 0.084337171875 0.5098242796875 0.08190436875 0.5116488828125 0.07893094218749999 0.5105845312499999 0.073795025 0.508455828125 0.0708215984375 0.5073914765625 0.0683887953125 0.505718925 0.07217315625000001 0.5040463734375 0.07514658125 0.503134071875 0.0781200078125 0.5038943234375 0.08163405625 0.5070873765624999 0.084337171875
0 0.5045025234375 0.0705512875 0.5064791765625001 0.0667669265625 0.5095201796875 0.06244194374999999 0.51012838125 0.0589278953125 0.5095201796875 0.0524404203125 0.5090640296875 0.050277928125 0.5072394265625 0.049196682812499996 0.505110725 0.050277928125 0.502829971875 0.0508185515625 0.50085331875 0.0508185515625 0.4994848671875 0.051899796875 0.49735616406250005 0.060820074999999994 0.49644386406249996 0.06514505781249999 0.4967479640625 0.068118484375 0.497660265625 0.0662263046875 0.498420515625 0.06244194374999999 0.4997889671875 0.059198206249999996 0.5014615203125 0.0581169609375 0.503438171875 0.0564950921875 0.5020697203125 0.06136069843750001 0.5019176703125 0.066496615625 0.503286121875 0.070280975 0.5045025234375 0.0705512875
0 0.8642844203125 0.192232721875 0.8692428046874999 0.19494499999999998 0.869814925 0.1979963140625 0.87401048125 0.1979963140625 0.8759175515625 0.1932498265625 0.8768710875 0.1912156171875 0.874773309375 0.1861300953125 0.8724848250000001 0.18273974843750002 0.8707684609375 0.18036650468749998 0.8680985625 0.1783322953125 0.8658100765625001 0.17697615625000002 0.8633308859375 0.1793494 0.8619959359375 0.1830787828125 0.8629494718749999 0.186808165625 0.8642844203125 0.192232721875
0 0.8812573499999999 0.18952044375 0.880494521875 0.18545202656249998 0.8797316937499999 0.18036650468749998 0.8782060359375 0.17697615625000002 0.8757268437500001 0.17697615625000002 0.8732476531250001 0.1779932609375 0.8707684609375 0.179010365625 0.8722941171875 0.18104457499999999 0.8757268437500001 0.18206167812500001 0.8789688640625 0.1861300953125 0.8812573499999999 0.18952044375
0 0.9409486609375 0.4475259140625 0.9428557312500001 0.45125529531249997 0.9449535093750001 0.45464564375 0.9489583578125 0.4580359921875 0.9522003781249999 0.461765375 0.9571587609375 0.4563408171875 0.9584937109375 0.45125529531249997 0.9571587609375 0.44650880937500004 0.955251690625 0.44277942656249997 0.9522003781249999 0.44244039218750003 0.9470512875000001 0.4407452171875 0.9426650249999999 0.441084253125 0.9405672468749999 0.4434574953125 0.9409486609375 0.4475259140625
0 0.9546795703125 0.43294741718749996 0.95734946875 0.43294741718749996 0.9619264375000001 0.4326083828125 0.9645963375 0.4349816265625 0.9670755296875001 0.433964521875 0.9701268421875 0.430913209375 0.9710803765625 0.4271838265625 0.9710803765625 0.420742165625 0.9682197718750001 0.4170127828125 0.9645963375 0.415995678125 0.9613543171875 0.4143005046875 0.9583030046875001 0.4143005046875 0.9546795703125 0.41565664375000005 0.9518189640625 0.417690853125 0.9518189640625 0.423115409375 0.9523910843750001 0.4298961046875 0.9546795703125 0.43294741718749996
0 0.9708896703125 0.4200640953125 0.9710803765625 0.4244715484375 0.9710803765625 0.4278618953125 0.9733688624999999 0.4302351390625 0.9783272453125 0.43193031406250004 0.9821413874999999 0.433964521875 0.9861462359375001 0.430574175 0.9882440125 0.42650575625 0.9884347203124999 0.41972506093749995 0.98385775 0.41565664375000005 0.9787086593750001 0.4119272609375 0.9758480546875001 0.41091015625000005 0.9722246203125 0.40921498281249996 0.969936134375 0.410571121875 0.9670755296875001 0.41294436562500003 0.9665034078125 0.41565664375000005 0.9687918921875 0.41836892187499997 0.9708896703125 0.4200640953125
0 0.9733688624999999 0.40582463437499994 0.9747038109374999 0.41091015625000005 0.976420175 0.40989305312499996 0.9787086593750001 0.40785884375 0.9811878515625001 0.41226629531250003 0.9840484578125 0.413622434375 0.987290478125 0.41294436562500003 0.9874811843750001 0.40921498281249996 0.98366704375 0.4061636703125 0.98061573125 0.40480753125 0.9766108828125001 0.4034513921875 0.974131690625 0.40175621718750004 0.9712710843749999 0.400400078125 0.9689826 0.39870490468750003 0.9651684578124999 0.39870490468750003 0.9640242156250001 0.402095253125 0.9663126999999999 0.4037904265625 0.9703175484375001 0.4037904265625 0.9733688624999999 0.40582463437499994