0 0.3559170796875 0.033056151562500004 0.35638662656250003 0.031553598437500004 0.3557292609375 0.0292162953125 0.3544145265625 0.027546792187500002 0.3523485171875 0.0250425390625 0.35037641875 0.0250425390625 0.3500007796875 0.027045942187499998 0.35169115156249997 0.030384946875000002 0.352818065625 0.034224803124999995 0.35460234687500003 0.034725653125 0.355165803125 0.034224803124999995 0.3559170796875 0.033056151562500004
0 0.3497190515625 0.036729056249999996 0.3515033328125 0.0392333109375 0.3520667890625 0.039066359375 0.3525363375 0.03622820625 0.3523485171875 0.034725653125 0.3518789703125 0.0335570015625 0.351221603125 0.03205445 0.350470328125 0.030384946875000002 0.3498129609375 0.027546792187500002 0.348967775 0.029884095312499998 0.34906168437499996 0.0328892015625 0.3497190515625 0.036729056249999996
0 0.3543206171875 0.048582525 0.3560109890625 0.050252028125 0.35666835625000004 0.0479147234375 0.35751354218750003 0.043073165625 0.35544753125 0.038899409375 0.355165803125 0.0373968578125 0.35309979375 0.034892603125 0.3523485171875 0.0402350125 0.3517850609375 0.043407067187499995 0.3521606984375 0.046579121875000004 0.3543206171875 0.048582525
0 0.34962514218749996 0.055260534375 0.3475591328125 0.05475968437499999 0.34718349375 0.056095285937499996 0.34708958437500004 0.058766490625 0.3475591328125 0.060769893750000005 0.3500007796875 0.06310719687500001 0.3520667890625 0.06294024687500001 0.3539449796875 0.060769893750000005 0.3525363375 0.0579317390625 0.3515972421875 0.057096987499999995 0.34962514218749996 0.055260534375
0 0.32013755312500003 0.1616078484375 0.3198558234375 0.1612739484375 0.318353271875 0.16260955 0.3176959046875 0.16477990468749998 0.318541090625 0.1706231625 0.317883725 0.17396216874999998 0.3171324484375 0.176967271875 0.31666289999999997 0.180974078125 0.3158177140625 0.184980884375 0.3171324484375 0.1878190390625 0.317883725 0.1873181890625 0.3190106375 0.184313084375 0.31957409531250003 0.178970675 0.32164010468750004 0.1709570640625 0.32060710000000003 0.1654477046875 0.320325371875 0.1629434515625 0.32013755312500003 0.1616078484375
0 0.32464520937499997 0.18247663125 0.32633558125 0.18297748125 0.3284955 0.1816418796875 0.330373690625 0.178970675 0.332533609375 0.175965571875 0.333190975 0.17412911874999998 0.3334727046875 0.1709570640625 0.3333787953125 0.168452809375 0.33262751874999996 0.1656146546875 0.3308432375 0.1629434515625 0.3278381328125 0.1616078484375 0.326617309375 0.1627765015625 0.3251147578125 0.1677850078125 0.32314265781249996 0.1702892625 0.32220356250000004 0.17429606875 0.32276701874999997 0.1794715265625 0.32464520937499997 0.18247663125
0 0.3337544328125 0.2038462640625 0.335069165625 0.20751917031249997 0.33694735625 0.209188671875 0.34032809999999997 0.21052427499999998 0.342957565625 0.209188671875 0.34483575625 0.20668441875000002 0.3453992140625 0.2041801640625 0.3453053046875 0.1996725078125 0.3440844796875 0.19516485 0.342581928125 0.1938292484375 0.3395768234375 0.1936622984375 0.33704126562500003 0.1936622984375 0.3352569859375 0.1949979 0.3356326234375 0.19599960156250001 0.336665628125 0.196500453125 0.338825546875 0.19850385625 0.33694735625 0.196834353125 0.33497525625 0.197001303125 0.3340361609375 0.19883775625 0.3337544328125 0.2038462640625
0 0.29008650625 0.370629571875 0.29046214375 0.3743024765625 0.2913073296875 0.37714063124999997 0.292528153125 0.379144034375 0.29468807343750003 0.38348474062500004 0.29759926875 0.3844864421875 0.2985383625 0.3816482875 0.29872618125 0.37764148125 0.29797490625 0.374803328125 0.29675408281250004 0.370796521875 0.2928098828125 0.36512021250000004 0.29121342031249997 0.3652871625 0.29074387343749997 0.367457515625 0.29008650625 0.370629571875
0 0.3010739203125 0.371464321875 0.3010739203125 0.374803328125 0.3010739203125 0.37764148125 0.299853096875 0.3809804875 0.3005104625 0.38532119374999996 0.3027642921875 0.387825446875 0.3064267625 0.38949495 0.310464871875 0.387658496875 0.3130943390625 0.3841525421875 0.31403343437500003 0.3808135375 0.3137517046875 0.3784762328125 0.3123430625 0.37380162499999997 0.3110283296875 0.370796521875 0.3108405109375 0.3701287203125 0.309995325 0.370963471875 0.3069902203125 0.3724660234375 0.30464248125000004 0.3701287203125 0.30360947656250004 0.36962786875 0.3016373765625 0.3701287203125 0.3010739203125 0.371464321875
0 0.30191910625 0.3599447546875 0.3009800109375 0.3582752515625 0.300134825 0.3582752515625 0.2990079109375 0.3594439046875 0.2972236296875 0.3602786546875 0.29440634375 0.3617812078125 0.2958149875 0.36395156093750003 0.29769317812499996 0.3659549640625 0.2988200921875 0.3652871625 0.3033277484375 0.3659549640625 0.304548571875 0.3662888640625 0.3030460203125 0.362615959375 0.30191910625 0.3599447546875
0 0.316005534375 0.3662888640625 0.32041928125 0.36879311875 0.3217340140625 0.3682922671875 0.324081753125 0.3641185109375 0.32473911875 0.3617812078125 0.3259599421875 0.3601117046875 0.326617309375 0.3574405015625 0.3288711375 0.3556040484375 0.32858940937500003 0.3520980921875 0.3277442234375 0.347256534375 0.32473911875 0.3444183796875 0.32239138125 0.3434166796875 0.3197619140625 0.34458533125 0.3177898140625 0.346922634375 0.31647508125 0.3515972421875 0.31450298125 0.35460234687500003 0.3138456140625 0.36077950625 0.31412734375 0.3641185109375 0.316005534375 0.3662888640625
0 0.3176019953125 0.3442514296875 0.31685071875 0.3440844796875 0.31412734375 0.3435836296875 0.31290651875000003 0.3440844796875 0.3114978765625 0.34491923125 0.3107466 0.34608788281249997 0.3096196859375 0.3487590875 0.30764758593749997 0.3514302921875 0.3054876671875 0.354936246875 0.3033277484375 0.35510319687499997 0.3035155671875 0.35727355 0.304548571875 0.3584422015625 0.30614503437499996 0.3581083015625 0.308492771875 0.35460234687500003 0.3097135953125 0.3515972421875 0.31215524375000003 0.3492599375 0.314409071875 0.3492599375 0.3149725296875 0.3485921375 0.316005534375 0.3479243359375 0.31807154375 0.34608788281249997 0.3190106375 0.34475228125 0.3176019953125 0.3442514296875
0 0.3130004296875 0.3701287203125 0.3154420765625 0.3743024765625 0.3169446296875 0.37597197968749996 0.318635 0.37597197968749996 0.3198558234375 0.375805028125 0.32060710000000003 0.3724660234375 0.320888828125 0.3704626203125 0.3190106375 0.36879311875 0.31609944375 0.3664558140625 0.3146908 0.3649532625 0.31403343437500003 0.3637846109375 0.31253088125 0.3649532625 0.308117134375 0.3619481578125 0.3083988625 0.3657880140625 0.3089623203125 0.36946091875 0.310089234375 0.3701287203125 0.3130004296875 0.3701287203125
0 0.2682144734375 0.64078859375 0.26793667499999996 0.643998709375 0.268492271875 0.6479496218749999 0.2694645671875 0.6501720109375 0.27196475468750003 0.653875990625 0.27446494062500004 0.6556045140625 0.274603840625 0.65708610625 0.276826228125 0.6573330390625001 0.2800209109375 0.6573330390625001 0.2823821984375 0.656098378125 0.2844656875 0.6501720109375 0.2844656875 0.6449864375 0.2843267890625 0.641035525 0.28293779531249996 0.6395539328125001 0.280437609375 0.638072340625 0.27793742187500003 0.6363438171875 0.27529833593749997 0.6326398359375001 0.270992459375 0.6284419921875 0.2701590640625 0.6326398359375001 0.2689089703125 0.6363438171875 0.2682144734375 0.64078859375
0 0.28085430625 0.632145971875 0.282659996875 0.636096884375 0.28363229218749997 0.6388131375 0.28571578125 0.64078859375 0.28779927031249997 0.641035525 0.29127175156249996 0.640047796875 0.292105146875 0.6353560890625001 0.29141065 0.6306643796875 0.28877156406250004 0.62103403125 0.2872436734375 0.620046303125 0.2841878890625 0.6215278953125 0.28321559375 0.621774828125 0.2812710046875 0.6225156234375 0.27946531406249997 0.6235033515625 0.2777985234375 0.6244910796875 0.2765484296875 0.62498494375 0.27529833593749997 0.62498494375 0.27377044375000004 0.625725740625 0.272242553125 0.6259726718749999 0.2711313578125 0.6272073312499999 0.27279814999999996 0.6281950609375 0.2758539328125 0.6291827890625 0.276826228125 0.6291827890625 0.27849301875 0.629923584375 0.28085430625 0.632145971875
0 0.6271411687499999 0.046914025 0.6302402484375 0.0465801171875 0.6324002140625 0.04173845625 0.63315150625 0.038900240625 0.6311793640625 0.0362289796875 0.6287376640625 0.033390765625 0.626765521875 0.036062025 0.6256385843750001 0.0409036859375 0.6258264062500001 0.044743624999999995 0.6271411687499999 0.046914025
0 0.6351236484375 0.0285491046875 0.6362505859375001 0.031721226562499996 0.638598375 0.0348933484375 0.640664428125 0.03522725625 0.6422609234375 0.03522725625 0.6435756859375 0.034726395312500005 0.6444208890625001 0.033724671875 0.6450782703125 0.0325559953125 0.6459234734375 0.03055255 0.6453600046875 0.029049965625 0.64404524375 0.02621175 0.6436695968749999 0.0257108890625 0.64028878125 0.022037904687500002 0.6390679328125 0.020201412499999998 0.637095790625 0.020201412499999998 0.635217559375 0.022204859375 0.6351236484375 0.0285491046875
0 0.6458295625 0.0287160578125 0.6470504125 0.0288830109375 0.6465808546875 0.0245422125 0.6462052078125 0.024375257812500002 0.644326978125 0.02187095 0.6426365703125 0.020702275 0.641227896875 0.0190327359375 0.6395374890625 0.017864059374999998 0.637659259375 0.018531875 0.63794099375 0.019533596875 0.6386922859374999 0.019867504687500002 0.6405705171875 0.0227057203125 0.6426365703125 0.025543934375 0.6446087125 0.027547381250000003 0.6458295625 0.0287160578125
0 0.6449843578125 0.01719624375 0.6453600046875 0.0191996890625 0.6465808546875 0.022371812499999998 0.6477077921875 0.024375257812500002 0.6486469078125 0.024375257812500002 0.6493982 0.021703996875 0.6493982 0.019533596875 0.6492103765625 0.018698828125 0.6478017046875 0.0176971046875 0.646674765625 0.016528428125 0.6458295625 0.0153597515625 0.6433878625 0.0138571671875 0.6426365703125 0.013022398437499999 0.64150963125 0.014858890625000001 0.6399131359375 0.0161945203125 0.6397253125 0.018364920312499998 0.6404766046875 0.018364920312499998 0.64150963125 0.0181979671875 0.642542659375 0.017363198437499998 0.6437635078125 0.0161945203125 0.64404524375 0.015693659375 0.6449843578125 0.01719624375
0 0.6468625890624999 0.172630253125 0.64517218125 0.17546846875 0.6445147999999999 0.17914145312500002 0.64395133125 0.1839831140625 0.6444208890625001 0.18815695937500002 0.6474260578125001 0.18815695937500002 0.648552996875 0.18665437499999998 0.649773846875 0.1843170203125 0.6505251375000001 0.181645759375 0.6508068734375 0.17864059062499998 0.6494921109375 0.173131115625 0.6490225546875 0.1722963453125 0.648552996875 0.1722963453125 0.6468625890624999 0.172630253125
0 0.6603858484375 0.18748914375 0.65963455625 0.190327359375 0.659352821875 0.1961707421875 0.6600102031249999 0.2011793578125 0.662357990625 0.2028488953125 0.6641423093750001 0.1998437265625 0.6648936015625 0.196337696875 0.664799690625 0.1938333890625 0.6639544859375001 0.1883239125 0.6634849296875001 0.18815695937500002 0.66207625625 0.18665437499999998 0.6603858484375 0.18748914375
0 0.6712795859375 0.3484326296875 0.6694013546875001 0.351103890625 0.6679926828125 0.3551107828125 0.668368328125 0.3604533046875 0.6712795859375 0.3649610578125 0.6755056046875 0.36896795 0.67832295 0.3714722578125 0.6796377109375 0.372974840625 0.681703765625 0.372974840625 0.68489675625 0.3686340421875 0.685835871875 0.3657958265625 0.6860236953125 0.36345847343750004 0.6850845796875 0.3581159515625 0.6838637296875001 0.354943828125 0.682173321875 0.3529403828125 0.6796377109375 0.3514377984375 0.6782290390625 0.3469300453125 0.6756934265625001 0.345093553125 0.673815196875 0.3454274609375 0.6712795859375 0.3484326296875
0 0.6752238687500001 0.37414351875 0.6730639046875 0.3776495484375 0.67296999375 0.382992071875 0.6733456390625 0.38783373125 0.6744725781249999 0.395012746875 0.6766325421875 0.3968492375 0.6785107734375 0.3968492375 0.6800133578125 0.395847515625 0.6812342078125 0.392842346875 0.681703765625 0.3881676390625 0.681609853125 0.384160746875 0.6804829156250001 0.3819903484375 0.680389003125 0.38015385625000003 0.6796377109375 0.3746443796875 0.6782290390625 0.37330874999999997 0.6771960124999999 0.372640934375 0.6752238687500001 0.37414351875
0 0.681609853125 0.3880006859375 0.68132811875 0.3955136078125 0.6832063500000001 0.3978509609375 0.68489675625 0.39818486875 0.6860236953125 0.3970161921875 0.6868688984375 0.395012746875 0.6875262796875 0.39351016250000004 0.6886532171875 0.3916736703125 0.6880897484374999 0.3881676390625 0.6875262796875 0.3843277015625 0.68621151875 0.3813225328125 0.684615021875 0.3774825953125 0.6833002609375 0.37581305625 0.6829246140625 0.3781504109375 0.6811402953125001 0.38015385625000003 0.6815159421875 0.3819903484375 0.681609853125 0.38399379375 0.681609853125 0.3880006859375
0 0.68733845625 0.354109059375 0.689498421875 0.35577859843750004 0.6920340328125001 0.356279459375 0.6935366171874999 0.35644641250000003 0.694006175 0.355444690625 0.694006175 0.35177170625 0.694006175 0.34943435312500004 0.691940121875 0.347263953125 0.687714103125 0.34576136874999996 0.685835871875 0.3464291828125 0.68489675625 0.3465961375 0.6833941718750001 0.345928321875 0.68076465 0.344258784375 0.6786985953125 0.34325706093749997 0.6767264546875 0.3427562 0.6800133578125 0.34526050625 0.6827367921875 0.3501021671875 0.6842393765625 0.352773428125 0.68733845625 0.354109059375
0 0.6892166875 0.371305303125 0.69090709375 0.3714722578125 0.692409678125 0.370470534375 0.6932548828125 0.370470534375 0.6956965828125 0.373475703125 0.6980443703125 0.374310471875 0.7014251859375 0.37314179531249997 0.7032095046875 0.370470534375 0.703866884375 0.3671314578125 0.70414861875 0.36379238125 0.703303415625 0.35978548906249996 0.7007678046875 0.3572811828125 0.6958844046875 0.356947275 0.69334879375 0.3582829046875 0.6882775718749999 0.35911767499999997 0.686493253125 0.363124565625 0.68733845625 0.3688009953125 0.6892166875 0.371305303125