0 0.1508942796875 0.455007334375 0.15401009062499998 0.455007334375 0.1573484609375 0.45105074843750004 0.15712590312500002 0.443137578125 0.1573484609375 0.43680704062500003 0.154677765625 0.4316634796875 0.150671721875 0.42968518749999995 0.1480010265625 0.43205913906250004 0.1455528890625 0.4344330890625 0.14599800624999998 0.4375983578125 0.14844614375 0.4423462609375 0.14844614375 0.44748982187499997 0.14844614375 0.45105074843750004 0.1508942796875 0.455007334375
0 0.1355377828125 0.4344330890625 0.1404340578125 0.431267821875 0.1442175421875 0.42968518749999995 0.1446626578125 0.42612426093750005 0.14599800624999998 0.424937284375 0.14933637500000002 0.42533294374999997 0.1508942796875 0.4245416265625 0.1504491640625 0.419398065625 0.1471107953125 0.4126718703125 0.1417694046875 0.4138588453125 0.1397663828125 0.4154414796875 0.1379859203125 0.41781543125000004 0.134870109375 0.42058504062499996 0.1317542984375 0.4257286015625 0.1326445296875 0.43087216250000004 0.1355377828125 0.4344330890625
0 0.07954982499999999 0.7733890375 0.082150909375 0.777627840625 0.08648605000000001 0.776471803125 0.0899541625 0.7722330000000001 0.0899541625 0.7672235046875 0.0884368625 0.7641407375 0.0843184796875 0.7622140078124999 0.07954982499999999 0.7625993546875 0.07781576875 0.7660674671875001 0.07803252656250001 0.7706916171875 0.07954982499999999 0.7733890375
0 0.082150909375 0.760672625 0.085619021875 0.7614433171874999 0.0884368625 0.7645260828125 0.0897374046875 0.7614433171874999 0.08887037656249999 0.755277784375 0.08648605000000001 0.751424325 0.0825844234375 0.7491122515625 0.07781576875 0.7533510546875 0.0741309 0.7595165875000001 0.075214684375 0.7625993546875 0.078682796875 0.761057971875 0.082150909375 0.760672625
0 0.59427933125 0.9365550453125 0.5971227734375 0.9305809453125 0.5971227734375 0.922309115625 0.5963472890625 0.9149563765625001 0.596864278125 0.908063184375 0.5914358890625 0.9030081765625001 0.588333953125 0.9034677234374999 0.5854905109375 0.9062250000000001 0.5870414796875 0.9089822765625 0.5896264265625 0.9163350156250001 0.5922113734375001 0.9232282078124999 0.5940208375 0.9324191296875 0.59427933125 0.9365550453125
0 0.5805791124999999 0.9135777375 0.5779941656250001 0.9236877531250001 0.58083760625 0.9315000375 0.5880754593749999 0.9388527765625 0.5937623421875 0.9365550453125 0.5929868578125 0.9287427609375 0.589884921875 0.9227686609375001 0.5870414796875 0.9149563765625001 0.5852320171875001 0.9126586453125001 0.58393954375 0.9126586453125001 0.5805791124999999 0.9135777375
0 0.6123739609375 0.920011384375 0.6131494453124999 0.9112800078125 0.6105644984375 0.9043868156249999 0.6090135296875 0.89657453125 0.6061700875 0.8928981625000001 0.605136109375 0.8956554390625 0.6059115937499999 0.9002509 0.6072040671875001 0.9039272687500001 0.6059115937499999 0.9135777375 0.606945571875 0.9209304765624999 0.6087550359375 0.9246068453125 0.6123739609375 0.920011384375
0 0.603585140625 0.9071440921875 0.605136109375 0.9039272687500001 0.6046191203125 0.9020890843749999 0.6020341734375 0.90254863125 0.5994492250000001 0.9043868156249999 0.596864278125 0.9089822765625 0.596864278125 0.9140372843750001 0.5999662156250001 0.9167945609375 0.6020341734375 0.9154159234374999 0.60280965625 0.9126586453125001 0.603585140625 0.9071440921875
0 0.5661034078125 0.516070321875 0.56377695625 0.51790850625 0.5606750203125 0.5211253296875 0.5601580296875001 0.529397159375 0.5601580296875001 0.5376689906250001 0.5617089984375 0.543643090625 0.5650694296875 0.545481275 0.5671373875 0.5385880828125 0.5694638390625 0.5261803375 0.5694638390625 0.519746690625 0.5694638390625 0.516070321875 0.5661034078125 0.516070321875
0 0.5769601859375 0.5482385515625 0.5805791124999999 0.5441026375 0.5818715859375 0.5385880828125 0.582388575 0.5312353453124999 0.581613090625 0.525720790625 0.5795451328125 0.519746690625 0.576443196875 0.51652986875 0.57411674375 0.5156107765625 0.5710148078125 0.5151512296874999 0.56868835625 0.5174489609374999 0.5702393234375001 0.5229635140625 0.5720487875 0.5284780687499999 0.57049781875 0.5326139828125 0.571273303125 0.539966721875 0.5735997546875 0.5464003671875 0.5769601859375 0.5482385515625
0 0.5646922015625 0.40776795625 0.566539246875 0.401797709375 0.5670429875 0.398812584375 0.566539246875 0.3961259734375 0.5640205484374999 0.3940363859375 0.562341415625 0.3940363859375 0.560662284375 0.39224531093750004 0.558647325 0.3925438234375 0.5603264578125 0.3967229984375 0.5611660234375 0.4023947328125 0.5625093296875 0.40866349375000005 0.5646922015625 0.40776795625
0 0.5556248874999999 0.42388762656249995 0.5574719328125 0.4256787015625 0.55999063125 0.42239506562500007 0.5625093296875 0.4185144046875 0.5631809828125001 0.41582779218750004 0.562341415625 0.41164861875 0.559486890625 0.41135010625 0.5562965390625 0.41194713125 0.5546174078125 0.41373820468750006 0.5532741015625 0.4164248171875 0.553777840625 0.421201015625 0.5556248874999999 0.42388762656249995
0 0.5593189781250001 0.41045456874999997 0.560830196875 0.40806646874999997 0.5616697625 0.4041858078125 0.5611660234375 0.398812584375 0.56015854375 0.3964244859375 0.5591510640624999 0.3949319234375 0.55730401875 0.3949319234375 0.5546174078125 0.39821555937499997 0.5541136671875 0.40030514687499996 0.55444949375 0.4032902703125 0.555121146875 0.40717093125000003 0.556464453125 0.41075308125000004 0.5593189781250001 0.41045456874999997
0 0.9560279796875 0.3659560984375 0.9586950625 0.3633698359375 0.9577252140624999 0.36121461718750003 0.9553005921875 0.36121461718750003 0.9497239640625 0.36207670468750003 0.943904875 0.360783575 0.9426925640625001 0.3650940109375 0.9414802546875001 0.37199071093749997 0.9405104062499999 0.378456365625 0.943904875 0.375439059375 0.9485116546875 0.37026653593750003 0.9519061234375 0.3676802734375 0.9538458203125 0.36681818593750004 0.9560279796875 0.3659560984375
0 0.9586950625 0.3875082828125 0.9630593796875001 0.384059934375 0.9657264624999999 0.378456365625 0.9662113859374999 0.3706975796875 0.963301840625 0.3676802734375 0.960392296875 0.3659560984375 0.9584526 0.3663871421875 0.9562704406250001 0.3694044484375 0.9516636609375 0.373283840625 0.9504513515624999 0.379318453125 0.9523910484375 0.3866461953125 0.9586950625 0.3875082828125
0 0.9754249453125 0.3659560984375 0.9785769515625 0.3659560984375 0.9805166484375001 0.3646629671875 0.9766372562500001 0.3633698359375 0.9725154 0.3646629671875 0.9698483171875001 0.3646629671875 0.967666159375 0.3642319234375 0.9652415375000001 0.36380087968749997 0.9662113859374999 0.3694044484375 0.970575703125 0.3685423609375 0.9732427859375001 0.3689734046875 0.9754249453125 0.3659560984375
0 0.9785769515625 0.3875082828125 0.981728959375 0.385353065625 0.9841535796875001 0.383197846875 0.9836686562500001 0.37673219062499996 0.9826988078125 0.37199071093749997 0.9812440359375 0.3676802734375 0.9790618765625 0.3663871421875 0.9773646421875 0.3685423609375 0.9749400203125 0.3715596671875 0.9742126343749999 0.377594278125 0.9737277109375 0.384059934375 0.9749400203125 0.3866461953125 0.9785769515625 0.3875082828125