0 0.0835759796875 0.274015809375 0.0874813984375 0.269850028125 0.09008501249999999 0.26522138281249996 0.093469709375 0.25781555 0.0937300703125 0.25087258281249997 0.0903453734375 0.25040971875 0.085138146875 0.25040971875 0.0814930890625 0.256889821875 0.078889475 0.25920414375 0.0768065859375 0.26660997656249996 0.07784803125 0.274015809375 0.0835759796875 0.274015809375
0 0.10492560625 0.24531820781250002 0.1080499421875 0.24161529218750002 0.1101328328125 0.23652378125 0.1085706640625 0.23235800156250003 0.10440488437499999 0.23235800156250003 0.1012805484375 0.23235800156250003 0.098676934375 0.23606091718750002 0.09711476718749999 0.24115242656250002 0.0978958515625 0.24670680156250002 0.1018012703125 0.24670680156250002 0.10492560625 0.24531820781250002
0 0.10310307656249999 0.2605927375 0.1036238 0.2559640921875 0.1036238 0.2531869046875 0.1012805484375 0.2517983109375 0.0997183796875 0.2517983109375 0.0958129609375 0.25364977031249997 0.0952922375 0.258278415625 0.0984165734375 0.262444196875 0.1018012703125 0.263369925 0.10310307656249999 0.2605927375
0 0.01123379375 0.5131727203125 0.014164348437499998 0.5105677828124999 0.0158738390625 0.50709453125 0.018804393750000002 0.5066603749999999 0.021734948437500002 0.503187125 0.0239328640625 0.4988455625 0.0234444390625 0.49189906250000004 0.021002309375 0.4853867171875 0.0175833296875 0.48799165625 0.0148969875 0.48929412499999997 0.01147800625 0.49320153125 0.0087916640625 0.49537231249999997 0.0043958328125 0.5014505 0.005861109375 0.5105677828124999 0.01123379375 0.5131727203125
0 0.020758096875 0.4780060609375 0.0239328640625 0.47540112343749996 0.027107632812499997 0.47236202968749996 0.027107632812499997 0.4671521546875 0.0256423546875 0.4641130609375 0.022711799999999997 0.4636789046875 0.0197812453125 0.4636789046875 0.017339115625000002 0.4671521546875 0.0148969875 0.46932293593749996 0.0148969875 0.4736644984375 0.017339115625000002 0.4801768421875 0.020758096875 0.4780060609375
0 0.4154233890625 0.5475918921875 0.416908221875 0.552578 0.41888800000000004 0.5528713 0.4198778890625 0.552578 0.4220226484375 0.5481784937499999 0.4230125375 0.545832090625 0.4246623515625 0.5408459828125001 0.4236724625 0.5361531765625001 0.4215277046875 0.535273275 0.41938294374999996 0.5367397765625 0.4185580375 0.5402593828125 0.416908221875 0.5370330765625 0.41575335156250004 0.5387928796875 0.41492844375000004 0.541725884375 0.4154233890625 0.5475918921875
0 0.431591575 0.558737309375 0.434396259375 0.5581507078125 0.43670600156250006 0.554924403125 0.4390157421875 0.5514047984375 0.4396756671875 0.5505248968750001 0.438190834375 0.545832090625 0.4368709828125 0.5426057859375 0.43423127812500006 0.5428990859375 0.4309316484375 0.5452454890625 0.42895187031250004 0.5499382953125 0.429941759375 0.5543378015625 0.431591575 0.558737309375
0 0.429941759375 0.3396418921875 0.43060168593750003 0.334655784375 0.431591575 0.33025627812499997 0.42928183437499995 0.3252701703125 0.4261471859375 0.3243902703125 0.4243323890625 0.327909875 0.4236724625 0.33142947968750003 0.42482733437500003 0.33612228593750004 0.42680711093749996 0.3402284921875 0.429941759375 0.3396418921875
0 0.43588109375000006 0.327909875 0.43835581562500003 0.325563471875 0.4395106859375 0.321457265625 0.4395106859375 0.3182309609375 0.4372009453125 0.3141247546875 0.4347262234375 0.31529795625 0.43208651875 0.31793766093750003 0.4312616125 0.3226304671875 0.4322515 0.3243902703125 0.4345612421875 0.3267366734375 0.43588109375000006 0.327909875
0 0.42268257499999995 0.1193732734375 0.425322278125 0.12113307499999999 0.427137075 0.1155603671875 0.4261471859375 0.1070546546875 0.42680711093749996 0.1023618484375 0.425157296875 0.096789140625 0.42350748125 0.0941494359375 0.42185766718749995 0.0950293375 0.4200428703125 0.09913554375 0.420702796875 0.105294853125 0.42185766718749995 0.10734795625 0.421197740625 0.11321396406249999 0.42268257499999995 0.1193732734375
0 0.427797 0.11321396406249999 0.42911685312500003 0.1155603671875 0.4322515 0.11321396406249999 0.4312616125 0.10998765937499999 0.4286219078125 0.10353505 0.429611796875 0.09972214375 0.42746703750000004 0.0964958390625 0.425652240625 0.09062983125 0.42482733437500003 0.0894566296875 0.4236724625 0.092682934375 0.4238374453125 0.0979623421875 0.425652240625 0.10089534687499999 0.42581722343750006 0.10822785625 0.427797 0.11321396406249999
0 0.42103275937499995 0.1258258828125 0.42235261093750004 0.12406607968750001 0.42251759218749996 0.1217196765625 0.4221876296875 0.11644026874999999 0.421197740625 0.11086756093750001 0.4198778890625 0.11086756093750001 0.41806309218750004 0.1114541609375 0.4177331296875 0.11644026874999999 0.41806309218750004 0.119079971875 0.41938294374999996 0.1237727796875 0.42103275937499995 0.1258258828125
0 0.7312829468750001 0.05973535625 0.7343375953125 0.05611503125 0.7357630984375 0.052132674999999996 0.7341339515625 0.0470642203125 0.7331157359375 0.040185603125000004 0.731079303125 0.0405476359375 0.7294501578125 0.045616090625 0.728839228125 0.049960479687499997 0.728635584375 0.055028934375000005 0.7298574437500001 0.0582872265625 0.7312829468750001 0.05973535625
0 0.7329120921875 0.072768525 0.7357630984375 0.07204445937500001 0.7396323203125 0.06842413593749999 0.7390213906249999 0.0648038109375 0.7375958875 0.062631615625 0.736577671875 0.061907551562499996 0.73270845 0.061183485937500004 0.7302647296875 0.0673380375 0.7296538 0.0731305578125 0.731079303125 0.0760268171875 0.7329120921875 0.072768525
0 0.7436122453125 0.0454508640625 0.7415692609375 0.0449417140625 0.7391528187499999 0.047750571874999995 0.73913209375 0.0523294796875 0.740557596875 0.054501675000000006 0.74137216875 0.0523294796875 0.7432049593750001 0.0505193171875 0.74621626875 0.049072385937500004 0.7491106125 0.046536960937499997 0.74733155 0.0426285375 0.7451939265624999 0.0432894453125 0.7436122453125 0.0454508640625
0 0.744316115625 0.0622695828125 0.74533433125 0.06588990781250001 0.74777805 0.0677000703125 0.7502217703125 0.06516584375 0.7522582015625 0.062631615625 0.7508327 0.058649259375 0.749610840625 0.052856739062500005 0.7483889796875001 0.05177064218750001 0.746556190625 0.051408609375000004 0.7441124718750001 0.051408609375000004 0.74268696875 0.0546669015625 0.74268696875 0.056839096874999995 0.74268696875 0.061183485937500004 0.744316115625 0.0622695828125
0 0.8481486859375 0.480271821875 0.8507522703125 0.48335755156250004 0.8550915781249999 0.4824759140625 0.8585630249999999 0.478508546875 0.8596788468750001 0.4747615890625 0.857447203125 0.467267675 0.8543476968749999 0.465283990625 0.852611975 0.46418194375 0.8514961515625 0.4608758046875 0.849884409375 0.4602145765625 0.8475287859374999 0.46330030781250003 0.8462889828125 0.46550440000000004 0.8455451015625 0.47013299531249997 0.8459170421875 0.4747615890625 0.8481486859375 0.480271821875
0 0.8392221109375001 0.44853288593749996 0.83897415 0.45227984374999997 0.8403379328125 0.457790075 0.841701715625 0.4608758046875 0.8434374375000001 0.45889212187500006 0.8466609234375 0.4610962140625 0.8486446078125001 0.46153703281249997 0.8496364484375001 0.45933294062499996 0.8512481921875 0.45911253125 0.8519920734375 0.4540431171875 0.853231875 0.4483124765625 0.8512481921875 0.443463471875 0.849884409375 0.4403777421875 0.84802470625 0.44103897031250006 0.8455451015625 0.4472104296875 0.8464129625 0.443463471875 0.8448012203124999 0.443463471875 0.8415777343749999 0.44544715625000003 0.8392221109375001 0.44853288593749996
0 0.8584390453124999 0.466606446875 0.8600507875 0.472116678125 0.8617865109375 0.47740650156250003 0.8631502937500001 0.48005141250000005 0.8660018375 0.4765248640625 0.86525795625 0.4683697203125 0.86525795625 0.46307989843749997 0.8651339765625 0.4602145765625 0.8636462140625 0.4564676203125 0.8612905890624999 0.45999416875000004 0.8586870046874999 0.459773759375 0.855959440625 0.457569665625 0.8542237171875 0.4553655734375 0.8519920734375 0.45514516406250005 0.8522400343750001 0.4586717125 0.853231875 0.4619778515625 0.8557114796875 0.46330030781250003 0.8584390453124999 0.466606446875
0 0.8553395390625 0.45558598281249996 0.8573232234375 0.4564676203125 0.8601747671875 0.4564676203125 0.8619104906249999 0.4560268015625 0.8631502937500001 0.45294107187500005 0.8640181546875001 0.45095738750000003 0.8627783515624999 0.44853288593749996 0.8583150640625 0.4465492015625 0.8560834203125 0.4469900203125 0.8549675984375 0.4494145234375 0.8543476968749999 0.451177796875 0.8543476968749999 0.4538227078125 0.8553395390625 0.45558598281249996
0 0.8482726671874999 0.4322225984375 0.8495124687500001 0.436189965625 0.8505043109375 0.4392756953125 0.8523640140625 0.4390552859375 0.8537277968750001 0.43883487656250003 0.85484361875 0.43883487656250003 0.8558354593749999 0.43839405937500003 0.8564553609375001 0.43663078437499997 0.8590589453125 0.43861446875 0.86079466875 0.43861446875 0.8631502937500001 0.43861446875 0.8666217390625001 0.43663078437499997 0.867117659375 0.43442669218749996 0.8673656203125001 0.4317817796875 0.8667457187500001 0.428916459375 0.8638941750000001 0.42649195781250004 0.86228243125 0.423847046875 0.8596788468750001 0.423847046875 0.8570752625000001 0.42428786562500004 0.8549675984375 0.423406228125 0.852611975 0.4247286828125 0.8503803296875001 0.4249490921875 0.8488925671875001 0.42825523125 0.8482726671874999 0.4322225984375
0 0.847280825 0.41458985625 0.8466609234375 0.41657354062499996 0.8469088843750001 0.41899804218750003 0.8487685875000001 0.41899804218750003 0.8510002312499999 0.41899804218750003 0.85335585625 0.4178959953125 0.8555875000000001 0.41877763281249997 0.8570752625000001 0.42032049843749997 0.858191084375 0.42076131562499997 0.8598028265625001 0.42032049843749997 0.8610426296875 0.41987967968750006 0.8601747671875 0.41679395 0.8591829265625 0.41547149375 0.8579431234375001 0.4130469921875 0.856579340625 0.4112837171875 0.8557114796875 0.4115041265625 0.8534798359375 0.4112837171875 0.8517441124999999 0.4126061734375 0.8505043109375 0.413487809375 0.8481486859375 0.413487809375 0.847280825 0.41458985625
0 0.927148796875 0.7746811484375 0.9296531546875 0.7784973125 0.933051925 0.7784973125 0.9350196343749999 0.775953203125 0.9343041031249999 0.76609478125 0.9328730421874999 0.76068855 0.9300109203125 0.754328278125 0.9276854453125001 0.751148140625 0.924286675 0.7486040328125 0.9226767312499999 0.7495580734375 0.9210667875 0.7540102640625 0.921424553125 0.75878046875 0.9230344968749999 0.7667308078125 0.9251810890625001 0.76959293125 0.927148796875 0.7746811484375
0 0.9430693531250001 0.8055284687500001 0.9432482359375 0.8112527140625 0.9452159453125001 0.8163409312500001 0.9491513640625 0.8217471625 0.9523712515625 0.82365524375 0.95541225625 0.82365524375 0.958811028125 0.82365524375 0.9611365015625 0.8204751078125 0.962030915625 0.8160229171875001 0.96095761875 0.808390590625 0.9568433187500001 0.799486209375 0.95451784375 0.7966240875 0.9523712515625 0.788673746875 0.9496880125 0.782313475 0.9462892421875001 0.7784973125 0.9441426500000001 0.778815325 0.9427115890625 0.7816774484375 0.94253270625 0.786765665625 0.942174940625 0.794079978125 0.9418171750000001 0.8007582640625 0.9430693531250001 0.8055284687500001
0 0.9393128187500001 0.7749991625 0.9416382921875 0.779451353125 0.9441426500000001 0.779451353125 0.9471836546875 0.778815325 0.9495091296875 0.778815325 0.9523712515625 0.775953203125 0.9543389609374999 0.7711829984375 0.9529078999999999 0.7657767671875 0.9511190734375001 0.7613245765625 0.9487935984375 0.7575084140625 0.9466470062499999 0.7575084140625 0.9448581796875001 0.754328278125 0.9430693531250001 0.7508301281249999 0.9414594093750001 0.7457419109375001 0.9391339359374999 0.7457419109375001 0.93698734375 0.7479680046875 0.9348407515625 0.7505121140625 0.93376745625 0.7556003312499999 0.9343041031249999 0.7619606046875 0.9362718125 0.7702289578125 0.9393128187500001 0.7749991625
0 0.96650298125 0.797578128125 0.96882845625 0.804574428125 0.972406109375 0.808390590625 0.9775937062500001 0.808390590625 0.9809924765625 0.8061644953125 0.9822446546875 0.8017123046875 0.9822446546875 0.794079978125 0.9800980625 0.78771970625 0.9768781750000001 0.7854936109375 0.9741949359375001 0.783267515625 0.9734794046875 0.7772252578125001 0.9704383999999999 0.774045121875 0.967576278125 0.76991094375 0.9650719203125 0.7702289578125 0.962030915625 0.7721370390625 0.9602420890625 0.778815325 0.9607787359375 0.784857584375 0.9634619765625001 0.7924899109375 0.96650298125 0.797578128125
0 0.955233375 0.7600525234375 0.9559489046874999 0.7648227265624999 0.9573799656249999 0.7711829984375 0.96095761875 0.7756351890625 0.963998625 0.7711829984375 0.9679340421875 0.7702289578125 0.9695439875 0.7686388890625 0.9699017515625 0.7638686859375 0.9695439875 0.75878046875 0.9677551609374999 0.754328278125 0.966145215625 0.751148140625 0.963640859375 0.7495580734375 0.9622097984375 0.7451058828125 0.96095761875 0.7409717062500001 0.958095496875 0.7365195156250001 0.95541225625 0.735565475 0.9525501343749999 0.7358834890625 0.9511190734375001 0.73747355625 0.948614715625 0.740017665625 0.9478991859375 0.7451058828125 0.9478991859375 0.749240059375 0.9520134859375 0.756236359375 0.955233375 0.7600525234375
0 0.005765742187500001 0.47433718125 0.009145659375 0.47150953749999996 0.0117303015625 0.470095715625 0.0123267578125 0.4644404296875 0.0109350265625 0.460905875 0.007157471875 0.4601989640625 0.0011929125000000001 0.46302660781249994 0.00019881875 0.47150953749999996 0.0027834609375 0.47327681562499996 0.005765742187500001 0.47433718125