0 0.495182425 0.032093040625 0.49735327656250006 0.0333117640625 0.4990671046875 0.034936728125 0.500895190625 0.0318899203125 0.50203774375 0.029655595312499998 0.50203774375 0.02803063125 0.50123795625 0.025999425 0.500780934375 0.025593184375 0.4981530625 0.0235619796875 0.49529668125 0.023358859375 0.49369710624999996 0.0268119078125 0.49381136249999996 0.03087431875 0.495182425 0.032093040625
0 0.4769015796875 0.14238748125 0.478958175 0.1431999625 0.480786259375 0.14137187812500002 0.48261434375 0.138528190625 0.4850137046875 0.1354813828125 0.48581349218750003 0.134059540625 0.48581349218750003 0.1314189734375 0.48524221562500003 0.1289815265625 0.483299875 0.12654408125 0.4820430671875 0.1263409609375 0.47930094062500006 0.12938776875 0.47701583437500006 0.1336532984375 0.47564477031249996 0.135887625 0.4754162609375 0.139137553125 0.4769015796875 0.14238748125
0 0.4820430671875 0.1239035140625 0.4798722171875 0.1247159953125 0.4781583875 0.1253253578125 0.476216046875 0.12654408125 0.47370243125 0.129184646875 0.47164583593750004 0.1342626609375 0.4727883890625 0.1354813828125 0.47347392031249996 0.1346689015625 0.47701583437500006 0.13020025 0.48010072656249997 0.12755968281250002 0.482957109375 0.125528478125 0.48307136406250006 0.1251222375 0.4820430671875 0.1239035140625
0 0.48341413125 0.21063597500000003 0.48638476875 0.2112453359375 0.4878700875 0.209620371875 0.488212853125 0.20758916562500002 0.48844136406249994 0.20413611718750002 0.48672753437500005 0.2019017921875 0.48444242812500005 0.20068306875 0.48307136406250006 0.20352675625 0.48158604531250004 0.20576108125 0.4817003015625 0.20880788906249997 0.48341413125 0.21063597500000003
0 0.48044349375 0.229729303125 0.48181455624999997 0.23176050781250002 0.48387115156249993 0.23257298906249999 0.48535647031250007 0.23297923125 0.48707029999999996 0.23176050781250002 0.48855561875 0.23033866406249998 0.48924114999999996 0.228307459375 0.48924114999999996 0.22383880781249998 0.4887841296875 0.22058887968750002 0.488098596875 0.21957327656249997 0.48615625781249994 0.21957327656249997 0.48604200156250005 0.22322944531250002 0.48524221562500003 0.22322944531250002 0.4827285984375 0.22383880781249998 0.48044349375 0.229729303125
0 0.478958175 0.2327761109375 0.4797579609375 0.23257298906249999 0.480786259375 0.230948025 0.481471790625 0.2270887359375 0.48215732187500004 0.22505753125 0.48227157812500004 0.22322944531250002 0.4820430671875 0.22140136093749999 0.4812432796875 0.21957327656249997 0.47872966406249995 0.21916703593750003 0.47792987656249997 0.22343256718750001 0.4771300890625 0.22911994062500002 0.4775871109375 0.2327761109375 0.478958175 0.2327761109375
0 0.46878945312500003 0.3763823140625 0.4698177515625 0.37475735 0.46936072968750003 0.3713043015625 0.4683324328125 0.369273096875 0.465933071875 0.36683564999999996 0.4634194546875 0.3639919625 0.46124860468750006 0.3641950828125 0.45839222187499995 0.36663252968750004 0.45816371250000004 0.3704918203125 0.46022030625 0.370694940625 0.46319094375000003 0.3713043015625 0.466618603125 0.372929265625 0.4676469 0.37536671093749996 0.46878945312500003 0.3763823140625
0 0.456221371875 0.37475735 0.45587860625000004 0.376585434375 0.457021159375 0.381663446875 0.4609058390625 0.38227280937499997 0.46353371093750007 0.38410089375 0.4652475390625 0.38349153281250004 0.46650434843750005 0.3820696890625 0.46730413437499996 0.37963224218749997 0.4675326453125 0.3778041578125 0.467075625 0.375772953125 0.465933071875 0.37313238593750003 0.46513328437499996 0.3717105421875 0.4627339234375 0.372929265625 0.46067732812499995 0.3713043015625 0.45907775468749995 0.3717105421875 0.457363925 0.37333550625 0.456221371875 0.37475735
0 0.45999179687499997 0.5922994218750001 0.4622769015625 0.594533746875 0.46581881562499994 0.5957524703125 0.4682181765625 0.597377434375 0.47038902812499994 0.5963618312500001 0.4719886015625 0.5943306265625 0.47153158125 0.5884401312499999 0.4706175375 0.5868151687500001 0.46936072968750003 0.5860026859375 0.4662758375 0.5845808421875 0.46399073125 0.5831589984375001 0.45987754062499997 0.585799565625 0.45816371250000004 0.5892526140625 0.45999179687499997 0.5922994218750001
0 0.47415945156249995 0.5847839625 0.47484498437499995 0.5821433953125 0.47415945156249995 0.5813309140625 0.47210285625 0.58112779375 0.4708460484375 0.5803153109375 0.46936072968750003 0.5797059499999999 0.46730413437499996 0.5788934671875 0.463647965625 0.5788934671875 0.4609058390625 0.5797059499999999 0.46056307343749997 0.5821433953125 0.4623911578125 0.5835652390625 0.46421924218750005 0.5827527578125 0.46581881562499994 0.5835652390625 0.4682181765625 0.585393325 0.47164583593750004 0.5870182890625 0.4727883890625 0.5864089265625 0.47415945156249995 0.5847839625
0 0.587509346875 0.0456767140625 0.5850729265625 0.049220596875 0.5831902390625 0.05197695 0.58341173125 0.0545364203125 0.5841869562500001 0.0576865390625 0.5858481515625 0.05748965625 0.588063078125 0.0545364203125 0.589170540625 0.048236184375000005 0.59138546875 0.0458735953125 0.59326815625 0.043904771875 0.5916069609375 0.0431172421875 0.58950278125 0.0437078890625 0.587509346875 0.0456767140625
0 0.5900565125 0.05748965625 0.5908317359375 0.05945848124999999 0.5923821859375 0.05926159843749999 0.59326815625 0.058277185937499996 0.5947078578125 0.0549301859375 0.595040096875 0.053552009375 0.5981409953125 0.0515831859375 0.600909653125 0.0505987734375 0.6025708484375001 0.04981124375 0.6025708484375001 0.0478424203125 0.60157413125 0.044692301562499995 0.6007989078125 0.042723478125 0.5992484578124999 0.04016400625 0.5982517421875 0.039967125 0.5945971125 0.043314124999999995 0.5922714390625 0.044889184375 0.5892812875 0.0494174796875 0.5892812875 0.0527644796875 0.5900565125 0.05748965625
0 0.5888383015625 0.08662824999999999 0.5903887515624999 0.0864313671875 0.5923821859375 0.08525007343749999 0.5934896484375 0.08328125 0.59437561875 0.080721778125 0.5923821859375 0.07540595312500001 0.5908317359375 0.07402777656250001 0.5888383015625 0.073240246875 0.589170540625 0.076390365625 0.5887275562500001 0.0793436015625 0.588063078125 0.08387189687499999 0.5888383015625 0.08662824999999999
0 0.582968746875 0.0771778953125 0.582968746875 0.0799342484375 0.5838547171874999 0.081312425 0.584076209375 0.0819030734375 0.5844084484375001 0.0826906015625 0.5857374046875 0.0840687796875 0.5870663609375 0.0826906015625 0.5883953171875 0.0787529546875 0.588616809375 0.0744215421875 0.5860696437499999 0.0736340125 0.58341173125 0.07540595312500001 0.582968746875 0.0771778953125
0 0.6129810046874999 0.254568925 0.61143055625 0.2531907484375 0.609990853125 0.252796984375 0.60877264375 0.2531907484375 0.6066684640625 0.254962690625 0.6044535359375 0.2563408671875 0.6025708484375001 0.25693151406250003 0.599802190625 0.25771904375 0.6005774140625 0.2594909859375 0.6045642828125 0.25890033749999997 0.6091048828125001 0.25890033749999997 0.612870259375 0.2596878671875 0.6141992140625 0.25988475 0.6137562296875 0.2563408671875 0.6129810046874999 0.254568925
0 0.5960368140625001 0.2659881046875 0.59592606875 0.271107046875 0.5982517421875 0.2762259875 0.6010204 0.276816634375 0.6058932390625 0.276816634375 0.6091048828125001 0.277604165625 0.6117627953125 0.277604165625 0.61331324375 0.27465092812499997 0.6132024984375 0.2681538109375 0.61253801875 0.2650036921875 0.6105445859375 0.263625515625 0.60766518125 0.2618535734375 0.6017956250000001 0.25988475 0.59969144375 0.2606722796875 0.5975872640625 0.263625515625 0.5960368140625001 0.2659881046875
0 0.623058921875 0.437866428125 0.6260490734374999 0.43432254375 0.62693504375 0.4327474859375 0.6287069859375001 0.43176307343750003 0.629482209375 0.4311724265625 0.6301466875 0.4274316609375 0.6299251953125 0.42231271875000004 0.628928478125 0.419556365625 0.6282639999999999 0.418571953125 0.6246093703125 0.4191626015625 0.6181860828125 0.4252659546875 0.6173001124999999 0.4301880140625 0.6194042921875 0.436882015625 0.623058921875 0.437866428125
0 0.6210654875 0.41758754218750005 0.619293546875 0.4191626015625 0.6182968296875 0.4201470125 0.6169678734375 0.42034389531249994 0.615417425 0.42191895468749996 0.6155281703125 0.4252659546875 0.6161926484375 0.42664413124999995 0.617189365625 0.4262503671875 0.6200687703125001 0.4236908953125 0.6221729515625001 0.421131425 0.6256060875 0.41817818906250004 0.6235019078125 0.41699689375000004 0.6218407125 0.41719377656249995 0.6210654875 0.41758754218750005
0 0.6353517656250001 0.5640680375 0.6363484828125 0.5599335078125 0.6354625125 0.5554052125 0.633579825 0.552648859375 0.6324723609375 0.552648859375 0.6299251953125 0.552845740625 0.6278210140625 0.552845740625 0.6263813125000001 0.55225509375 0.6238341468749999 0.548514328125 0.62128698125 0.5461517406249999 0.61862906875 0.5459548578125 0.617410859375 0.548317446875 0.61674638125 0.5502862703125 0.6191828 0.552845740625 0.6246093703125 0.5599335078125 0.6268242984375 0.5622960953125 0.6331368390625001 0.5656430953125 0.6353517656250001 0.5640680375
0 0.6134239906250001 0.5573740359375 0.6135347375 0.5638711546875 0.6143099609375 0.568005684375 0.61597115625 0.5703682734375 0.61674638125 0.5713526859375 0.6181860828125 0.5752903328125 0.62051175625 0.5796217453125 0.6222836984375 0.580803040625 0.62505235625 0.5813936875 0.6271565375 0.5813936875 0.6291499703125 0.5782435687499999 0.6298144484375 0.57509345 0.6299251953125 0.57154956875 0.629039225 0.5674150375 0.6280425078125 0.5648555671875 0.6263813125000001 0.5622960953125 0.6233911609375 0.5591459765625 0.61973653125 0.5536332703125 0.61674638125 0.551664446875 0.6148636921875 0.551664446875 0.6134239906250001 0.5573740359375
0 0.6347980343749999 0.6247078125 0.6349087812499999 0.6288423421875 0.635573259375 0.6323862250000001 0.6373452000000001 0.6347488140624999 0.6394493812500001 0.6353394609375 0.64210729375 0.6341581671875 0.6441007265625001 0.6272672828125 0.6457619218749999 0.62254210625 0.64664789375 0.617816928125 0.647090878125 0.6148636921875 0.647201625 0.6115166921874999 0.6463156546875 0.608366575 0.6443222203125 0.6069883968750001 0.642661025 0.6069883968750001 0.6403353515625 0.6091541031250001 0.6391171421874999 0.615454340625 0.6383419171875 0.6186044578125001 0.6362377375 0.62057328125 0.6347980343749999 0.6247078125
0 0.6311434046875 0.6152574578125 0.6293714640625 0.6188013406249999 0.629482209375 0.6217545765625 0.6308111656250001 0.6239202828125 0.634022809375 0.6251015765625 0.6349087812499999 0.62254210625 0.638009678125 0.6193919875 0.6395601265625 0.615060575 0.639892365625 0.6097447500000001 0.638120425 0.6099416328125 0.6363484828125 0.61289486875 0.6311434046875 0.6152574578125
0 0.6508317578125 0.726028465625 0.6522517546875 0.731750525 0.6548077484375 0.7325920046875 0.6562277453124999 0.7312456375 0.65707974375 0.7288894953125 0.6576477421875 0.726028465625 0.65887840625 0.719633221875 0.660771734375 0.7123964984375 0.660771734375 0.707179325 0.66039306875 0.702971928125 0.6590677390625 0.7001108984375 0.6569850765624999 0.6977547562499999 0.6557544125 0.697586459375 0.65452375 0.6980913484375 0.6521570890625 0.702971928125 0.6521570890625 0.7112184265625 0.65196775625 0.7139111609375 0.6508317578125 0.7174453749999999 0.6508317578125 0.726028465625
0 0.6475184328125 0.6989328265625 0.6459091031249999 0.700447490625 0.644015775 0.7031402250000001 0.643353109375 0.705832959375 0.6442051078125 0.71306968125 0.644299775 0.7145843453125 0.6431637765625 0.7179502624999999 0.6424064453125 0.721147884375 0.6431637765625 0.7236723234375 0.644299775 0.7243455062499999 0.646193103125 0.725018690625 0.6470451015625 0.7245138015625 0.6494117625 0.718623446875 0.650263759375 0.7140794578125 0.651210425 0.708862284375 0.6522517546875 0.701457265625 0.6508317578125 0.7001108984375 0.649506428125 0.6987645312499999 0.6475184328125 0.6989328265625
0 0.6460037703125 0.76170719375 0.64808643125 0.7674292546875 0.6499797609375 0.7701219890625 0.6518730890625 0.7699536921875 0.6543344171875 0.7672609578125 0.65528108125 0.7615388984375 0.65528108125 0.75867786875 0.65423975 0.7534606953125 0.6540504171875 0.7517777359375 0.6554704140625 0.746728859375 0.65528108125 0.7418482796875 0.654618415625 0.73814576875 0.654145084375 0.73511644375 0.6518730890625 0.7320871171875 0.650642425 0.7305724546875 0.649506428125 0.7305724546875 0.64657176875 0.7322554140624999 0.644678440625 0.7391555453125 0.6444891078125 0.74790693125 0.64505710625 0.7548070625000001 0.6460037703125 0.76170719375
0 0.640323784375 0.728048015625 0.635969128125 0.7298992703125 0.632087803125 0.7366311062500001 0.6310464734375001 0.74302635 0.6309518062499999 0.7500947765625 0.6306678078125 0.7546387671875 0.630857140625 0.7605291234375 0.63303446875 0.7650731109375 0.63606379375 0.766419478125 0.64070245 0.7635584484375 0.6419331125000001 0.759519346875 0.6430691109375 0.7517777359375 0.6438264421875 0.7433629421875 0.6444891078125 0.737809178125 0.6441104421875 0.7347798515624999 0.642879778125 0.73074075 0.6419331125000001 0.7290577921875 0.640323784375 0.728048015625
0 0.659730403125 0.7918321578125 0.65859440625 0.7953663718749999 0.6598250703125 0.800751840625 0.6617183984375 0.8049592375 0.66550505625 0.8132057359375 0.6674930515625 0.8120276656250001 0.670995709375 0.8064739 0.671279709375 0.803781165625 0.6693863796875 0.8004152484375 0.6665463875000001 0.7958712593749999 0.6646530578125 0.790485790625 0.66370639375 0.7898126078125001 0.6616237328125 0.7898126078125001 0.659730403125 0.7918321578125
0 0.65139975625 0.7928419328125 0.6491277625 0.7963761468749999 0.6475184328125 0.80445435 0.6496010953125 0.813542328125 0.652819753125 0.8132057359375 0.65423975 0.8138789203125001 0.6577424078125 0.8180863171875 0.659730403125 0.8179180203125 0.6626650625 0.81673995 0.6626650625 0.8158984703125001 0.6617183984375 0.8108495937500001 0.6602037359375 0.8046226453124999 0.65707974375 0.795198075 0.6558490796875 0.79216875 0.65376641875 0.792000453125 0.65139975625 0.7928419328125
0 0.645435771875 0.817581428125 0.64477310625 0.8199375718749999 0.650547759375 0.8258279281249999 0.65452375 0.8281840703125001 0.6584050734375 0.8275108859375001 0.66370639375 0.8263328156249999 0.6663570546875001 0.82464985625 0.6665463875000001 0.8199375718749999 0.6657890562500001 0.81673995 0.6626650625 0.8174131328125 0.6602984015625 0.817749725 0.6569850765624999 0.8172448375 0.652819753125 0.8128691437500001 0.6504530921875 0.8128691437500001 0.6476130999999999 0.8138789203125001 0.645435771875 0.817581428125
0 0.646193103125 0.8490527609375 0.652062421875 0.852418678125 0.6557544125 0.85124060625 0.6586890734375 0.848547871875 0.66399039375 0.8468649140625001 0.666641053125 0.8438355874999999 0.66834505 0.8396281906249999 0.6681557171875 0.8355890890625 0.6665463875000001 0.8310451000000001 0.6645583921875 0.829362140625 0.6595410703125 0.8285206625000001 0.65452375 0.8285206625000001 0.6470451015625 0.8291938453125001 0.644299775 0.8340744265625 0.643731775 0.8399647828125 0.646193103125 0.8490527609375
0 0.6612450671875 0.898195159375 0.6634223953125 0.898195159375 0.66399039375 0.8968487921875001 0.663327728125 0.8933145796874999 0.661529065625 0.88809740625 0.6596357375 0.8843948968750001 0.6565117453125 0.8805240921875 0.6543344171875 0.8781679484374999 0.6530090859375 0.877494765625 0.6488437625000001 0.8822070500000001 0.6466664359375 0.8884339984375 0.646193103125 0.8914633249999999 0.6499797609375 0.8936511703125 0.65196775625 0.8939877624999999 0.6561330796875 0.8953341296874999 0.6612450671875 0.898195159375
0 0.6449624390625 0.8912950281249999 0.643637109375 0.8921365078125 0.641838446875 0.8976902718750001 0.643353109375 0.9054318828125 0.646193103125 0.9098075765625 0.6483704312499999 0.9113222390625 0.649790428125 0.910480759375 0.651589090625 0.9119954234375 0.6544290828125 0.9146881562500001 0.6587837390625 0.9138466781249999 0.661055734375 0.9111539437499999 0.6612450671875 0.9096392796874999 0.660771734375 0.9062733625 0.659730403125 0.9034123328125 0.65707974375 0.9007195984375 0.65319841875 0.8960073140624999 0.6499797609375 0.8938194671874999 0.647707765625 0.8917999156249999 0.64657176875 0.8914633249999999 0.6449624390625 0.8912950281249999
0 0.6851010093750001 0.928151828125 0.6869943375 0.9256273890625 0.6862370062500001 0.9204102171875 0.6845330109375001 0.9170443 0.6829236812499999 0.9148564531250001 0.678663690625 0.9133417890625 0.6755396984375001 0.9140149734374999 0.6733623703125 0.9123320140625 0.670238378125 0.9130051984374999 0.6668303859375 0.9135100859374999 0.6652210562499999 0.9153613406250001 0.6654103890624999 0.9172125953125001 0.6667357203125001 0.9163711156250001 0.6715637078125 0.920073625 0.6767703625 0.9261322765625 0.68112501875 0.9273103484374999 0.6851010093750001 0.928151828125
0 0.6638010609375 0.9175491875 0.6631383953125 0.921756584375 0.6626650625 0.928656715625 0.664842390625 0.9353885515625 0.667682384375 0.940437428125 0.6692917140625 0.942961865625 0.6728890390625 0.944813121875 0.6764863625 0.9456545999999999 0.67932635625 0.9456545999999999 0.6821663499999999 0.942456978125 0.6825450156249999 0.939427653125 0.6819770171874999 0.9358934390625 0.6806516859375 0.9323592250000001 0.6774330281250001 0.929666490625 0.6731730375 0.9261322765625 0.6689130484375 0.9183906671875001 0.6663570546875001 0.9172125953125001 0.665126390625 0.9172125953125001 0.6638010609375 0.9175491875