0 0.115079696875 0.24855825937499998 0.11872475625000001 0.2462439375 0.1223698140625 0.24022669843750002 0.1252337875 0.24022669843750002 0.126014871875 0.23606091718750002 0.122630175 0.23189513593750002 0.11794367187499999 0.23189513593750002 0.11664186562500001 0.23652378125 0.11299680625 0.23606091718750002 0.1098724703125 0.24207815625 0.1098724703125 0.24994685312499998 0.115079696875 0.24855825937499998
0 0.1304410140625 0.261055603125 0.1325239046875 0.2573526859375 0.134346434375 0.25087258281249997 0.134346434375 0.24670680156250002 0.13486715625 0.24254102031250002 0.128878846875 0.24161529218750002 0.12549415 0.2462439375 0.12419234374999999 0.25226117656249997 0.12549415 0.258278415625 0.1283581234375 0.2605927375 0.1304410140625 0.261055603125
0 0.0575398484375 0.44157277500000003 0.063267796875 0.43833272343749996 0.067433578125 0.43555553593749996 0.068735384375 0.43046402500000003 0.0650903265625 0.4258353796875 0.061184906250000004 0.42444678593749996 0.058320932812500004 0.430926890625 0.054155151562500004 0.4337040765625 0.0507704546875 0.43833272343749996 0.053894790625 0.44157277500000003 0.0575398484375 0.44157277500000003
0 0.044001060937499996 0.4499043359375 0.049729009375 0.4485157421875 0.0507704546875 0.44342423281250004 0.0520722609375 0.43786985781250004 0.051030815625 0.43185261875 0.0570191265625 0.43185261875 0.058060571875 0.426761109375 0.054155151562500004 0.4235210578125 0.0486875640625 0.423983921875 0.045823589062499996 0.43046402500000003 0.040876725 0.43462980625 0.040095640625 0.44064704531250004 0.0413974484375 0.44620142031250004 0.044001060937499996 0.4499043359375
0 0.46108896093749996 0.089211203125 0.46282600625 0.0868093625 0.46282600625 0.08406440312499999 0.46475605625 0.08131944375 0.46128196718750003 0.0758295234375 0.458579896875 0.0765157625 0.4562638359375 0.078917603125 0.45684285156250004 0.08269192343750001 0.4581938859375 0.0861231234375 0.46108896093749996 0.089211203125
0 0.4504736859375 0.0538698421875 0.44835063125 0.0562716828125 0.44892964687500003 0.061418482812499994 0.4491226515625 0.0665652828125 0.449894671875 0.0682808828125 0.45163171562500004 0.063820321875 0.45259674062500005 0.0583304015625 0.4533687609375 0.055242321875 0.45317575625 0.0524973625 0.4504736859375 0.0538698421875
0 0.45896590625 0.067251521875 0.45954492187499996 0.0645065625 0.45954492187499996 0.058673521875 0.45954492187499996 0.0548992015625 0.456649846875 0.05284048125 0.45433378593749996 0.0562716828125 0.45414078125 0.060732242187499993 0.45491280156249997 0.063820321875 0.4572288609375 0.0675946421875 0.45896590625 0.067251521875
0 0.453754771875 0.22577296875 0.45298275156249995 0.22954728906250002 0.452789746875 0.2346940890625 0.45317575625 0.2391546484375 0.45645684218750004 0.23743904843750002 0.45703585625 0.23057664843749998 0.4581938859375 0.2244004875 0.457614871875 0.2209692875 0.455684821875 0.2237142484375 0.453754771875 0.22577296875
0 0.46234349375 0.23778216875 0.4640805390625 0.2346940890625 0.4650455640625 0.23057664843749998 0.4650455640625 0.22302800781249998 0.46253649843750005 0.22062616875000002 0.45915891093749994 0.22268488749999998 0.45848339375 0.22748856874999998 0.45809738437499997 0.23160600781250001 0.45809738437499997 0.23538032812499998 0.4598344296875 0.23949776875 0.46234349375 0.23778216875
0 0.45241419218749995 0.40991809687499997 0.44860646718749997 0.4096673828125 0.4464910640625 0.4114223828125 0.44536285 0.41543381406249996 0.44479874218750004 0.42044810312500003 0.4445166875 0.423707390625 0.44733722499999995 0.421701675 0.4497346828125 0.4181916734375 0.45142700468749997 0.413929528125 0.45340138124999996 0.410419525 0.45241419218749995 0.40991809687499997
0 0.4504398171875 0.43774739843750005 0.4535424078125 0.4384995421875 0.45622191875 0.43549096875000004 0.45763218749999995 0.43022596562500004 0.4591834828125 0.4254623921875 0.46059375156250004 0.421701675 0.459747590625 0.415684528125 0.45904245625 0.4121745265625 0.45735013281250003 0.41117166875000005 0.4542475421875 0.4121745265625 0.452696246875 0.41593524375 0.4517090578125 0.42019738906250004 0.44888852031250004 0.423707390625 0.44804235937500003 0.42997525156250005 0.44804235937500003 0.43448811093749995 0.4504398171875 0.43774739843750005
0 0.4591834828125 0.40365023593749993 0.4612988859375 0.4011430921875 0.46426045 0.4006416625 0.46750406718750004 0.4006416625 0.470183578125 0.39988951875 0.470606659375 0.3976330890625 0.4683502296875 0.397382375 0.46567071875000005 0.39487523125 0.463555315625 0.3938723734375 0.46172196562499995 0.39362165937500004 0.45946553593750006 0.3951259453125 0.4577732140625 0.3983852328125 0.456786025 0.4006416625 0.45650397187499997 0.40339952187500006 0.4591834828125 0.40365023593749993
0 0.459324509375 0.41443095625000004 0.460452725 0.41769024374999997 0.46186299374999995 0.41994667343750003 0.464542503125 0.419695959375 0.46722201406249997 0.416436671875 0.46976049687500004 0.4141802421875 0.471593846875 0.4141802421875 0.47272206250000004 0.408664525 0.4721579546875 0.40339952187500006 0.470606659375 0.4006416625 0.468068175 0.4003909484375 0.4651066109375 0.4011430921875 0.463132234375 0.4049038078125 0.461157859375 0.405154521875 0.46002964375 0.40690952343750003 0.459324509375 0.4109209546875 0.459324509375 0.41443095625000004
0 0.4511449515625 0.4557988375 0.45311932656250004 0.45880741093750005 0.45481165 0.4615652703125 0.4577732140625 0.46081312656250006 0.45791424062499997 0.4535424078125 0.4580552671875 0.44978169062499995 0.45636294531250005 0.4437645453125 0.4549526765625 0.440755971875 0.45241419218749995 0.4445166875 0.45128597812500004 0.448026690625 0.4504398171875 0.452038121875 0.4511449515625 0.4557988375
0 0.4596065625 0.4527902640625 0.461157859375 0.45454526562500003 0.46285018125 0.45329169374999995 0.46270915468749996 0.44852811875 0.46143991250000005 0.447274546875 0.46073477812499997 0.4437645453125 0.46073477812499997 0.440755971875 0.459747590625 0.44000382812499994 0.4570680796875 0.4379981125 0.45664499843749995 0.44150811562500003 0.4570680796875 0.446020975 0.4584783484375 0.44852811875 0.4596065625 0.4527902640625
0 0.7792161671875 0.043446996875 0.78101693125 0.0439043328125 0.782174565625 0.0420749859375 0.7812741828124999 0.0381876234375 0.779859296875 0.0343002609375 0.77767265625 0.033385585937500004 0.775743265625 0.033385585937500004 0.7738138765625 0.0340715921875 0.7741997546875 0.0363582765625 0.77600051875 0.03727295 0.7783157859375 0.0397883015625 0.7792161671875 0.043446996875
0 0.7681543328125 0.0459623484375 0.769955096875 0.0468770234375 0.77111273125 0.0503070484375 0.7732993718750001 0.050078379687499994 0.7749715109374999 0.047105690625 0.775743265625 0.043218328125 0.774842884375 0.039102296875 0.773942503125 0.034986265625 0.7709841046875 0.03315691875 0.7689260890625 0.0340715921875 0.7672539515625 0.0363582765625 0.7660963187500001 0.039330965625 0.7663535703125001 0.043218328125 0.7681543328125 0.0459623484375
0 0.8120157921875 0.1740166546875 0.808671515625 0.175617334375 0.8060989968750001 0.1804193703125 0.8058417453125 0.18522140625 0.8073852562500001 0.187508090625 0.8100864015625 0.18453540156249998 0.8117585390625001 0.1804193703125 0.81394518125 0.1765320078125 0.8158745703125 0.1721873078125 0.8145883109375 0.17333065 0.8120157921875 0.1740166546875
0 0.8145883109375 0.1865934171875 0.8161318234375001 0.18910876875 0.8179325859375 0.189794775 0.819218846875 0.187050753125 0.820119228125 0.1843067328125 0.8215341140625 0.1808767078125 0.8220486171875001 0.1783613546875 0.8215341140625 0.174702659375 0.8199906015625 0.1728733125 0.8185757171875 0.1715013015625 0.8162604484375 0.1721873078125 0.815102815625 0.174702659375 0.8142024328125 0.1772180125 0.8136879296874999 0.18133404375 0.8136879296874999 0.1843067328125 0.8145883109375 0.1865934171875
0 0.820890984375 0.1868220859375 0.8225631218749999 0.1881940953125 0.8248783890625001 0.189794775 0.8280940390625 0.1909381171875 0.8306665578124999 0.18910876875 0.8314383140625001 0.1847640703125 0.8313096874999999 0.1806480390625 0.8310524359375 0.17698934375 0.8284799171874999 0.175159996875 0.8264219015625001 0.175159996875 0.8252642671875 0.175617334375 0.8244925109375 0.17310198125 0.82384938125 0.1721873078125 0.8225631218749999 0.1721873078125 0.8214054875000001 0.17310198125 0.821791365625 0.17790401718749999 0.821791365625 0.1820200484375 0.820890984375 0.1847640703125 0.820890984375 0.1868220859375
0 0.81240166875 0.21380495625 0.815231440625 0.21174694062500002 0.817546709375 0.2087742515625 0.816903578125 0.2053442265625 0.81394518125 0.2023715375 0.8121444171875 0.1991701796875 0.8097005234375001 0.19848417499999998 0.809443271875 0.2032862109375 0.8095718984375001 0.2092315890625 0.81060090625 0.212661615625 0.81240166875 0.21380495625
0 0.834010834375 0.1859074125 0.8329818250000001 0.18888010156249999 0.833239078125 0.1925387953125 0.8350398421874999 0.191852790625 0.8370978578124999 0.18865143281250002 0.8404421328125 0.18522140625 0.83864136875 0.18362072812500002 0.83606885 0.1840780640625 0.834010834375 0.1859074125
0 0.8408280109374999 0.19779816875 0.8427574 0.1961974890625 0.8459730499999999 0.1925387953125 0.8462303015625 0.18956610625 0.8453299203125001 0.1859074125 0.844043659375 0.183163390625 0.8428860265625 0.183163390625 0.8415997656249999 0.1847640703125 0.8401848812500001 0.18613607968749998 0.837355109375 0.18910876875 0.837483734375 0.19345346875 0.8383841171874999 0.1968834953125 0.8408280109374999 0.19779816875
0 0.9547571265625001 0.676881871875 0.95435823125 0.6843279265625 0.9567516046875 0.6900011109374999 0.9593444281249999 0.695674296875 0.964330625 0.7006383328125 0.9685190312499999 0.704893221875 0.9737046765624999 0.704538646875 0.9766963953125 0.7009929078125 0.9772947390625 0.693901425 0.973904125 0.6868099453125 0.97151075 0.681491334375 0.9683195843749999 0.6786547421875 0.9637322812500001 0.67298155625 0.9601422203125001 0.6708541125 0.9565521578125 0.6733361312499999 0.9547571265625001 0.676881871875
0 0.9511670640625001 0.6680175203125 0.94717810625 0.6726269828125 0.9461808656249999 0.6761727234375 0.9477764499999999 0.6843279265625 0.95076816875 0.6907102593750001 0.9551560218749999 0.693901425 0.9555549171875001 0.6896465375 0.953360990625 0.68255505625 0.954557678125 0.6751090015625001 0.957549396875 0.6719178343750001 0.9571505015625 0.6690812421875 0.9535604390625 0.667308371875 0.9511670640625001 0.6680175203125
0 0.9764969484374999 0.68255505625 0.9794886671875 0.688228240625 0.9822809375 0.6903556859375 0.9812836984375 0.6839733531250001 0.9786908750000001 0.675463575 0.97689584375 0.6683720937500001 0.9727074375000001 0.6651809281250001 0.9653278656250001 0.66624465 0.9633333859375 0.66624465 0.960541115625 0.6680175203125 0.9647295218749999 0.6708541125 0.9687184796875 0.67581815 0.9723085421875 0.6822004828125 0.9764969484374999 0.68255505625