0 0.2501749609375 0.075315434375 0.25167751250000003 0.074751978125 0.253680915625 0.07268596875 0.253680915625 0.06911740625 0.249173259375 0.066675759375 0.24716985625 0.06592448281249999 0.24341347500000002 0.0661123015625 0.2384049671875 0.06536102499999999 0.2321443328125 0.06479756875 0.227135825 0.066675759375 0.221376040625 0.0698686828125 0.22012391406249998 0.07456415937500001 0.22588369843749997 0.0807621875 0.2321443328125 0.0815134625 0.23489901249999998 0.0801987296875 0.23815454218749998 0.0777570828125 0.242912625 0.075315434375 0.2461681546875 0.075315434375 0.2501749609375 0.075315434375
0 0.226634975 0.0862089390625 0.2321443328125 0.089026225 0.2344097109375 0.09125874218749999 0.2365244421875 0.09125874218749999 0.23640156406249999 0.08958968125 0.241159646875 0.0901531390625 0.2444151765625 0.0882749484375 0.24967410937499998 0.0878993109375 0.2526792140625 0.08583330156249999 0.2555570140625 0.082230471875 0.2532796109375 0.07759433125000001 0.24774877968750003 0.0751542578125 0.24221794531250002 0.07564227343749999 0.23782581406249997 0.078082346875 0.2345723828125 0.08088843125 0.229640078125 0.08226473906250001 0.2261341234375 0.0818891015625 0.226634975 0.0862089390625
0 0.2815844625 0.5305939453125 0.2827231640625 0.5325460046875 0.28451255 0.5331560234375 0.289718040625 0.532912015625 0.29118208437500004 0.5301059312499999 0.2968755890625 0.529983928125 0.2996410046875 0.5293739093750001 0.302406421875 0.5277878609375 0.30321977968749997 0.5247377703125 0.3011050484375 0.5214436703125 0.2983396328125 0.5210776593750001 0.292971471875 0.521565675 0.28825399687500003 0.5224197 0.2823978203125 0.5240057484375 0.27833103124999997 0.52595780625 0.27995774687499997 0.5282758765625 0.2815844625 0.5305939453125
0 0.2965502453125 0.520223634375 0.2970382609375 0.5177835609375 0.2949235296875 0.514611465625 0.29248345625 0.5132694250000001 0.2902060546875 0.5119273843750001 0.2872779671875 0.5113173671875 0.2851632359375 0.5111953625 0.2825604921875 0.5118053812500001 0.28190980625 0.512537403125 0.2794697328125 0.5135134328125 0.2762163015625 0.5140014468749999 0.27312554218749996 0.5157094984375 0.270360125 0.51973561875 0.27068546875 0.5233957296875 0.2724748546875 0.5257138 0.2757282859375 0.526689828125 0.2775176734375 0.5268118328125 0.27963240312500004 0.52510378125 0.2867899515625 0.5229077156249999 0.2902060546875 0.5221756937500001 0.2957368875 0.5214436703125 0.2965502453125 0.520223634375
0 0.2924583796875 0.7850706421875 0.29395926562499997 0.7828193125 0.293530440625 0.780567984375 0.287741309375 0.77703018125 0.2817377640625 0.7725275234375 0.2757342203125 0.7691505296875001 0.2714459734375 0.7689897203125 0.267372140625 0.769472146875 0.26565684218749996 0.7718842859375 0.2645847796875 0.7755828984375001 0.26930185156249997 0.779603128125 0.2748765703125 0.7815328390625 0.2815233515625 0.7858746890625 0.28688365937500004 0.7871611625 0.2924583796875 0.7850706421875
0 0.25214886718749996 0.7786382734374999 0.2515056296875 0.78314093125 0.25214886718749996 0.7858746890625 0.25579387656249997 0.7882868265625 0.26072535937499997 0.7915030109375001 0.26565684218749996 0.794397578125 0.26930185156249997 0.7960056703125 0.273804509375 0.79729214375 0.2780927546875 0.796970525 0.2834530625 0.7948800046875 0.2855971859375 0.7902165375 0.2843107125 0.7879652078125 0.2817377640625 0.7858746890625 0.27680628125 0.783623359375 0.273590096875 0.7823368859375 0.26973067500000003 0.78008555625 0.26479919218750003 0.77703018125 0.2624406578125 0.776065325 0.2579379984375 0.776065325 0.25214886718749996 0.7786382734374999
0 0.2590100609375 0.8593645046875 0.26329830625 0.861455025 0.266085665625 0.8619374531249999 0.2720892109375 0.860972596875 0.27637745625 0.857113175 0.27637745625 0.8524497078125 0.2759486328125 0.84762543125 0.2748765703125 0.84392681875 0.2723036234375 0.8376552593750001 0.26865861406249997 0.8350823125 0.26479919218750003 0.8337958375 0.2615830078125 0.833956646875 0.2583668234375 0.8352431203125 0.2564371125 0.8387809234375 0.2562227 0.844409246875 0.2562227 0.8469821937500001 0.2583668234375 0.8489119046875 0.2553650515625 0.8516456625 0.2572947625 0.855344275 0.2590100609375 0.8593645046875
0 0.23563912031249998 0.8490727140625 0.23692559375000002 0.85437941875 0.2407850140625 0.8595253140624999 0.246359734375 0.8643495906249999 0.252577690625 0.8654752562500001 0.257509175 0.8629023078125 0.25879564843749997 0.8600077421875 0.25858123593750004 0.857917221875 0.25708034999999996 0.8556658921875 0.2560082875 0.851163234375 0.2562227 0.848107859375 0.2564371125 0.84521329375 0.2555794640625 0.841032253125 0.253006515625 0.8378160687499999 0.24700297187500003 0.8354039296875 0.24314355 0.8365295953125 0.23542470781249997 0.8395849703125 0.233709409375 0.84457005625 0.23563912031249998 0.8490727140625
0 0.5774467921875 0.0074031640625 0.5790919406249999 0.0162869609375 0.5883047671875 0.0229498078125 0.5945563265625 0.022456264062500002 0.6034401234375 0.028132023437499997 0.6100207140625 0.028872339062500002 0.6159432453125 0.026651390625 0.6212077171875 0.02418366875 0.623839953125 0.0192482265625 0.623839953125 0.014312784375000002 0.61857548125 0.0074031640625 0.6136400390625 0.006169303125 0.608704596875 0.006169303125 0.6024530359375 0.0056757593750000005 0.595543415625 0.0007403171875 0.5869886484375 0 0.5804080578125 0.0007403171875 0.5774467921875 0.0074031640625
0 0.6360140453125 0.085876703125 0.6383172515625 0.0915524609375 0.64588493125 0.09303309374999999 0.65049134375 0.092292778125 0.65411066875 0.08859119531250001 0.6560848453125 0.0829154375 0.6583880515625 0.07378486875 0.6597041703125 0.0673687921875 0.6580590234375 0.063173665625 0.6524655218750001 0.059965628125 0.6472010484374999 0.059965628125 0.6425946359375 0.0614462609375 0.6402914296875 0.065394615625 0.640620459375 0.0695897421875 0.641607546875 0.075018728125 0.6373301640625 0.078226765625 0.635685015625 0.08094125937499999 0.6360140453125 0.085876703125
0 0.6370011343749999 0.068109109375 0.63403986875 0.0695897421875 0.627459278125 0.07378486875 0.6235109249999999 0.077239678125 0.6212077171875 0.08094125937499999 0.62219480625 0.084149296875 0.6264721890625 0.086123475 0.631078603125 0.0851363859375 0.6353559859375 0.08094125937499999 0.6383172515625 0.077239678125 0.6409494890625 0.0735380953125 0.6393043406250001 0.071317146875 0.6373301640625 0.06786233750000001 0.6370011343749999 0.068109109375
0 0.663628825 0.19617858125 0.6667507359375 0.20102869218750002 0.6736635359375 0.20270114375 0.6801303484375001 0.20203216249999997 0.6834752515625 0.199356240625 0.6857051875 0.195007865625 0.6848132140625001 0.18865255 0.682583278125 0.1811265171875 0.6787923874999999 0.17326599375 0.6727715609375 0.1705900703125 0.6667507359375 0.17042282656250002 0.66340583125 0.17259701249999998 0.661398890625 0.17878508437500001 0.6645208 0.1848059109375 0.66474379375 0.1899905109375 0.66429780625 0.1918302078125 0.663628825 0.19617858125
0 0.6584999734375 0.1727642578125 0.6542630953125 0.1730987484375 0.649803225 0.17527293593749999 0.6462353281250001 0.17878508437500001 0.6462353281250001 0.183300703125 0.6471273015625 0.18781632343750002 0.6475732890625 0.191328471875 0.6473502953125 0.19316816875 0.6480192765624999 0.19751654375 0.6506952 0.2011959375 0.657608 0.20153042656250003 0.6616218828125 0.2003597109375 0.663628825 0.19751654375 0.6640748125 0.193502659375 0.6649667859374999 0.18798356875 0.66429780625 0.1841369296875 0.661398890625 0.179621309375 0.6622908640625 0.17544018125 0.661175896875 0.17343323906250002 0.6584999734375 0.1727642578125
0 0.6462353281250001 0.23698640312500002 0.6506952 0.2423382484375 0.65783099375 0.24618488749999998 0.66340583125 0.24551590625 0.667642709375 0.2426727375 0.6700956390624999 0.239996815625 0.6716565937500001 0.23732089374999998 0.6718795875 0.2334742546875 0.6712106062500001 0.2294603703125 0.6683116906250001 0.2276206734375 0.670541625 0.22461026093749997 0.6712106062500001 0.22026188593749998 0.6698726453125 0.21407381406249998 0.667642709375 0.20972544062499998 0.6625138578125 0.20788574375 0.65738500625 0.2073840078125 0.653371121875 0.2083874796875 0.65002621875 0.21089615625000002 0.645566346875 0.215579021875 0.6442283859375 0.2199273953125 0.645789340625 0.22561373125 0.646458321875 0.22745342812499997 0.645566346875 0.23012934999999998 0.6462353281250001 0.23698640312500002
0 0.645566346875 0.21072891093749999 0.64199845 0.2077184984375 0.638653546875 0.20671502656250001 0.631517753125 0.20704951718750003 0.624604953125 0.210561665625 0.6223750171875 0.21491004062500002 0.6210370562499999 0.2205963765625 0.6208140625 0.22561373125 0.62014508125 0.23297251874999997 0.6199220890625 0.2366519125 0.6223750171875 0.24166926718749998 0.6263889015624999 0.24568315156249998 0.631517753125 0.2470211125 0.638876540625 0.2460176421875 0.6444513796875 0.241502021875 0.645789340625 0.2386588546875 0.645789340625 0.23615017656249998 0.645789340625 0.2323035375 0.645566346875 0.230463840625 0.646458321875 0.22477750625 0.6444513796875 0.2210981125 0.6444513796875 0.21674973749999998 0.646458321875 0.21491004062500002 0.645566346875 0.21072891093749999
0 0.704882634375 0.27612177187500003 0.70666658125 0.2741148296875 0.70778155 0.27043543593749997 0.7057746078125 0.2674250234375 0.703098684375 0.2652508359375 0.6995307875 0.2630766484375 0.6950709171875 0.2615714421875 0.6903880515624999 0.259898990625 0.6850362062500001 0.26073521718750003 0.6819142968749999 0.262073178125 0.6796843609375001 0.26357838437500003 0.682137290625 0.267926759375 0.6843672265625 0.2701009453125 0.689719071875 0.2729441140625 0.6932869687500001 0.27595452656249997 0.6979698328125 0.2769579984375 0.704882634375 0.27612177187500003
0 0.6874891359374999 0.295020475 0.6932869687500001 0.29669292812500003 0.6977468390625 0.29568945625 0.7019837171875001 0.29251179843749997 0.703098684375 0.28883240468750004 0.7006457562499999 0.28381504999999996 0.6990848015625 0.28147361718749997 0.6955169046874999 0.27796146875 0.6903880515624999 0.273947584375 0.6857051875 0.27043543593749997 0.6790153812499999 0.26976645625 0.6741095234375 0.2719406421875 0.67210258125 0.2764562625 0.6738865296875 0.27779422343750004 0.6763394578125 0.282811578125 0.6774544265625 0.28699270781249997 0.67946136875 0.29000312031250003 0.682583278125 0.2921773078125 0.6874891359374999 0.295020475
0 0.652925134375 0.287996178125 0.6551550703125 0.2920100625 0.660060928125 0.2968601734375 0.66474379375 0.301208546875 0.6698726453125 0.304887940625 0.6770084390625 0.30639314687499997 0.6785693937499999 0.3057241671875 0.6834752515625 0.3043862046875 0.68548219375 0.3005395671875 0.6845902203125 0.296023946875 0.682360284375 0.2931807796875 0.67812340625 0.28966863125 0.6763394578125 0.2859892375 0.6763394578125 0.281975353125 0.6738865296875 0.2781287140625 0.668534684375 0.27578728125 0.6627368515625001 0.27578728125 0.6571620125 0.2772924875 0.652925134375 0.28164086250000003 0.652925134375 0.287996178125
0 0.6712106062500001 0.30522243125 0.6689806703125 0.3038844703125 0.6622908640625 0.2992016046875 0.6567160249999999 0.293013534375 0.652702140625 0.29267904375 0.646012334375 0.293013534375 0.6402145015625 0.293849759375 0.63575463125 0.29552221093750003 0.6330787078125 0.29936885 0.6328557140625 0.304218959375 0.6355316375 0.30906907031249997 0.6408834828125001 0.3102397859375 0.6440053921875 0.30973805 0.6493572375000001 0.3080655984375 0.653817109375 0.30739661875 0.6580539859375001 0.308901825 0.66474379375 0.30756386406249997 0.667642709375 0.30656039218750003 0.6712106062500001 0.30522243125
0 0.6377615734375001 0.31308295468749997 0.63575463125 0.316595103125 0.63530864375 0.32077623125 0.638653546875 0.3257935875 0.646012334375 0.3266298125 0.653594115625 0.3264625671875 0.6567160249999999 0.3264625671875 0.660952903125 0.3266298125 0.6654127734374999 0.3249573609375 0.6714336000000001 0.32311766406250003 0.681468309375 0.3214452125 0.686151175 0.3167623484375 0.68637416875 0.31308295468749997 0.6845902203125 0.30957080625 0.6807993296875 0.3072293734375 0.6736635359375 0.3057241671875 0.667419715625 0.3068948828125 0.6598379343749999 0.30906907031249997 0.6542630953125 0.307898353125 0.6493572375000001 0.307898353125 0.6433364109374999 0.31040703125 0.6377615734375001 0.31308295468749997
0 0.6803533421875 0.37446193125 0.6852592 0.37262223437499997 0.6872661421874999 0.36994631093749997 0.6881581171875 0.3669358984375 0.6865971625 0.3622530328125 0.681691303125 0.3600788453125 0.6727715609375 0.35823915 0.66474379375 0.3570684328125 0.6584999734375 0.356399453125 0.653817109375 0.357235678125 0.6477962828125 0.35907537500000003 0.6444513796875 0.3622530328125 0.6435594046875 0.36710314374999997 0.646904309375 0.37094978125 0.654040103125 0.371953253125 0.660506915625 0.371953253125 0.6651897796874999 0.37262223437499997 0.6694266578125 0.3732912140625 0.675224490625 0.3751309109375 0.6803533421875 0.37446193125
0 0.6437823984375 0.3759671375 0.6437823984375 0.3803155109375 0.645789340625 0.38332592499999996 0.6506952 0.3849983765625 0.6560470453125 0.3868380734375 0.660060928125 0.3858346015625 0.6627368515625001 0.3853328671875 0.668534684375 0.3863363375 0.6700956390624999 0.38650358281249997 0.675670478125 0.38566735625000004 0.6803533421875 0.384496640625 0.683029265625 0.380817246875 0.682583278125 0.37830856874999996 0.6796843609375001 0.3757998921875 0.6741095234375 0.374963665625 0.6698726453125 0.37312396875 0.6656357671875 0.3732912140625 0.6571620125 0.3724549890625 0.6515871734375 0.37262223437499997 0.646681315625 0.37312396875 0.6437823984375 0.3759671375
0 0.7100114859375 0.4023918734375 0.71491734375 0.399214215625 0.7158093171875 0.3958693125 0.7151403375000001 0.39218991875000003 0.710903459375 0.39001573125 0.706889575 0.3880087890625 0.7015377296875001 0.3868380734375 0.697077859375 0.3863363375 0.69239499375 0.3846638859375 0.6865971625 0.3846638859375 0.681691303125 0.3853328671875 0.6774544265625 0.38650358281249997 0.675001496875 0.38934674999999996 0.6732175484375 0.3931933890625 0.6761164640625 0.3972072734375 0.6790153812499999 0.39737451875 0.682583278125 0.39737451875 0.6874891359374999 0.398545234375 0.6908340390625 0.40088666718750005 0.70019976875 0.4023918734375 0.704436646875 0.40255911875 0.7100114859375 0.4023918734375
0 0.6765624515625001 0.3983779890625 0.672325575 0.3983779890625 0.6692036640625 0.40272636406249995 0.667642709375 0.40690749375 0.6696496515625 0.4100851515625 0.6718795875 0.41192484843750005 0.679238375 0.4149352609375 0.6848132140625001 0.41694220312499997 0.6926179875 0.41828016406249996 0.6993077953125 0.419116390625 0.704882634375 0.4177784296875 0.7095654984374999 0.4152697515625 0.7122414203125 0.4115903578125 0.7104574718750001 0.40640575781250005 0.706889575 0.4042315703125 0.7028756921875 0.4030608546875 0.69239499375 0.40255911875 0.688827096875 0.3998831953125 0.6843672265625 0.39821074375 0.681245315625 0.3980435 0.6765624515625001 0.3983779890625
0 0.6692036640625 0.530501671875 0.67076461875 0.5336793296875 0.675001496875 0.5356862718750001 0.679238375 0.5353517812499999 0.6832522578125 0.5343483109375 0.6879351234375 0.530501671875 0.6910570328125 0.5261532984375 0.692172 0.5204669625 0.6917260140625 0.51461338125 0.6906110453125 0.51026500625 0.6872661421874999 0.507923575 0.6805763359375 0.506920103125 0.6772314328125 0.5074218390625 0.674332515625 0.5111012328125 0.67210258125 0.5136099093750001 0.6734405421874999 0.520968696875 0.67210258125 0.523142884375 0.6712106062500001 0.5244808453124999 0.6692036640625 0.530501671875
0 0.66429780625 0.5144461359375 0.6663047484375 0.5105994968750001 0.6663047484375 0.5087598 0.6629598453125001 0.5052476515625 0.6593919484375 0.503909690625 0.65002621875 0.5034079546875 0.6402145015625 0.5037424453125 0.6337476890625 0.5035752 0.6268348890625 0.505414896875 0.6223750171875 0.5087598 0.6241589656250001 0.5137771546875001 0.6301797921875 0.517289303125 0.638207559375 0.5181255296875 0.6448973671875 0.5181255296875 0.6542630953125 0.5191290000000001 0.6571620125 0.518292775 0.66429780625 0.5144461359375
0 0.62148304375 0.5226411484375 0.6225980109375 0.5279929937500001 0.6275038687500001 0.53150514375 0.635977625 0.5340138203125 0.646904309375 0.5356862718750001 0.6549320765625 0.53668974375 0.6622908640625 0.5360207625 0.667419715625 0.5318396328125 0.6683116906250001 0.5271567687500001 0.6651897796874999 0.52197216875 0.6569390187499999 0.51979798125 0.653148128125 0.519463490625 0.6471273015625 0.519463490625 0.639099534375 0.518627265625 0.6326327203125001 0.5177910390625 0.624827946875 0.5199652265625 0.62148304375 0.5226411484375
0 0.6736635359375 0.6014136234375 0.675447484375 0.596898003125 0.6787923874999999 0.59288411875 0.682806271875 0.5905426874999999 0.6841442328125 0.588034009375 0.6848132140625001 0.582849409375 0.6834752515625 0.579170015625 0.6810223234375 0.5779993 0.675224490625 0.5774975640625 0.670541625 0.579170015625 0.668534684375 0.5823476734375 0.668534684375 0.5870305390625 0.66474379375 0.5910444234375001 0.6627368515625001 0.59723249375 0.6663047484375 0.6007446421875 0.6703186328124999 0.602751584375 0.6736635359375 0.6014136234375
0 0.6683116906250001 0.576995828125 0.66474379375 0.576159603125 0.661175896875 0.5766613375 0.6584999734375 0.5790027703125 0.65783099375 0.5833511453125 0.6556010578125 0.586528803125 0.6547090828125001 0.590877178125 0.6560470453125 0.5933858546875 0.659614940625 0.59639626875 0.6622908640625 0.596898003125 0.6640748125 0.5922151390625 0.667865703125 0.5870305390625 0.668088696875 0.5818459390624999 0.6689806703125 0.578835525 0.6683116906250001 0.576995828125
0 0.697077859375 0.616800178125 0.7019837171875001 0.6194761015625 0.7086735234375 0.614625990625 0.711349446875 0.611615578125 0.7131333953125 0.6084379203125 0.710903459375 0.6047585265625 0.70800454375 0.6000756625 0.7055516140625 0.5955600421875 0.7013147359375 0.5907099328125 0.6984158203125 0.5903754421875 0.6926179875 0.5888702359375 0.689496078125 0.58903748125 0.68637416875 0.5912116671875001 0.6839212390625 0.5940548359375 0.6841442328125 0.5980687203125 0.686151175 0.6022498484375001 0.6908340390625 0.605761996875 0.692172 0.6087724109375 0.6917260140625 0.6132880296875001 0.697077859375 0.616800178125
0 0.683029265625 0.5987377 0.6832522578125 0.5948910609375 0.6841442328125 0.592382384375 0.683029265625 0.5912116671875001 0.681468309375 0.59204789375 0.6790153812499999 0.5935531000000001 0.6761164640625 0.59639626875 0.6732175484375 0.603086075 0.6709876125 0.6111138421875 0.6729945546875 0.6151277265624999 0.679238375 0.6166329328125 0.6843672265625 0.61780365 0.6877121296875 0.6169674234375 0.689496078125 0.6147932359375 0.6912800265625 0.611615578125 0.692172 0.6081034296875 0.689942065625 0.6065982234375 0.6845902203125 0.6022498484375001 0.683029265625 0.5987377
0 0.6513641796874999 0.642890425 0.6562700375 0.6427231796874999 0.6598379343749999 0.642555934375 0.6622908640625 0.6390437859375 0.663628825 0.6363678625 0.6622908640625 0.633691940625 0.6616218828125 0.630848771875 0.6616218828125 0.6241589656250001 0.6551550703125 0.6218175328125 0.649803225 0.6228210046875 0.6486882578125 0.6259986625 0.6502492125 0.630681528125 0.65047220625 0.6341936765625 0.6524791484375 0.637371334375 0.6509181921875 0.6412179734375 0.6513641796874999 0.642890425
0 0.6484652640624999 0.6251624375 0.6477962828125 0.6216502890625 0.646458321875 0.6216502890625 0.64266743125 0.622653759375 0.6395455218749999 0.6249951921875 0.6377615734375001 0.6268348890625 0.6335246953125 0.630848771875 0.6341936765625 0.6346954109375 0.63620061875 0.6380403140625 0.6399915078125 0.64138521875 0.6435594046875 0.6435594046875 0.646904309375 0.644730121875 0.65002621875 0.6438938953125 0.6511411859375 0.6405489921874999 0.6518101671875 0.6378730703125 0.6493572375000001 0.6331902046875 0.6484652640624999 0.629009075 0.6484652640624999 0.6251624375
0 0.6796843609375001 0.73872190625 0.679238375 0.74474273125 0.6868201546875 0.7480876359375 0.6959628906249999 0.7527705 0.7006457562499999 0.7537739703125 0.7071125687500001 0.75210151875 0.7124644140624999 0.7495928421875 0.7153633312500001 0.7474186546875 0.7133563890625 0.743237525 0.7097884921875 0.7415650734375 0.7022067109375 0.739223640625 0.697077859375 0.7342062859375 0.6910570328125 0.73219934375 0.6839212390625 0.7342062859375 0.6796843609375001 0.73872190625
0 0.6998238984375 0.8287902812500001 0.6994980187500001 0.832700821875 0.7019421078125 0.8371001796875 0.7048750125 0.83905545 0.7073191015625 0.8402774953125001 0.7113925812499999 0.8402774953125001 0.71725839375 0.83905545 0.7213318734375 0.8361225453125 0.7247535968750001 0.8329452312500001 0.7298047125 0.8301345296875 0.7322488 0.8272016234375 0.7338781921875001 0.8224356515625001 0.7319229218750001 0.8187695187499999 0.7285011984375 0.8171808625000001 0.7241018390625 0.81669204375 0.720028359375 0.8175474749999999 0.71497724375 0.8188917234374999 0.7126960953125 0.8209691984375 0.7109037640625 0.8239021046874999 0.7065044046875 0.8248797390625 0.7029197421875 0.825612965625 0.6998238984375 0.8287902812500001
0 0.7156290015625 0.8111928468749999 0.7138366703125001 0.8099708015625 0.7087855546874999 0.809115371875 0.7043861953125 0.8096041890624999 0.7022679859375 0.8103374156250001 0.6986833234375001 0.812781503125 0.6947727828125 0.814003546875 0.6903734234375001 0.81669204375 0.689558728125 0.82084699375 0.6926545734375 0.8254907625 0.6970539312499999 0.827323828125 0.7022679859375 0.8264683968750001 0.7065044046875 0.8245131265625 0.7092743718750001 0.8224356515625001 0.7144884265625 0.819013928125 0.7156290015625 0.81424795625 0.7156290015625 0.8111928468749999
0 0.6608814265625 0.879871721875 0.6571338250000001 0.8829268328125 0.6571338250000001 0.8843932859375 0.6590890953125 0.8856153296875 0.6649549078125 0.8873261906250001 0.668213690625 0.8865929640625 0.6713095359375 0.8847598984375 0.6781529828124999 0.87974951875 0.6828782203125 0.8762055906249999 0.68515936875 0.8713174140625 0.684181734375 0.8675290765625 0.6817376453125 0.8654516031249999 0.678804740625 0.86484058125 0.674731259375 0.8658182156249999 0.67082071875 0.8681401 0.6667472390625 0.8707063921874999 0.6638143328125 0.8740059109375 0.6623478796875 0.8766944078125001 0.6620220015625 0.8773054296874999 0.6608814265625 0.879871721875
0 0.6698430828124999 0.8665514421875 0.6700060234375 0.8630075140625 0.6685395703125 0.8603190171874999 0.665769603125 0.8586081562500001 0.6618590625 0.8576305203125001 0.6584373390625 0.858363746875 0.6559932500000001 0.8599524046875 0.652082709375 0.8621520828125 0.6476833515625 0.8655738062499999 0.6447504453125 0.8703397781250001 0.6445875062499999 0.877794246875 0.648986865625 0.8820714015625001 0.653875040625 0.8830490375 0.6582744 0.8824380156249999 0.6594149734375 0.8812159703125 0.6616961234375001 0.87803865625 0.6638143328125 0.8743725234375 0.666421359375 0.8718062312500001 0.668702509375 0.868873325 0.6698430828124999 0.8665514421875
0 0.735507584375 0.9007686749999999 0.7363222796875 0.8962471125 0.7330634953125 0.893192003125 0.7276865015625 0.891481140625 0.719050725 0.89087011875 0.7151401828124999 0.8916033453125 0.711066703125 0.8924587765625001 0.7052008921875 0.8956360906249999 0.6983574453125 0.8983245875 0.6923286937500001 0.9011352890625 0.68629994375 0.9029683546875 0.6858111250000001 0.9052902390625001 0.68744051875 0.90785653125 0.6906993015625 0.9088341671875 0.6978686265625 0.91030061875 0.7050379515625 0.9100562109375 0.7097631890625 0.909078575 0.7112296421875001 0.90748991875 0.7144884265625 0.906390078125 0.71742133125 0.907612121875 0.7226353859375 0.90748991875 0.7302935296874999 0.905168034375 0.735507584375 0.9007686749999999
0 0.6928175109375 0.9138445468749999 0.6906993015625 0.9154332046875 0.6900475453125 0.917999496875 0.690210484375 0.9214212203125 0.6942839640625 0.9242319218749999 0.7012903500000001 0.92692041875 0.7055267703125 0.927164828125 0.7120443390625 0.9260649875 0.716443696875 0.9260649875 0.720028359375 0.9259427828125 0.7257312312499999 0.9239875124999999 0.73159704375 0.9236209000000001 0.737299915625 0.923376490625 0.7441433625 0.920932403125 0.7457727546874999 0.9193437453125 0.7449580578125 0.9171440656250001 0.74006988125 0.9148221828124999 0.7332264359375 0.9131113203125001 0.7227983265625 0.9115226640625 0.719050725 0.9106672328125001 0.7159548796874999 0.9110338453125 0.7104149468750001 0.9118892765625001 0.7060155875 0.9125002984374999 0.6988462625 0.9127447078125 0.6928175109375 0.9138445468749999
0 0.726545928125 0.9421959687499999 0.725405353125 0.9398740859375 0.7219836296875 0.9384076328125 0.719050725 0.937918815625 0.71253315625 0.937918815625 0.7076449796875 0.93889645 0.7034085609375 0.9402406984375 0.7034085609375 0.9454954875 0.7071561625 0.9483061890625001 0.7118813984375 0.9485505984374999 0.7154660609375 0.9470841453125001 0.718236028125 0.9470841453125001 0.7208430546875 0.9475729625 0.723613021875 0.9475729625 0.7258941703125 0.9447622625 0.726545928125 0.9421959687499999