0 0.09923489375 0.4184301890625 0.1068178375 0.4133747328125 0.11086208125000001 0.40865631249999995 0.1116203828125 0.4049489796875 0.11187313750000001 0.400230553125 0.108334421875 0.397197284375 0.10353189375 0.3968602546875 0.09670724375 0.401578675 0.08937705625 0.4032638265625 0.080783046875 0.40393788593749996 0.07825539687500001 0.4073081890625 0.0711779828125 0.41573394375 0.07193627500000001 0.423148609375 0.0732000953125 0.4282040703125 0.075727746875 0.42887812968750005 0.082299640625 0.42887812968750005 0.0911464140625 0.427192971875 0.093926828125 0.4258448546875 0.094685121875 0.42281157968749994 0.09923489375 0.4184301890625
0 0.0887527734375 0.46290196406249995 0.0921487546875 0.46982731875 0.0985411984375 0.4740890734375 0.1037350546875 0.4746218 0.10992774218750001 0.4740890734375 0.11651994843749999 0.46956095937500003 0.12351168125 0.466364640625 0.12870553906249999 0.46556556406249994 0.129304821875 0.4621028765625 0.1263083671875 0.45997200468750005 0.12171380624999999 0.45251392187499995 0.1183178109375 0.447985809375 0.11432254687500001 0.4405277265625 0.10852939218749999 0.43440145 0.10053883749999999 0.4333360125 0.0945459203125 0.4373314078125 0.09254828125 0.44851852656249996 0.0903508796875 0.45357935937500005 0.0889525359375 0.4575747640625 0.0887527734375 0.46290196406249995
0 0.0606489078125 0.4722747390625 0.06044913750000001 0.4805318890625 0.0672411140625 0.494648965625 0.084820325 0.5021070484375 0.092011828125 0.5042379203125 0.09860403437500001 0.5013079625 0.10160048906250001 0.4962471296875 0.10160048906250001 0.48985449374999995 0.10160048906250001 0.48506001093749995 0.0990035609375 0.4776019296875 0.095208053125 0.473073815625 0.0902139515625 0.4714756515625 0.08541962187499999 0.46987749687499997 0.07423284062499999 0.4634848609375 0.0680401671875 0.462419415625 0.06284631093750001 0.4669475390625 0.0606489078125 0.4722747390625
0 0.1151844296875 0.52317305625 0.119978759375 0.5261030156250001 0.1243735640625 0.531696575 0.1293676640625 0.52317305625 0.1307660140625 0.51891129375 0.130366475 0.5157149750000001 0.133962225 0.5149158968750001 0.1373582203125 0.5170467796875 0.13875655625 0.51784585625 0.135959871875 0.510387784375 0.132763646875 0.5034624203125 0.1293676640625 0.49786886093750005 0.12417380781250001 0.493873465625 0.10939127500000001 0.49627070624999997 0.10379789218749999 0.50159790625 0.1029988390625 0.50719145625 0.10200001562500001 0.5143831796875 0.10351202500000001 0.526196878125 0.10779316875 0.523439415625 0.110190328125 0.5221076203125 0.1151844296875 0.52317305625
0 0.08641844374999999 0.5368045593749999 0.0836217453125 0.5429308453125 0.0836217453125 0.550122559375 0.0870177265625 0.5589124375 0.092211584375 0.5626414734375 0.0958073359375 0.563973278125 0.1014007203125 0.563973278125 0.10879199218749999 0.5599778734374999 0.1183806546875 0.5543843140625 0.1237742671875 0.5487907640625 0.12557214375 0.5410663234374999 0.124773090625 0.5330755234375 0.11917970625 0.52481836875 0.1111891515625 0.521888409375 0.10659459062500001 0.524552009375 0.1021936953125 0.5300053890624999 0.09780498125 0.53147736875 0.0934101765625 0.5325428046875 0.08641844374999999 0.5368045593749999
0 0.0668508171875 0.5114587265625 0.07560874375 0.5038682875 0.0795498140625 0.5003650125 0.06991609374999999 0.4956939703125 0.0659585625 0.49243790781249996 0.06349361249999999 0.49627785468749996 0.0624718515625 0.50737156875 0.06422343750000001 0.5106802171875 0.0668508171875 0.5114587265625
0 0.08639214375 0.503066846875 0.08563190312499999 0.5046887296875 0.084111434375 0.5099598703125 0.0819827671875 0.51320364375 0.0822868609375 0.5150282703125 0.08563190312499999 0.5170556296875 0.08639214375 0.51888025625 0.0877605703125 0.5223267640625 0.09019333125 0.5255705453124999 0.0941465609375 0.5269896921874999 0.0965793109375 0.5253678093749999 0.098707978125 0.5229349703125 0.0997723125 0.5172583656249999 0.0997723125 0.513609115625 0.0985559359375 0.5121899671875 0.098099790625 0.51016260625 0.09718750937500001 0.5069188265625 0.094674303125 0.5037487984375 0.0924740390625 0.504891465625 0.0883687578125 0.5040805234375 0.08639214375 0.503066846875
0 0.48311546875 0.4449250328125 0.48801521875000003 0.44807064375000005 0.49309643281250004 0.44855458125 0.4970888171875 0.44419912500000003 0.4985405890625 0.43960168906249997 0.4985405890625 0.43839184218750005 0.4972702953125 0.4347622859375 0.49636293125000003 0.43306849999999997 0.492370546875 0.43427834687500005 0.4911002390625 0.4347622859375 0.4892465875 0.4367634265625 0.487470796875 0.4371819875 0.484567246875 0.440085628125 0.48184516874999994 0.4403275984375 0.48311546875 0.4449250328125
0 0.4885596328125 0.43089076718749997 0.484930190625 0.4311327359375 0.48257105468750006 0.4323425828125 0.48148221874999997 0.4347622859375 0.4811192765625 0.43694001875 0.48257105468750006 0.43887578125 0.48402283281249997 0.43960168906249997 0.486563440625 0.43742395624999997 0.4912817109375 0.4340363765625 0.49583346875 0.43170683125 0.49182613125 0.42968091093750005 0.49019288281250006 0.42968091093750005 0.4885596328125 0.43089076718749997
0 0.5420938843750001 0.46670234375 0.5479009968749999 0.462104909375 0.5479009968749999 0.45968520625 0.5464492125 0.45363595468750006 0.541549475 0.4446830640625 0.5373756125 0.4412954828125 0.5335647046875 0.43935972031250003 0.5293908421875 0.439843659375 0.528483478125 0.43911775000000003 0.52539845625 0.43694001875 0.5204987078125 0.43282652187500004 0.5108806875 0.4340363765625 0.508521553125 0.43694001875 0.5072512578125 0.44081153593750005 0.5074327234375 0.44807064375000005 0.5110621656250001 0.45436186406249995 0.5219504921875 0.46404067187500003 0.5277575921875 0.46573446562500004 0.53610530625 0.4674282515625 0.5420938843750001 0.46670234375
0 0.5003553171874999 0.460432540625 0.4974517609375 0.46744966874999994 0.49309643281250004 0.471805134375 0.4916446546875 0.4759186234375 0.49527410312500003 0.475676653125 0.4972702953125 0.478338325 0.50217003125 0.4863233390625 0.5076142015625 0.4935824453125 0.5145101296875 0.49261456875 0.519772821875 0.4897109265625 0.5217690140625 0.4831777296875 0.5221319578125 0.4793062109375 0.52158755 0.475676653125 0.5224949 0.4727730125 0.52122460625 0.46599785312500003 0.5172322203124999 0.4597066234375 0.510803653125 0.4551268515625 0.506888303125 0.4553511671875 0.5036218156250001 0.4572869296875 0.5003553171874999 0.460432540625
0 0.5410050546875 0.5187901703125 0.5426383046875001 0.5185482015625 0.5455418609375 0.5129828890625 0.5455418609375 0.508143484375 0.5448159625 0.5047559046875 0.5422753609375001 0.500158478125 0.5402791687499999 0.49919059218750006 0.53773855625 0.4979807421875 0.5355608968750001 0.4943511921875 0.5324758640625 0.49386725 0.5277575921875 0.4945931625 0.522676378125 0.49507709999999994 0.51287688125 0.493141340625 0.5047106453125 0.49894862343749996 0.5019885656249999 0.5059657609375 0.5016256234375 0.5098372796875 0.5016256234375 0.51419274375 0.5028959171875 0.5190321484375 0.508158609375 0.5238715453125 0.5125139375 0.52483943125 0.5174136859375 0.5238715453125 0.5231790046875 0.5253869140625 0.5295723203125 0.524355484375 0.53610530625 0.5202419953125 0.5410050546875 0.5187901703125
0 0.5384644421875 0.5318779765625 0.5390088625 0.526796603125 0.539190328125 0.5217152328125 0.5390088625 0.5197794734375 0.5346535343750001 0.5212312953125 0.53029820625 0.5236509921875 0.5224949 0.5253447859375 0.5183210500000001 0.524376909375 0.5150545515625 0.5253447859375 0.5103362796875001 0.5253447859375 0.5059809515625 0.5236509921875 0.5023515093750001 0.5282484281250001 0.50797714375 0.53260389375 0.5112436437500001 0.534297678125 0.5106992234375001 0.5347816171875001 0.5083400874999999 0.5345396484375 0.5072512578125 0.5379272359375 0.505255065625 0.539621021875 0.5028959171875 0.539862990625 0.5007182593749999 0.5403469296875001 0.49981089531249995 0.5427666328125 0.500899725 0.5488158921874999 0.5057994734375 0.5514775640625 0.514328665625 0.550993615625 0.519772821875 0.54591225 0.522580196875 0.54241965625 0.52866495625 0.5420407234375 0.5337461703125 0.5388951140625 0.5384644421875 0.5318779765625
0 0.5257614 0.559704546875 0.5312055578125 0.56212425 0.5339276484375 0.5572848453125 0.5357423625 0.550751646875 0.5402791687499999 0.5449443656249999 0.541730940625 0.5408308765625 0.5381014984375 0.537685259375 0.5362867828125 0.53695935 0.5324758640625 0.5405889078125 0.5270317062500001 0.5434925484375001 0.523946684375 0.5434925484375001 0.5219504921875 0.5485739140625 0.5221319578125 0.552445440625 0.5235837421875 0.5570428749999999 0.5257614 0.559704546875
0 0.5194098796875 0.5885204046875 0.5224949 0.5919079921875 0.5270317062500001 0.5943276859375 0.5297537859375 0.593359809375 0.533020284375 0.5909401062499999 0.5357423625 0.5899722296875 0.5410050546875 0.588278434375 0.54354566875 0.5873105578125 0.5440900765625 0.5863426796875 0.54517890625 0.5817452453125 0.548808346875 0.5681949187499999 0.5484454046875 0.5652912765625 0.5471750984375 0.5621456671875 0.54354566875 0.560209903125 0.530116728125 0.5619036890625 0.5163248578124999 0.57013068125 0.5088844953125 0.57932554375 0.509805640625 0.5850015125 0.5146916078125 0.58658465 0.5175951640625 0.5873105578125 0.5194098796875 0.5885204046875
0 0.8945250218749999 0.3974927234375 0.8942673515624999 0.3930263 0.8909176375 0.3890752296875 0.8849912171875 0.38667023437500003 0.878807128125 0.3882163046875 0.87519974375 0.390105946875 0.87365371875 0.394744153125 0.8686291468749999 0.39766450781249996 0.8651505937499999 0.40333343125 0.8643775843749999 0.411235565625 0.8661812718749999 0.41587377812500004 0.8699174953125001 0.41896591406250006 0.8739113875 0.41982484531250003 0.87790528125 0.41810698906250005 0.8815126640625 0.41484306249999997 0.883981996875 0.4100286640625 0.8883409312499999 0.4072845015625 0.893365503125 0.40161557812500004 0.8945250218749999 0.3974927234375
0 0.8719788609375 0.42102734062499997 0.8699174953125001 0.426180909375 0.8683714765625 0.43133447656249996 0.8713346828124999 0.43219340156249997 0.8764880937499999 0.4318498328125 0.882801021875 0.43373947343749997 0.8838317 0.4325369734375 0.8852488875000001 0.4309909078125 0.8861507359375 0.4285859046875 0.888856271875 0.4249784140625 0.8909176375 0.4213709171875 0.8909176375 0.4191377 0.8891139406249999 0.417248059375 0.8883409312499999 0.4143277078125 0.8864084046875 0.4110637796875 0.8836985828125 0.4113512609375 0.8825433515625001 0.4136405671875 0.877518771875 0.41896591406250006 0.8719788609375 0.42102734062499997
0 0.8857642265625 0.434254828125 0.8866660749999999 0.4392366109375 0.889886959375 0.4442183953125 0.8952980390624999 0.4467951765625 0.901868628125 0.44473375 0.9052183515625 0.4383776859375 0.9076662171875001 0.434941975 0.9092122359375001 0.42892948124999997 0.9119177796875 0.4230887734375 0.9108871015625001 0.4143277078125 0.9080527265624999 0.4090023546875 0.9057336906250001 0.4074562859375 0.9031569859375 0.40711271250000003 0.8983900828125 0.410548425 0.8955557093750001 0.4160455640625 0.892979003125 0.42068377031250004 0.8902734593750001 0.4232605578125 0.887310253125 0.4260091234375 0.8860218968750001 0.4311626921875 0.8857642265625 0.434254828125
0 0.9019974671875 0.4655502125 0.9072797093749999 0.46383235625 0.9088257359374999 0.455930221875 0.9108871015625001 0.45404058125 0.91101593125 0.451635578125 0.9106294234375 0.448199871875 0.9115312703124999 0.4449359453125 0.9137214765625 0.4440770203125 0.9155251640625 0.44012595 0.9162981734375 0.43497238437499997 0.9144944859375 0.4275856046875 0.9115312703124999 0.424493465625 0.910371753125 0.42707024687499995 0.9062490296875 0.43669023749999997 0.9017397984375 0.44459237500000004 0.89645755625 0.44699737187500005 0.891634165625 0.44611666562499996 0.891690646875 0.4519791546875 0.8936231812500001 0.45988128906250003 0.897359396875 0.464004140625 0.9019974671875 0.4655502125
0 0.906120190625 0.46125556874999996 0.904703003125 0.4652066421875 0.9049606812500001 0.46932949375 0.907537378125 0.471906275 0.9098564140625 0.47156270625 0.9112736015625 0.4695012796875 0.9126907890625 0.4664091375 0.9137214765625 0.462286284375 0.9153963328125 0.46022485937499996 0.9166846812499999 0.455930221875 0.9169423515625 0.451292009375 0.915654003125 0.45008951406250003 0.9126907890625 0.44923058281249995 0.9115312703124999 0.45386879531249996 0.909341075 0.45610200624999997 0.906120190625 0.46125556874999996
0 0.9169423515625 0.455243075 0.9183595390624999 0.45696093125 0.9205497359375 0.45696093125 0.9219669234375001 0.45558665156249994 0.9218380921874999 0.4521509390625 0.9208074140625 0.4488870125 0.9196478953125 0.44631023125 0.9193902265625 0.43892345156249996 0.9192613875 0.4370338109375 0.9166846812499999 0.4378927390625 0.9157828328125 0.44012595 0.914236815625 0.44527951562499996 0.9137214765625 0.45008951406250003 0.9153963328125 0.45008951406250003 0.9173288609375 0.4521509390625 0.9169423515625 0.455243075
0 0.906120190625 0.4871951890625 0.9124331187499999 0.490974471875 0.9157828328125 0.4904591171875 0.921322753125 0.48685161875 0.9235129499999999 0.4830723375 0.9281510203125001 0.479808409375 0.9309853953125 0.47534198749999995 0.9340774312500001 0.4686423484375 0.9339486015625 0.46194271562500006 0.9321449046874999 0.45833521875 0.9299547078125 0.4573045015625 0.9257031453125 0.4588505734375 0.9169423515625 0.4653784265625 0.9086968953125 0.473452346875 0.9063778687499999 0.47757519843749996 0.9056048515624999 0.478949484375 0.904316503125 0.4830723375 0.906120190625 0.4871951890625