0 0.05538443125 0.53331484375 0.057866014062500006 0.535721228125 0.062265184375000004 0.534818834375 0.0624907828125 0.5300060656250001 0.06892034062499999 0.5245917015625 0.0733195109375 0.5205309296875 0.0738835078125 0.513612575 0.07207871875 0.50714541875 0.0686947421875 0.504889434375 0.06655155625 0.504889434375 0.0656491625 0.5074462171875 0.063167578125 0.5130109796875 0.060347598437500004 0.5163197578125 0.0598964 0.5190269390625 0.057640415625 0.521132525 0.0547076359375 0.5242909046875 0.0535796421875 0.5274492828125 0.05538443125 0.53331484375
0 0.0624907828125 0.50158065625 0.0606859953125 0.5012798578125001 0.058994006249999995 0.5033854437499999 0.057640415625 0.50895020625 0.0559484265625 0.5119581859375 0.0532412453125 0.5158685609375 0.050985259375 0.5218845203125 0.051549256249999995 0.5269980859375 0.0535796421875 0.5304572640624999 0.0527900484375 0.528802875 0.05346684375000001 0.5256444953125 0.0565124234375 0.521132525 0.058542809375000004 0.517974146875 0.061249992187500005 0.5149661671875 0.064295571875 0.5097022015625 0.0645211703125 0.505641428125 0.064295571875 0.5027838484375 0.0624907828125 0.50158065625
0 0.06643875625 0.5448955671875 0.06474676875 0.54278998125 0.062377984374999994 0.5438427734375 0.060121999999999995 0.5480539453125 0.060347598437500004 0.554370703125 0.05718921875000001 0.5584314765625 0.058655609374999994 0.5644474359375 0.0621523859375 0.57452416875 0.0653107640625 0.580690528125 0.06813074531249999 0.578735340625 0.0690331390625 0.5743737703125 0.0682435453125 0.56249225 0.068017946875 0.5566266890625 0.06779234843750001 0.5480539453125 0.06643875625 0.5448955671875
0 0.0719659203125 0.5743737703125 0.078282678125 0.5767801546875 0.08380984062499999 0.5757273609375 0.08538903125 0.5710649921875001 0.084937834375 0.5668538203125 0.08302024687500001 0.5588826734375 0.0817794546875 0.5566266890625 0.07974906875 0.5548219 0.0769290875 0.552716315625 0.07185312031249999 0.5501595312500001 0.0700483328125 0.5501595312500001 0.0693715375 0.5537691078125 0.0693715375 0.5605370625 0.0692587375 0.5674554171875 0.0690331390625 0.5701625984375001 0.0719659203125 0.5743737703125
0 0.064295571875 0.5307580609375 0.064182771875 0.53527003125 0.065987559375 0.5417371875 0.06745395 0.5467003546875 0.06892034062499999 0.551663521875 0.069822734375 0.550761128125 0.0714019234375 0.549708334375 0.0743347046875 0.550761128125 0.074560303125 0.549858734375 0.07580109375 0.54474516875 0.0738835078125 0.539481203125 0.0734323109375 0.5364732234375 0.0743347046875 0.5318108546875 0.073545109375 0.52594529375 0.0706123296875 0.5229373140625 0.0693715375 0.5248925 0.064295571875 0.528802875 0.064295571875 0.5307580609375
0 0.075462696875 0.5418875875 0.07580109375 0.545948359375 0.0748987 0.549858734375 0.0761394921875 0.5515131234374999 0.078733875 0.5521147187500001 0.08155385625 0.5501595312500001 0.08347144375 0.5480539453125 0.08279464843749999 0.54459476875 0.080200265625 0.5421883843749999 0.07895947343750001 0.5387292078125 0.0817794546875 0.5355708296875 0.0823434515625 0.5346684359375 0.081102659375 0.533916440625 0.0794106703125 0.5325628499999999 0.07907227343749999 0.5304572640624999 0.08008746562499999 0.528802875 0.080200265625 0.525343696875 0.0813282578125 0.5238397078125 0.078621075 0.5229373140625 0.07636509062499999 0.5242909046875 0.07422190468749999 0.5271484859375 0.0746731015625 0.5312092578125001 0.073545109375 0.5340668390625 0.0730939125 0.537526015625 0.075462696875 0.5418875875
0 0.10197052031250001 0.5349692328125 0.1027601140625 0.53331484375 0.1018577203125 0.52970526875 0.0996017359375 0.5265468890625 0.0957665609375 0.5248925 0.09080339375 0.5229373140625 0.0888858078125 0.521132525 0.0840354390625 0.522486115625 0.0798618671875 0.5260956921875 0.0805386625 0.5274492828125 0.08008746562499999 0.530156465625 0.0785082765625 0.53241245 0.081102659375 0.533916440625 0.0836970421875 0.533766040625 0.09012659843750001 0.53527003125 0.0926081828125 0.5363228234374999 0.096104959375 0.5367740203125 0.10197052031250001 0.5349692328125
0 0.0805386625 0.5415867890625 0.0850506328125 0.5467003546875 0.0892242046875 0.5500091328125001 0.09497696718750001 0.549858734375 0.0967817546875 0.54745235 0.0968945546875 0.5433915765624999 0.098812140625 0.54278998125 0.09824814531250001 0.5396316015625 0.09497696718750001 0.535721228125 0.092382584375 0.536172425 0.09046499687500001 0.5364732234375 0.0887730078125 0.535721228125 0.0851634328125 0.5336156421875 0.0817794546875 0.5360220265625 0.07895947343750001 0.539481203125 0.0805386625 0.5415867890625
0 0.0948641671875 0.5248925 0.09869934218750001 0.5256444953125 0.09903773906249999 0.5242909046875 0.0985865421875 0.5196285359374999 0.097007353125 0.509401403125 0.0957665609375 0.5054910296874999 0.0933977765625 0.501129459375 0.089449803125 0.4993246703125 0.08414823906249999 0.5017310546875 0.08155385625 0.505641428125 0.08166665625 0.5121085859375001 0.0836970421875 0.5145149703125 0.08538903125 0.51827494375 0.085840228125 0.521734121875 0.0887730078125 0.521734121875 0.0918185875 0.5227869140625 0.0948641671875 0.5248925
0 0.074560303125 0.51271018125 0.07410910625 0.517071753125 0.07602669375 0.5193277375 0.077380284375 0.52203491875 0.07771868125 0.5233885109374999 0.08042586406249999 0.5238397078125 0.082005053125 0.5236893078125 0.0835842421875 0.522636515625 0.08538903125 0.52218531875 0.0855018296875 0.521132525 0.0851634328125 0.517823746875 0.08335864375 0.5140637734375 0.08144105625 0.5107549953125 0.08155385625 0.506694221875 0.07895947343750001 0.5074462171875 0.07580109375 0.5092510046875 0.074560303125 0.51271018125
0 0.40131303906250004 0.5431063015625 0.40482277343749995 0.5443096390625 0.40712917031250007 0.543373709375 0.4084327859375 0.5400311062500001 0.4077308390625 0.538560359375 0.40642722343750004 0.5341481234375001 0.4045219390625 0.5301369984375001 0.4015135953125 0.52478883125 0.3990066421875 0.5238529015625 0.3961988546875 0.52438771875 0.3931905109375 0.52759661875 0.3925888421875 0.53120663125 0.3942935703125 0.5342818265625 0.3970010796875 0.5362873890625 0.3988060859375 0.53922888125 0.4001097015625 0.541769259375 0.40131303906250004 0.5431063015625
0 0.3879760484375 0.5348166437499999 0.3874746578125 0.5411007390625 0.3892796640625 0.542170371875 0.38948022031249996 0.544978159375 0.3899816109375 0.548187059375 0.3920874515625 0.55086114375 0.3945944046875 0.5519307765625 0.3998088671875 0.5519307765625 0.4011124828125 0.549390396875 0.4017141515625 0.54564668125 0.4016138734375 0.5439085265625 0.4001097015625 0.542170371875 0.3989063640625 0.5389614734375 0.3972016359375 0.53682220625 0.3956974640625 0.53601998125 0.39329078906250003 0.5329447859374999 0.39288967656249996 0.5293347734375 0.3903827234375 0.53040440625 0.3888785515625 0.5320088562499999 0.3879760484375 0.5348166437499999
0 0.417457815625 0.489223525 0.4152516984375 0.48360795 0.4134466921875 0.48133497968750005 0.41093973906250003 0.4802653453125 0.4076305609375 0.4824046125 0.4034188796875 0.490827975 0.4008116484375 0.4979142953125 0.40131303906250004 0.5011231953124999 0.40121276093749997 0.5035298703125 0.4006110921875 0.505802840625 0.3985052515625 0.5122206406250001 0.3988060859375 0.5164991734375 0.3999091453125 0.517033990625 0.4026166546875 0.516632878125 0.4051236078125 0.515028428125 0.40692861406249997 0.513022865625 0.41073918281250005 0.5056691359375 0.41033807031249997 0.502593940625 0.4135469703125 0.49965244999999997 0.41595364375 0.4952402125 0.417457815625 0.489223525
0 0.40712917031250007 0.5197080734374999 0.4079313953125 0.5187721437499999 0.40983667968750004 0.5144936109375 0.4130455796875 0.513423978125 0.4141486375 0.51516213125 0.417457815625 0.51395879375 0.42136866250000005 0.51034878125 0.4245775625 0.5056691359375 0.42497867500000003 0.5015243078125 0.42327394687500003 0.4971120703125 0.42227116562499994 0.494170578125 0.420265603125 0.492566128125 0.41595364375 0.4944379875 0.4142489171875 0.49818170312500004 0.4130455796875 0.5007220828125 0.4117419640625 0.5032624609374999 0.4087336203125 0.5091454453125001 0.4070288921875 0.5124880484375 0.4060261109375 0.5152958359375 0.4050233296875 0.51716769375 0.40712917031250007 0.5197080734374999
0 0.41475030625000003 0.5281314359375 0.41675586875 0.5245214234375 0.41815976250000003 0.5222484515625 0.41906226562500004 0.5185047359375 0.420265603125 0.5152958359375 0.42036588124999996 0.5122206406250001 0.41735753750000004 0.5143599062499999 0.41475030625000003 0.5152958359375 0.4129453015625 0.5140924984375 0.4113408515625 0.5148947234375 0.4094355671875 0.5164991734375 0.4087336203125 0.51917325625 0.40562499843750005 0.518638440625 0.40472249531250004 0.5173013984375 0.4033186015625 0.51917325625 0.4016138734375 0.521045115625 0.4004105359375 0.52398660625 0.40371971406249996 0.5286662515625 0.4074300046875 0.5338807140624999 0.4134466921875 0.5332121937500001 0.41475030625000003 0.5281314359375
0 0.4162544796875 0.5424377812500001 0.417658371875 0.5439085265625 0.420265603125 0.544175934375 0.42517923125 0.5419029640625 0.427084515625 0.536955909375 0.42888952187499996 0.5293347734375 0.43059424999999996 0.5230506765625 0.4325998125 0.51756880625 0.433702871875 0.5148947234375 0.433101203125 0.510616190625 0.431296196875 0.5076746984375 0.42738535000000005 0.5072735859375 0.42377533749999996 0.51034878125 0.42136866250000005 0.5131565703125001 0.41775865 0.52198104375 0.4142489171875 0.5301369984375001 0.4134466921875 0.5350840515625 0.4136472484375 0.53962999375 0.4162544796875 0.5424377812500001
0 0.445836525 0.5245214234375 0.44944653749999997 0.5222484515625 0.45044931874999994 0.5189058484375 0.449145703125 0.5124880484375 0.4438309625 0.5075409953125 0.43931844687500005 0.5047332078125 0.43641038125 0.502995053125 0.43209842187499997 0.5016580109375 0.42929063437500004 0.501791715625 0.42718479374999996 0.5035298703125 0.42678368125 0.505802840625 0.42758590625000004 0.5070061781249999 0.430895084375 0.5071398828125 0.43270009062500003 0.509412853125 0.43380314999999997 0.5122206406250001 0.433702871875 0.5146273156250001 0.433000925 0.51756880625 0.43550787812499997 0.5185047359375 0.438716778125 0.5205102984375001 0.44252734687500006 0.5245214234375 0.445836525 0.5245214234375
0 0.42979202499999997 0.5301369984375001 0.43340203749999995 0.53281108125 0.43761371875000005 0.53441553125 0.44182540000000003 0.5334796015625 0.444532909375 0.53160774375 0.44533513437499994 0.5302707015625 0.445535690625 0.52679439375 0.4450343 0.5254573515625001 0.44182540000000003 0.52438771875 0.43831566562499996 0.5221147484374999 0.43610954687500003 0.51837103125 0.43249953437500005 0.51756880625 0.430694528125 0.52318438125 0.42959146875 0.5274629140625 0.42909007812500005 0.5289336609374999 0.42979202499999997 0.5301369984375001
0 0.7651737203125 0.498758578125 0.7658935437500001 0.5041972546875 0.7688928140625 0.507076553125 0.7696126390625 0.5104357359375 0.771892084375 0.5149146453125 0.7745314421875 0.516834178125 0.7771707984375 0.516834178125 0.7801700687500001 0.51507460625 0.78196963125 0.5115554625 0.78232954375 0.5078763578125 0.781489746875 0.5054769421875001 0.7786104484374999 0.5019578 0.7758511203125 0.49443962968750005 0.7710522890625 0.4920402140625 0.7669732812500001 0.49507947343750003 0.7651737203125 0.498758578125
0 0.7828094265625001 0.50803631875 0.781849659375 0.5133150343749999 0.7808898937500001 0.5152345671874999 0.782209571875 0.5161943328125 0.784728959375 0.51635429375 0.7876082578125 0.5153945281250001 0.79084746875 0.5125152296875 0.7914473234375 0.51091561875 0.7907274984375 0.5057968640625 0.7910874109375 0.501477915625 0.788568025 0.4963591625 0.7862885796875 0.48900095312499997 0.7837691921875 0.485641771875 0.7811298359375 0.48532184999999994 0.7786104484374999 0.48708142031249996 0.7763310031249999 0.491720290625 0.7766909156249999 0.4963591625 0.7777706531249999 0.500038265625 0.7801700687500001 0.5030775265625 0.78232954375 0.50531698125 0.7828094265625001 0.50803631875
0 0.7855687546875 0.5310707109374999 0.790967440625 0.529950984375 0.79336685625 0.5281914125 0.7942066515625 0.5249921921875 0.7972059218750001 0.52051328125 0.7996053375 0.5173140609375 0.8004451328125001 0.5147546843749999 0.8003251625000001 0.5110755796875 0.7979257468750001 0.5072365140625 0.7952863890625 0.5059568249999999 0.79192720625 0.5046771375 0.7914473234375 0.507076553125 0.792047178125 0.5110755796875 0.7901276453125 0.51363495625 0.7849689 0.5173140609375 0.78268945625 0.5173140609375 0.7810098640625001 0.52195293125 0.781849659375 0.526431840625 0.7855687546875 0.5310707109374999
0 0.7990054828125001 0.53299024375 0.8010449875000001 0.5301109453125 0.80296451875 0.5297910234375001 0.80676999375 0.5321904390625 0.8096492921875 0.5304308671875 0.8100092046875 0.5249921921875 0.809889234375 0.5229126984375 0.807729759375 0.5187537109375 0.8059301968750001 0.5173140609375 0.8023310734375 0.5203533203124999 0.7975658343750001 0.520193359375 0.795406359375 0.52195293125 0.793966709375 0.5267517625 0.7966060671874999 0.532030478125 0.7990054828125001 0.53299024375
0 0.811533203125 0.5555570578125 0.8137249765625001 0.5580179984375 0.8160321078124999 0.5580179984375 0.8183392375 0.5534037359374999 0.8192620906249999 0.5478666234375 0.82041565625 0.543098553125 0.82041565625 0.5403299953125 0.8189160203125001 0.5366385874999999 0.8181085250000001 0.5327933687499999 0.8162628203125 0.5291019609375 0.814186403125 0.52771768125 0.8103796375 0.52725625625 0.8095721421875 0.5304862390625 0.80795715 0.5329471781249999 0.8059960890625 0.5329471781249999 0.803919671875 0.531409090625 0.80265075 0.5346390734375001 0.8046118109375 0.541714275 0.8088800031250001 0.548635665625 0.811533203125 0.5555570578125
0 0.832412734375 0.553711353125 0.832412734375 0.55463420625 0.8328741609374999 0.55894085 0.8352966484375 0.5601713203124999 0.8394494828125 0.5614017890625 0.842448753125 0.5601713203124999 0.8444098140625 0.5543265890625 0.8445251703125001 0.55155803125 0.8430255359375 0.5457133 0.8437176750000001 0.543867596875 0.8467169453125001 0.5418680828125 0.847755153125 0.53940714375 0.8483319359375001 0.5371000125000001 0.8487933625 0.5340238390625001 0.8484472937499999 0.532178134375 0.8468323015625 0.5300248125 0.844986596875 0.5280253 0.8431408921875001 0.52771768125 0.8402569796874999 0.530640046875 0.8359887875 0.538022865625 0.8355273609375 0.541714275 0.8350659359374999 0.5477128140625 0.832412734375 0.553711353125
0 0.8380652046874999 0.521411525 0.8351812921875 0.5167972640625 0.8306823874999999 0.5160282203125 0.8260681249999999 0.5189505859375 0.823414925 0.5291019609375 0.8220306468749999 0.5427909359374999 0.8236456390625 0.5483280484375 0.827221690625 0.553711353125 0.8316052390625 0.5534037359374999 0.8340277265625 0.5492509015625 0.8348352218749999 0.542329509375 0.8359887875 0.5375614390625 0.8388727015624999 0.53125528125 0.8391034140625001 0.525102934375 0.8380652046874999 0.521411525