0 0.1749850234375 0.5040281078125 0.1771556390625 0.5113748078125 0.1811629296875 0.5149368437499999 0.1829996046875 0.5169404890625 0.1818308109375 0.5231740515625 0.1848362796875 0.5274039703125 0.18750780625000002 0.526958715625 0.18984539218750002 0.5258455796875 0.19234995 0.5231740515625 0.19285086093749998 0.520502525 0.19151509687499998 0.5136010796875 0.18884357031250001 0.5073675171875001 0.18400142656250001 0.49846242656250006 0.179493225 0.49668140781250003 0.1759868453125 0.49935293593749996 0.1749850234375 0.5040281078125
0 0.198861796875 0.51872150625 0.20403787968749998 0.5140463343749999 0.2047057625 0.51248794375 0.2048727328125 0.5089259078125 0.2043718203125 0.5049186171875 0.20086544218750002 0.5015792078125 0.19669118125 0.49668140781250003 0.1955223875 0.4920062359375 0.194186625 0.49000259062499996 0.1913481265625 0.48777631875000005 0.1885096296875 0.48733106406250004 0.1848362796875 0.4897799640625 0.18383445625 0.491783609375 0.18433536875 0.49846242656250006 0.1885096296875 0.5069222625 0.1916820671875 0.513155825 0.1936857125 0.5167178609375 0.198861796875 0.51872150625
0 0.42860337031249995 0.447605490625 0.4266239828125 0.4426790140625 0.42279716718750004 0.4402157765625 0.4185744734375 0.4407436140625 0.415407453125 0.44250306874999995 0.41237239375 0.4437346875 0.4076218625 0.44549414374999996 0.4051146390625 0.44936494531250004 0.40432288437499997 0.4527079109375 0.4049826796875 0.4569306046875 0.407753821875 0.4602735703125 0.41356002500000005 0.4615051890625 0.4191023109375 0.459217896875 0.42372088124999996 0.45710654999999994 0.4270198609375 0.45305980156250003 0.42860337031249995 0.447605490625
0 0.40814969999999995 0.4655519359375 0.4107888828125 0.47241381406249994 0.41263631093750003 0.476284615625 0.41382394375000003 0.477868125 0.41619920937500005 0.477516234375 0.4180466375 0.47575677968749996 0.4205538609375 0.4754048875 0.42292912656250004 0.4754048875 0.4245126359375 0.47417326875 0.42622810624999996 0.47364543281250004 0.42715181874999997 0.47241381406249994 0.427943575 0.47065435781250003 0.42728377812499996 0.46432031875 0.42728377812499996 0.4595697875 0.42728377812499996 0.45605087656250004 0.4246445953125 0.45675465937500004 0.42292912656250004 0.45833816875 0.42174149375000003 0.459217896875 0.41619920937500005 0.4606254609375 0.41184455625 0.461681134375 0.4101290875 0.46115329843749997 0.4085455765625 0.4632646453125 0.40814969999999995 0.4655519359375
0 0.3775351734375 0.4307147171875 0.3756877453125 0.43018687968749997 0.374104234375 0.43141850000000004 0.3730485609375 0.4338817375 0.3714650515625 0.43616902968750004 0.368693909375 0.43740064843750004 0.3677701953125 0.4398638859375 0.3680341125 0.44303090625 0.36974958281250003 0.446197925 0.37225680625 0.44918899999999995 0.3731805203125 0.4469017078125 0.3754238265625 0.446197925 0.37819496875 0.4477814359375 0.380306315625 0.447605490625 0.3813619890625 0.4428549609375 0.382549621875 0.4398638859375 0.3812300296875 0.437928484375 0.37925064218750004 0.4381044296875 0.3774032140625 0.44162334062499997 0.38057023437500004 0.4338817375 0.3797784796875 0.43247417343750005 0.3775351734375 0.4307147171875
0 0.48487675 0.4175083125 0.48267676406250004 0.415357215625 0.48077010937500003 0.4151616609375 0.47857012499999996 0.4151616609375 0.4765168046875 0.417117203125 0.47314349375000003 0.42044162500000004 0.4741701546875 0.42982822968749995 0.47607680781250006 0.43510819375 0.47842345937499997 0.4321748796875 0.4831167609375 0.4282637953125 0.48355675781249996 0.42493937343750005 0.485023415625 0.4198549625 0.48487675 0.4175083125
0 0.47637013906250003 0.447623665625 0.47710346875000004 0.44801477343749996 0.479303453125 0.44781922031250004 0.480476778125 0.4456681234375 0.48077010937500003 0.441170375 0.4820901015625 0.437259290625 0.4834100921875 0.433543759375 0.48458341718750003 0.4288504578125 0.4847300828125 0.4276771328125 0.48238343281249996 0.42943712031250003 0.47901012187500003 0.43158821718749996 0.47622347343750004 0.436672628125 0.47490348281249994 0.441170375 0.47505014843750004 0.44469035156250003 0.47637013906250003 0.447623665625
0 0.5867789421875 0.3902055453125 0.5838376937499999 0.3907657828125 0.581841846875 0.39314679375 0.580896446875 0.3983289921875 0.5812115796875 0.40183047656250004 0.5805813125 0.40449160624999997 0.581736803125 0.41135451874999995 0.58530831875 0.41331534999999997 0.5895101 0.4127551125 0.591505946875 0.4088334484375 0.5916109921875 0.406032259375 0.5907706359375 0.4030910125 0.591505946875 0.397208515625 0.5903504578125001 0.39370703125 0.588984878125 0.39146607968749997 0.5867789421875 0.3902055453125
0 0.5972833984375 0.414015646875 0.59980446875 0.413175290625 0.60222049375 0.4088334484375 0.6032709390625 0.40687261562500004 0.601170046875 0.40183047656250004 0.602745715625 0.4009901203125 0.602745715625 0.3987491703125 0.60222049375 0.395807921875 0.59980446875 0.393006734375 0.5982288 0.39258655625 0.595392596875 0.393006734375 0.59255639375 0.395527803125 0.5916109921875 0.3981889328125 0.591505946875 0.40295095312500007 0.59182108125 0.40911356718749997 0.5928715265625 0.412334934375 0.5947623296875 0.414015646875 0.5972833984375 0.414015646875
0 0.717190590625 0.4258390171875 0.7197237999999999 0.4244100265625 0.7204058171875001 0.424020303125 0.720113525 0.4218118640625 0.7184571953125001 0.41895388437500003 0.716995728125 0.41791461874999997 0.7155342609375 0.4180445265625 0.7139753625 0.41843425156249997 0.7123190328125 0.419473515625 0.7100781171875 0.41908379218749997 0.7074474765625001 0.418174434375 0.7053039921875001 0.41856415937499997 0.70277078125 0.42012305781250003 0.701114453125 0.42492965937499994 0.7016016078125 0.42973626249999997 0.7075449078125 0.43259424218750003 0.7106627046875 0.43142506875000003 0.71387793125 0.43090543593749997 0.716508571875 0.43025589531249997 0.717190590625 0.4258390171875
0 0.7026733515625 0.43999900937499997 0.7017964703125 0.44246726406250003 0.7016990390625 0.44649441875000007 0.7049142671874999 0.453899184375 0.7076423390625 0.4590955109375 0.7101755484375001 0.4618235828125 0.7124164640624999 0.4628628484375 0.716606003125 0.46130395 0.7182623328125 0.4574067046875 0.7183597640625 0.45363936875000005 0.7178726078125 0.4502617546875 0.7160214171875 0.44701405000000005 0.7150471046875 0.4455850609375 0.7130010515625 0.44233735625000004 0.7102729796875 0.43947937656249997 0.7075449078125 0.43740084531249995 0.7054014234375 0.4377905703125 0.7026733515625 0.43999900937499997
0 0.7182623328125 0.4531197359375 0.7182623328125 0.4571468890625 0.7179700390625 0.45974505312499997 0.7203083859375 0.4615637671875 0.7229390265625 0.4615637671875 0.7250825125 0.4601347765625 0.7267388421875001 0.4574067046875 0.727420859375 0.45169074531250003 0.727420859375 0.4483131328125 0.7264465484375 0.4449355203125 0.7250825125 0.43947937656249997 0.7230364578125 0.43480268125 0.7195289375 0.43129516093750003 0.7174828828125001 0.42973626249999997 0.7130984828125 0.4323344265625 0.7124164640624999 0.43675130468749995 0.7129036203125 0.44142799843749997 0.7143650874999999 0.44506542812500005 0.7161188484375 0.448183225 0.7177751765625 0.45091129687500003 0.7182623328125 0.4531197359375
0 0.8035252171874999 0.402125840625 0.8036928624999999 0.399219984375 0.8031899250000001 0.3943023796875 0.8008428875 0.394078853125 0.79916643125 0.394078853125 0.79916643125 0.390055359375 0.797657621875 0.38782008437500004 0.79447235625 0.38782008437500004 0.7939694187499999 0.39206710624999996 0.7941370640625001 0.3960906 0.7934664828125 0.39832587343750003 0.7927959 0.40324347656250004 0.7941370640625001 0.40816108125 0.798831140625 0.40436111406249997 0.7996693687499999 0.4041375875 0.8035252171874999 0.402125840625
0 0.9250682546875 0.3947494359375 0.9297623312500001 0.39251416093749997 0.933785825 0.391843578125 0.9339534703125001 0.3893847765625 0.9351269890625 0.386925975 0.9369710906250001 0.38536128281250004 0.935629925 0.3802201515625 0.9322770140625 0.3786554609375 0.92875645625 0.3786554609375 0.9255711906249999 0.3795495703125 0.924397671875 0.3835730640625 0.9225535703125001 0.388937721875 0.9225535703125001 0.39251416093749997 0.9242300265625 0.395196490625 0.9250682546875 0.3947494359375