0 0.5291665234375 0.0272465921875 0.5274529015625 0.023905029687500003 0.5199129640625 0.023647985937499998 0.5120303015625 0.0275036359375 0.503462190625 0.0365001515625 0.4990067734375 0.039584671875 0.49078138750000005 0.0408698890625 0.48152782812500006 0.0457537125 0.477415134375 0.05269388125 0.4784433078125 0.058091790624999994 0.4801569296875 0.061947440625 0.48666869375 0.06297561406249999 0.496264978125 0.060405181249999995 0.5127157515625 0.0542361421875 0.522312034375 0.0442114515625 0.53225104375 0.030588156249999998 0.5291665234375 0.0272465921875
0 0.5089457828125 0.05783474843750001 0.5027767421875 0.058348834375000005 0.4979786 0.060662225 0.49420863125 0.065803090625 0.49146683593749996 0.073771434375 0.488382315625 0.0799404734375 0.49180956093750006 0.0801975171875 0.496264978125 0.08379612343750001 0.5020912937500001 0.0871376875 0.5051758140625 0.0866236 0.507232159375 0.08431021093749999 0.511687578125 0.0786552578125 0.5199129640625 0.0755707375 0.5212838609375 0.07325734687499999 0.5178566171875 0.06760239375 0.518884790625 0.06297561406249999 0.5158002703125 0.060405181249999995 0.5089457828125 0.05783474843750001
0 0.5439036749999999 0.0765989109375 0.5514436125 0.07197213125 0.5593262734375 0.06400378749999999 0.56241079375 0.0557784015625 0.5661807624999999 0.047038928125000004 0.567894384375 0.043440321875 0.5644671406249999 0.0429262359375 0.5579553765624999 0.0429262359375 0.5476736437499999 0.039841715625 0.5411618796875 0.039327628125 0.530537421875 0.041383975 0.522997484375 0.047295971874999995 0.5185420656249999 0.05706361875 0.5199129640625 0.0611763109375 0.5233402078125 0.06683126406249999 0.5257392796875 0.072229175 0.5298519734375 0.07531369375 0.5439036749999999 0.0765989109375
0 0.507574884375 0.092535596875 0.5168284437499999 0.10153211250000001 0.5308801453124999 0.10281732968749999 0.5500727140625 0.09793350625 0.5562417546875 0.09484898750000001 0.5672089359375 0.08739472968749999 0.56995073125 0.0778841265625 0.564124415625 0.0673453515625 0.55898355 0.066060134375 0.5517863359375 0.07351439062500001 0.5421900515625 0.077370040625 0.53190831875 0.0760848234375 0.5274529015625 0.073771434375 0.5178566171875 0.07582778125 0.5103166796874999 0.0804545609375 0.507574884375 0.085081340625 0.507574884375 0.092535596875
0 0.507574884375 0.1092434125 0.5103166796874999 0.10847228281250001 0.511687578125 0.1053877625 0.5086030578125 0.1012750703125 0.50243401875 0.092792640625 0.4972931515625 0.09047925 0.488382315625 0.08739472968749999 0.4825560015625 0.0840531671875 0.477415134375 0.0840531671875 0.4650770546875 0.0858524703125 0.46096436093750004 0.092278553125 0.466447953125 0.09819055 0.4801569296875 0.107444109375 0.4972931515625 0.11078567343750001 0.503804915625 0.11104271562500001 0.507574884375 0.1092434125
0 0.44142906875000004 0.1069300234375 0.44211451874999996 0.11515540937499999 0.44211451874999996 0.1269794015625 0.44588448593749996 0.134176615625 0.4499971796875 0.1421449578125 0.45890801562499994 0.14702878125000002 0.4654197796875 0.1460006078125 0.47227426875 0.141373828125 0.473645165625 0.13469070156250001 0.47193154374999996 0.1272364453125 0.4688470234375 0.1169547125 0.45890801562499994 0.103845503125 0.45171080156250004 0.1012750703125 0.4462272109375 0.10153211250000001 0.44142906875000004 0.1069300234375
0 0.4757015125 0.139574525 0.4846123484375 0.1421449578125 0.492837734375 0.1439442625 0.49934949843750004 0.1447153921875 0.5020912937500001 0.145743565625 0.507917609375 0.14831399843749998 0.511344853125 0.1465146953125 0.5082603328124999 0.141630871875 0.5068894359375 0.13597591874999998 0.507574884375 0.133919571875 0.507917609375 0.1254371421875 0.5048330890625 0.1174688 0.4969504265625 0.1120708890625 0.48735414375 0.1097575 0.47912875625 0.11309906249999999 0.47090337031249996 0.1220955796875 0.4726169921875 0.1323773125 0.4743306140625 0.1362329625 0.4757015125 0.139574525
0 0.5277225265625 0.49398836562500004 0.52611931875 0.49078194999999997 0.523981709375 0.48797633749999997 0.52077529375 0.4871747328125 0.514896865625 0.4865735296875 0.51169045 0.487375134375 0.508216834375 0.488777940625 0.506346425 0.492785959375 0.5052776203125 0.49519077187500005 0.5023384046875 0.49819678593749994 0.4983303859375 0.5002007953125001 0.495391171875 0.50501041875 0.49218475625 0.511022446875 0.495391171875 0.5114232484375 0.501804003125 0.51042124375 0.5146296640625 0.5092188390625 0.5194392875 0.5060124234375001 0.5250505140625 0.5014032015625001 0.5277225265625 0.49398836562500004
0 0.5090184375 0.514830065625 0.506346425 0.51823688125 0.5052776203125 0.5218440984375 0.5026056062500001 0.5248501125 0.5036744125 0.5256517171875 0.5090184375 0.5270545234374999 0.513560859375 0.52865773125 0.516232871875 0.5294593359374999 0.5194392875 0.5294593359374999 0.52344730625 0.528056528125 0.5255849171875 0.5256517171875 0.52585211875 0.522645703125 0.5229129046875001 0.517435278125 0.5181032812499999 0.5132268578125 0.5173016765625 0.51302645625 0.5090184375 0.514830065625
0 0.5424185968749999 0.52324690625 0.5458922140625 0.5190384859375 0.5458922140625 0.512425253125 0.548029825 0.5062128234375 0.54669381875 0.5042088140625001 0.5445562078124999 0.504409215625 0.53894498125 0.5028060078125 0.535738565625 0.503006409375 0.5301273390625 0.505611621875 0.5245161109375001 0.5100204421875 0.5229129046875001 0.513627659375 0.5247833125 0.5192388859375 0.527989728125 0.522846103125 0.5368073703125 0.5248501125 0.5424185968749999 0.52324690625
0 0.527989728125 0.5456918125 0.531997746875 0.5452910109375 0.5413497921875 0.54408860625 0.547495421875 0.5432870015625 0.551503440625 0.5410825906250001 0.5584506734375 0.5352709625000001 0.5613898890625 0.531864146875 0.560588284375 0.52845733125 0.557916271875 0.5244493109375 0.5485642265624999 0.521443296875 0.5413497921875 0.5230465046874999 0.5354713640625001 0.525250915625 0.5263865203125 0.5294593359374999 0.5197064890624999 0.5328661515625 0.5140952609375 0.5380765765625 0.5132936578125 0.5430866 0.5151640671875 0.544890209375 0.5205080921875 0.5456918125 0.5231801046875 0.5456918125 0.527989728125 0.5456918125
0 0.5167672750000001 0.8220447359374999 0.5138280609375 0.819840325 0.5074152296875 0.8164335093749999 0.5020712046875 0.8152311031249999 0.49592557499999995 0.8152311031249999 0.4911159515625 0.8170347124999999 0.48844393906250005 0.8166339109375 0.48443592031250005 0.8156319062499999 0.48149670625 0.8162331078125 0.4812295046875 0.8212431328124999 0.4871079328125 0.828257165625 0.494055165625 0.8298603734375 0.501804003125 0.8320647843750001 0.5159656703125 0.8270547609375001 0.5167672750000001 0.8220447359374999
0 0.4988647890625 0.8539084890625 0.5047432171875 0.8533072859375 0.510888846875 0.8501008703125 0.51543126875 0.84569205 0.51543126875 0.8434876390625 0.5127592546875 0.8420848328125 0.5087512359375 0.8424856343749999 0.5012696 0.8426860359375 0.4937879640625 0.8432872375 0.48416871875 0.8430868374999999 0.47535107656250003 0.8452912484375 0.4724118625 0.8482972625 0.47107585625 0.8537080874999999 0.47454947187499996 0.856714103125 0.48336711406250005 0.8545096921875001 0.488978340625 0.854108890625 0.4988647890625 0.8539084890625
0 0.47962629687499997 0.8224455374999999 0.47535107656250003 0.821643934375 0.47107585625 0.8240487453125 0.47000705 0.8284575671875001 0.47214466093749996 0.8356720015624999 0.4708086546875 0.840481625 0.47641988125 0.84168403125 0.4780230890625 0.84448964375 0.4871079328125 0.8430868374999999 0.48951274375000003 0.8418844312499999 0.4903143484375 0.8374756109374999 0.4916503546875 0.83406879375 0.4903143484375 0.830661978125 0.487375134375 0.82865796875 0.4839015171875 0.825451553125 0.47962629687499997 0.8224455374999999