0 0.083653153125 0.478787553125 0.0891191265625 0.47340079687500003 0.0914956359375 0.46294415312500004 0.0900697296875 0.4613598125 0.08935677656249999 0.45945860468750005 0.0900697296875 0.456289925 0.091257984375 0.44805135625 0.0774742265625 0.45660679374999996 0.0743847640625 0.45660679374999996 0.0686811390625 0.46199354843749996 0.06250221406249999 0.47308392968749996 0.064403421875 0.47942128906250003 0.0708199984375 0.48100562968749994 0.074860065625 0.481639365625 0.0781871796875 0.481639365625 0.083653153125 0.478787553125
0 0.065116375 0.5282189609375 0.06535402500000001 0.5288526984375 0.0750977171875 0.5272683578125 0.082227246875 0.5285358296875 0.091257984375 0.5218816015625001 0.09553570312500001 0.5164948453125 0.09482275 0.5022357859375 0.0900697296875 0.48797672499999994 0.076998925 0.481322496875 0.07557301875 0.483857440625 0.06749288437499999 0.48797672499999994 0.061076307812499994 0.49051166874999996 0.057749193750000004 0.502552653125 0.05869979843749999 0.5177623171875 0.065116375 0.5282189609375
0 0.1100324140625 0.510791221875 0.116448990625 0.5111080890624999 0.12286556875000001 0.5066719375 0.1254797296875 0.5009683140625001 0.1264303328125 0.4889273296875 0.123816171875 0.48037189375 0.123816171875 0.468330909375 0.12215261562499999 0.4543887171875 0.1188255015625 0.44868509218749997 0.111695971875 0.446783884375 0.10385348750000001 0.44805135625 0.097199259375 0.4540718484375 0.0936344953125 0.46896464531250004 0.0957733546875 0.48100562968749994 0.09672395781250001 0.49336348125 0.10266523281249999 0.5060382015625 0.1100324140625 0.510791221875
0 0.057986843749999996 0.45692366093750003 0.0575115421875 0.4531212453125 0.0551350328125 0.4502694328125 0.04895610625 0.45343811250000005 0.046104293750000004 0.45882486875 0.047767851562500005 0.46959838125 0.047767851562500005 0.47942128906250003 0.04729255 0.48449117656249996 0.046817246875 0.4886104609375 0.0456289921875 0.5035032578124999 0.043727784375 0.5142767703125 0.0453913421875 0.5177623171875 0.05180791875 0.5168117140625 0.0522832203125 0.5066719375 0.052758521875 0.4889273296875 0.0529961734375 0.48195623281250005 0.053233825 0.473717665625 0.0567985890625 0.46389475625000004 0.057986843749999996 0.45692366093750003
0 0.4689961625 0.4425849234375 0.466636009375 0.43876372343750003 0.4673103375 0.432919534375 0.4659616796875 0.43089654531250005 0.46343294375 0.43112132187499996 0.459218384375 0.4335938640625 0.4529808359375 0.43381864062500003 0.4480919484375 0.43426819375000003 0.44303447656249995 0.437639840625 0.436796928125 0.4443831359375 0.4324137875 0.44550701875 0.42786206250000003 0.44775478281250003 0.4261762390625 0.45494763125000004 0.4280306453125 0.459218384375 0.432919534375 0.4623652546875 0.438482753125 0.461690925 0.442360146875 0.46259003125 0.45399233125 0.45674584375 0.460061296875 0.4542733015625 0.464950184375 0.44842911250000006 0.4689961625 0.4425849234375
0 0.43730267500000003 0.47720050468749997 0.43662834687499996 0.474278409375 0.43730267500000003 0.4852924578125 0.44320305937500004 0.48664111718749997 0.4487662765625 0.48641634062500005 0.45230650624999996 0.4857420109375 0.4553409890625 0.48102170468749994 0.4561839015625 0.4758518453125 0.456352484375 0.471356315625 0.4553409890625 0.4668607859375 0.4529808359375 0.4623652546875 0.447080453125 0.46011749062499996 0.43999999375 0.4628148078125 0.43814558750000004 0.4664112328125 0.43730267500000003 0.47720050468749997
0 0.45770114375000004 0.48686589375 0.46191570156250006 0.4913614234375 0.47101914999999994 0.49450829374999994 0.47927968749999994 0.48888888125 0.48163984062500004 0.484168575 0.48045976250000005 0.4754022921875 0.4777624453125 0.46506257343749996 0.47337930312500004 0.46034226718750004 0.469501909375 0.459218384375 0.46427585625 0.46034226718750004 0.460229878125 0.4637139140625 0.4587126375 0.4679846671875 0.45601531875 0.4731545265625 0.45601531875 0.48102170468749994 0.45770114375000004 0.48686589375
0 0.432076621875 0.5043984609375001 0.43730267500000003 0.5100178734374999 0.44320305937500004 0.5082196609375 0.44775478281250003 0.511816084375 0.4506206828125 0.51406385 0.45567815468750006 0.5142886265625 0.46427585625 0.5133895203125001 0.46697317343750006 0.5106922015625 0.4674789203125 0.5086692140625 0.46478160312499994 0.50012770625 0.4570268140625 0.4918109765625 0.4543294953125 0.48888888125 0.4509578484375 0.48641634062500005 0.4374712578125 0.48843932968750003 0.4312337109375 0.4922605296875 0.42937930468749996 0.49698083593750003 0.432076621875 0.5043984609375001
0 0.480796928125 0.476076621875 0.4904061234375 0.47765005625 0.49512642968750004 0.4749527390625 0.49698083593750003 0.47248019843750005 0.5011953953125 0.47382885625000004 0.5077701078125 0.47000765624999996 0.5086130203125 0.46551212656249996 0.5077701078125 0.46101659687499996 0.5025440546875 0.45539718437500004 0.497655165625 0.4533741953125 0.4932720234375 0.4533741953125 0.48602298125 0.45314941875 0.4759080390625 0.45539718437500004 0.4735478859375 0.46011749062499996 0.477088115625 0.46483779687500004 0.47944826875 0.47000765624999996 0.480796928125 0.476076621875
0 0.47658236875000004 0.44573179375 0.4809655109375 0.44348402968749995 0.4833256640625 0.44056193437499996 0.48619156406249997 0.43561685156249996 0.4912490359375 0.43134609843750005 0.49596934218750005 0.421680709375 0.49512642968750004 0.41381353125000003 0.49074328749999996 0.40954277812499995 0.4866973109375 0.40931800156250003 0.48130267499999996 0.41336397968750005 0.47270497499999997 0.42595146250000004 0.46697317343750006 0.43134609843750005 0.46697317343750006 0.44011238124999996 0.4698390734375 0.444158359375 0.4730421390625 0.44595657031249997 0.47658236875000004 0.44573179375
0 0.49175478281249996 0.453598971875 0.49495784687500005 0.452699865625 0.498666659375 0.45225031250000003 0.50203830625 0.453598971875 0.5038927125 0.45135120625 0.5040612953125 0.45045210156250004 0.50659003125 0.44325925312500003 0.507095778125 0.4416858171875 0.505241371875 0.43831417031250003 0.503218384375 0.4331443109375 0.5003524828125 0.42864878125 0.4964750890625 0.42662579218749996 0.493103440625 0.42864878125 0.4895632109375 0.43404341718749995 0.48602298125 0.4416858171875 0.48551723437499994 0.445057465625 0.4880459703125 0.45090165468750004 0.49175478281249996 0.453598971875
0 0.8095965078124999 0.5077218859375 0.8086206203125 0.5131868578125001 0.8152566578125 0.5183915921875 0.8234541156249999 0.5248975109375 0.830675684375 0.5301022468750001 0.839458675 0.5301022468750001 0.846875421875 0.524637275 0.848241665625 0.516830171875 0.8437525812500001 0.50954354375 0.8398490296875 0.5077218859375 0.836335834375 0.5087628328125 0.8261866015624999 0.5100640171874999 0.8193553859374999 0.5045990453125 0.8148663031250001 0.5045990453125 0.8095965078124999 0.5077218859375
0 0.8367261890625001 0.4780548984375 0.8318467500000001 0.47857537031249997 0.825405890625 0.482478921875 0.8191602093749999 0.4928883921875 0.8170132562499999 0.4991340734375 0.8146711249999999 0.5027773875 0.8185746765624999 0.5027773875 0.82091680625 0.504338809375 0.8246251812500001 0.5077218859375 0.8312612171874999 0.5087628328125 0.837311721875 0.5069411765625 0.8423863375 0.5014762046875 0.8388731421875001 0.48820412968750004 0.8388731421875001 0.48143797499999996 0.8367261890625001 0.4780548984375
0 0.8474609546874999 0.5004352578125 0.8498030859375 0.501996678125 0.851169328125 0.4957509953125 0.852145215625 0.4853415265625 0.852145215625 0.4798765546875 0.8505837953125001 0.475973003125 0.8408249171875 0.474151346875 0.83809243125 0.47441158281250007 0.8377020765625 0.47623324062499994 0.8390683203125 0.47961631875000005 0.8404345624999999 0.47675371406249994 0.840629740625 0.48404034218750003 0.8390683203125 0.4892450765625 0.8423863375 0.49757265312500004 0.8474609546874999 0.5004352578125
0 0.8622944484374999 0.499654546875 0.8652221125 0.4952305234375 0.8654172906250001 0.488984840625 0.861708915625 0.4822186859375 0.8562439453125 0.4764934765625 0.8523403937499999 0.4757127671875 0.852535571875 0.48820412968750004 0.8517548609375 0.4962714703125 0.8570246546875 0.4986136 0.8622944484374999 0.499654546875
0 0.8605378515625001 0.47311040000000004 0.8632703375 0.468686375 0.8622944484374999 0.46452258750000003 0.8605378515625001 0.46035879843750005 0.8562439453125 0.4548938265625 0.85331628125 0.4520312234375 0.8451188234375 0.448127671875 0.8396538515625 0.44838790937499995 0.8361406562499999 0.44916861875 0.8257962453125 0.45255169687499996 0.81896503125 0.45567453750000003 0.8175987875 0.45931785156249993 0.8193553859374999 0.46452258750000003 0.82560106875 0.469467084375 0.8408249171875 0.47337063593749995 0.8472657765625 0.47441158281250007 0.8576101875000001 0.4757127671875 0.8605378515625001 0.47311040000000004
0 0.8622944484374999 0.4699875578125 0.86190409375 0.47311040000000004 0.8702967296875 0.4715489796875 0.8730292140625 0.46920684843749993 0.8728340375 0.46738519062500006 0.8712726171874999 0.4616599828125 0.8695160187500001 0.45463359062500003 0.8691256640624999 0.44916861875 0.868344953125 0.4468264890625 0.8650269343750001 0.44500483125 0.8601474953125001 0.43849891249999995 0.8595619624999999 0.4434434109375 0.8572198328124999 0.448127671875 0.85429216875 0.45333240625000004 0.8599523187500001 0.4582769046875 0.8628799812500001 0.4658237703125 0.8622944484374999 0.4699875578125
0 0.8816170265625001 0.488984840625 0.8833736249999999 0.478315134375 0.8864964656250001 0.46660448125 0.88473986875 0.46322140312500004 0.883568803125 0.45515406406250003 0.8814218500000001 0.448127671875 0.8784941859375 0.44630601406250003 0.8743954578125 0.44500483125 0.8722485046875 0.44552530468749996 0.8687353078125 0.4509902765625 0.8745906359375001 0.47102850468749996 0.8763472328124999 0.4798765546875 0.8790797187500001 0.4918474453125 0.8816170265625001 0.488984840625
0 0.8658022046875 0.48944614687500004 0.8703301203124999 0.48254646562500003 0.8706535437499999 0.4762936296875 0.867742740625 0.4749999390625 0.8617594234375 0.47435309375 0.8585251968750001 0.477802934375 0.861436 0.4812527765625 0.8633765359375 0.4844870015625 0.8658022046875 0.48944614687500004