0 0.09937952343749999 0.5989529453125 0.103553784375 0.5980966859375 0.10564091406250001 0.59766855625 0.108851884375 0.5944575859375 0.1096546265625 0.5910325515625 0.10901243281249999 0.5848246765625 0.10740694843750001 0.5809715125 0.10692530156249999 0.5771183484375 0.10499872031249999 0.57412144375 0.10242994375 0.5749777015624999 0.099058425 0.576048025 0.096168553125 0.5777605421875001 0.0942419703125 0.5794730593749999 0.093760325 0.5848246765625 0.09681074687499999 0.5876075171874999 0.096168553125 0.5931731984375 0.0966501984375 0.5953138453125 0.09937952343749999 0.5989529453125
0 0.0895860640625 0.5903903578125 0.0913520984375 0.5933872640625 0.09504471249999999 0.59638416875 0.09584745624999999 0.5946716515625 0.09648965000000001 0.5906044234375 0.09648965000000001 0.5869653234375 0.09440251875 0.5848246765625 0.093760325 0.5794730593749999 0.0913520984375 0.5828980953125 0.088141128125 0.5856809359375 0.0895860640625 0.5903903578125
0 0.0983447578125 0.5676116 0.1000133859375 0.5728955890625 0.1038720890625 0.573729903125 0.10720934374999999 0.573729903125 0.109607996875 0.571505065625 0.1111723359375 0.569141175 0.1128409640625 0.5645524484375 0.11409243437500001 0.5596856171875 0.1151353265625 0.5556531 0.1139894359375 0.551644653125 0.11318669374999998 0.5492899421875 0.110939015625 0.547577425 0.10901243281249999 0.5469352296875 0.10564091406250001 0.5477914890625 0.102751040625 0.550360265625 0.10130610468750001 0.5557118812499999 0.10114555624999999 0.5595650453125 0.10011767499999999 0.5613542453125 0.09844904843749999 0.5645524484375 0.0983447578125 0.5676116
0 0.10116056874999999 0.545780384375 0.0981361796875 0.5461975421874999 0.094694634375 0.5489785890625 0.0934431640625 0.551759634375 0.091670246875 0.553567315625 0.0896887515625 0.55829509375 0.0901059078125 0.563718134375 0.09219169375 0.56649918125 0.0953203703125 0.56649918125 0.0983447578125 0.5639962390625 0.09970051875 0.56163235 0.10011767499999999 0.5580169890625 0.10074341093750001 0.55454068125 0.10199488125 0.5514815296875 0.1038720890625 0.549117640625 0.10345493125 0.5471709078125 0.10230775 0.5459194375 0.10116056874999999 0.545780384375
0 0.09000161875 0.545363228125 0.0880201234375 0.545780384375 0.0856214703125 0.5477271171875 0.083431396875 0.5514815296875 0.085100025 0.5566264656250001 0.0873943875 0.56051993125 0.0898973296875 0.563718134375 0.0887501484375 0.558851303125 0.0915659578125 0.553984471875 0.0940689 0.5489785890625 0.09260884999999999 0.5470318562500001 0.09198311406250001 0.54633659375 0.09000161875 0.545363228125
0 0.102516328125 0.5455022796875 0.1035592203125 0.546475646875 0.10418495624999999 0.54856143125 0.1067921875 0.5474490125 0.11012944375 0.5461975421874999 0.1085651046875 0.545363228125 0.106583609375 0.5424431296875001 0.10272490625 0.5395230296875 0.0998048078125 0.5374372453125 0.0964675515625 0.537159140625 0.094798925 0.537576296875 0.09135737968749999 0.539244925 0.0898973296875 0.5424431296875001 0.089793040625 0.54480701875 0.0910445109375 0.545780384375 0.0922959828125 0.5461975421874999 0.0936517421875 0.5475880656250001 0.094798925 0.548005221875 0.097301865625 0.5461975421874999 0.10074341093750001 0.5450851234375 0.102516328125 0.5455022796875
0 0.080824165625 0.5518986875 0.0797812734375 0.5516205828125 0.0790512484375 0.55231584375 0.07811264531249999 0.5553749953125 0.077069753125 0.557182675 0.074879678125 0.560102775 0.07352391875 0.5651086578125 0.074149653125 0.570809803125 0.0745668109375 0.5716441171875 0.0773826203125 0.5716441171875 0.0791555375 0.5695583328125 0.0811370328125 0.5667772859375 0.08311852812500001 0.5634400296875001 0.084578578125 0.5596856171875 0.0844742890625 0.555096890625 0.08290995 0.5532892109375 0.080824165625 0.5518986875
0 0.0736282078125 0.5742861125000001 0.07352391875 0.5777624203125 0.0747753890625 0.5810996765625001 0.0775911984375 0.584575984375 0.07884266875 0.585688403125 0.0806155875 0.5859665078125 0.085100025 0.58513219375 0.0882287015625 0.5836026171875 0.09135737968749999 0.582351146875 0.09250456093750001 0.5809606234375 0.09302600625 0.5799872578125 0.09135737968749999 0.5765109484375001 0.0881244125 0.5706707515625 0.0865600734375 0.569280228125 0.08499573437499999 0.569141175 0.08311852812500001 0.5688630703124999 0.080094140625 0.5706707515625 0.077069753125 0.572061275 0.073732496875 0.5733127453125 0.0736282078125 0.5734517984374999 0.0736282078125 0.5742861125000001
0 0.788973765625 0.5473073953125 0.7895374187499999 0.549186240625 0.7898192468749999 0.5535075828125 0.7913692921875 0.5557621953125 0.7934829921875 0.5540712359375 0.79587851875 0.551440853125 0.797428565625 0.5482468171875 0.796724 0.5446770140625 0.7954557796875 0.5384768265625001 0.7948921265625 0.53584644375 0.79587851875 0.533403946875 0.79573760625 0.5302099109375 0.795173953125 0.527955296875 0.7934829921875 0.526452221875 0.7912283796875 0.52513703125 0.7884101125 0.52513703125 0.786860065625 0.52664010625 0.7860145859375 0.5290826046875 0.7860145859375 0.5332160625 0.7854509328125 0.5386647109375 0.7865782390625 0.542610284375 0.7870009796875 0.54354970625 0.788973765625 0.5473073953125
0 0.7792507453125 0.52438549375 0.7757279125000001 0.5260764531250001 0.7729096453125 0.5302099109375 0.77262781875 0.5375374046875 0.774036953125 0.5459922046875 0.775305171875 0.5465558578125 0.77882800625 0.5473073953125 0.7823508390625 0.54899835625 0.7850281921875 0.5538833515625 0.78531001875 0.55895623125 0.786719153125 0.558016809375 0.7881282859375001 0.5551985421875 0.788832853125 0.5535075828125 0.788973765625 0.55125296875 0.7885510265625 0.5488104703125 0.7882692 0.5465558578125 0.7874237187500001 0.5437375906249999 0.7860145859375 0.5420466312500001 0.7850281921875 0.5390404796875 0.7851691062499999 0.535282790625 0.7864373265625 0.5309614484375 0.7851691062499999 0.52664010625 0.7834781453125 0.5240097234375 0.7822099265625 0.5238218390625 0.7792507453125 0.52438549375
0 0.7600865328124999 0.5422345156249999 0.7623411453125 0.5467437421875 0.7644548453125 0.5458043203125 0.767695853125 0.5459922046875 0.771077771875 0.5459922046875 0.7729096453125 0.5458043203125 0.7733323859375 0.543925475 0.773050559375 0.540731440625 0.7723459921875 0.53434336875 0.7743187796875 0.527955296875 0.778405265625 0.52438549375 0.778405265625 0.5226945328125 0.7778416125 0.518373190625 0.7769961328125 0.5148033859375001 0.7744596921875 0.5121730046875 0.772064165625 0.5108578125000001 0.7692459 0.5108578125000001 0.76628671875 0.5134881953125 0.763609365625 0.51668223125 0.7606501859375 0.5260764531250001 0.7600865328124999 0.5307735640625 0.7592410515625 0.5349070218749999 0.7600865328124999 0.5422345156249999
0 0.7558591328125 0.5055970484375 0.7543090859375 0.5046576265625 0.7527590390625 0.5048455109375001 0.7500816859375 0.5076637765625 0.7483907249999999 0.5123608890625 0.7490952921875 0.5163064609375 0.74937711875 0.519500496875 0.7490952921875 0.5211914578125 0.746840678125 0.5211914578125 0.74514971875 0.5247612625 0.7441633249999999 0.527955296875 0.742613278125 0.5296462578125001 0.7431769312500001 0.53359183125 0.7443042390625 0.536034328125 0.7495180328125 0.5381010578125001 0.754731825 0.535282790625 0.7581137453125 0.5313372171874999 0.75994561875 0.5272037593750001 0.761072925 0.5238218390625 0.76191840625 0.51968838125 0.7616365796875 0.5163064609375 0.7612138390625 0.511045696875 0.7588183125 0.5080395453125 0.7579728328125 0.5065364703124999 0.7558591328125 0.5055970484375
0 0.784605453125 0.559144115625 0.7841827125 0.5536954671875 0.78305540625 0.550689315625 0.780378053125 0.54899835625 0.777277959375 0.5480589328125001 0.771641425 0.5473073953125 0.7660048921875 0.5458043203125 0.760509271875 0.5486225859375 0.7575500921875 0.5544470046875001 0.7585364859375 0.5627139203125 0.76205931875 0.5649685343749999 0.765300325 0.5655321875 0.77037320625 0.5653443031250001 0.7754460859375001 0.566283725 0.7798144 0.5653443031250001 0.784605453125 0.559144115625
0 0.756845525 0.573799103125 0.7574091796875 0.5786840984375 0.761495665625 0.582629671875 0.7648775859375 0.583005440625 0.7675549390625 0.5818781343749999 0.769527725 0.5811265953125 0.773050559375 0.5824417875 0.776150653125 0.58131448125 0.7786870921875 0.5724839109375 0.77882800625 0.56816256875 0.775587 0.566283725 0.7692459 0.5653443031250001 0.763609365625 0.566283725 0.75980470625 0.567598915625 0.75769100625 0.5696656453125 0.756845525 0.573799103125
0 0.7466997656250001 0.5529439296875001 0.7431769312500001 0.5540712359375 0.7402177515624999 0.557828925 0.740499578125 0.560647190625 0.740358665625 0.5634654578125 0.7402177515624999 0.5649685343749999 0.740358665625 0.567598915625 0.7395131859374999 0.573047565625 0.739372271875 0.57736890625 0.7419087125 0.5839448625 0.745572459375 0.5861994765625 0.7486725515625 0.5854479390625 0.75149081875 0.582629671875 0.7528999515625 0.5777446765625001 0.75360451875 0.5722960265625 0.7538863453125 0.568350453125 0.7543090859375 0.5640291109375 0.7530408656249999 0.5561379640624999 0.7502225984375 0.5538833515625 0.748954378125 0.5531318140625 0.7466997656250001 0.5529439296875001