0 0.11009515156250001 0.49487214531249996 0.1112072234375 0.489311784375 0.1056468625 0.4826393515625 0.09841839375 0.4826393515625 0.0939701046875 0.4848634953125 0.08729767031249999 0.48412211406249994 0.084517490625 0.4904238578125 0.0814592921875 0.49598421875 0.08090325468750001 0.5022859609375 0.0847955078125 0.507104940625 0.0936920859375 0.508587703125 0.0973063203125 0.50599286875 0.10509082656249999 0.49969112656250003 0.11009515156250001 0.49487214531249996
0 0.08090325468750001 0.5415791796875 0.0856295625 0.5415791796875 0.08813172500000001 0.5389843453125 0.0973063203125 0.5412084890625 0.1078710078125 0.53305329375 0.10898307968750001 0.5219325703125001 0.10536884375 0.5167429 0.0964722671875 0.5141480656249999 0.09035586875 0.5152601375 0.0806252375 0.5178549718750001 0.0756209125 0.526380859375 0.07450884062499999 0.5349067468750001 0.08090325468750001 0.5415791796875
0 0.0822933453125 0.49524283750000003 0.0839614546875 0.490053165625 0.079235146875 0.4922773109375 0.0725627140625 0.49301869218750005 0.0683924421875 0.49746698125 0.063944153125 0.504880796875 0.0683924421875 0.5130359921875 0.0756209125 0.5122946109375001 0.082015328125 0.5122946109375001 0.08590758125 0.508587703125 0.0839614546875 0.5067342499999999 0.08090325468750001 0.5019152703125 0.0822933453125 0.49524283750000003
0 0.07534289375 0.5252687875000001 0.0789571296875 0.5211911890625001 0.08034721875 0.51748428125 0.0789571296875 0.516372209375 0.07145064062499999 0.51600151875 0.064222171875 0.5193377359375 0.06533424374999999 0.5278636234375 0.069226496875 0.533794675 0.07534289375 0.5371308906250001 0.07506487656250001 0.5326826015624999 0.07450884062499999 0.5304584578125 0.07534289375 0.5252687875000001
0 0.1412399171875 0.49083375625 0.14837704062499998 0.486576525 0.14931613593749998 0.480816740625 0.14762576562500002 0.47480653124999994 0.14330592656250002 0.47130057656249996 0.139549546875 0.47130057656249996 0.1346662515625 0.47280312812499997 0.1335393375 0.4718014265625 0.1292194984375 0.47054929999999995 0.12377274687499999 0.47054929999999995 0.1203920046875 0.470799725 0.116072165625 0.47455610625 0.1123157859375 0.47981503906249995 0.111376690625 0.4853243984375 0.11532089062499999 0.488830353125 0.11926509062499999 0.4915850328125 0.12621439375000001 0.4953414140625 0.12865604218749999 0.4958422640625 0.1309098703125 0.4945901375 0.1412399171875 0.49083375625
0 0.11400615624999999 0.5071114062500001 0.1079959484375 0.5143737421875 0.107620309375 0.520884803125 0.10968631874999998 0.5258933109374999 0.11494525156249999 0.5304009671875 0.1207676421875 0.5286479890625 0.1256509375 0.5266445859375 0.12978295625 0.5271454375 0.13541752812500002 0.5266445859375 0.14142773749999998 0.524891609375 0.14462066093749998 0.519632675 0.14631103125 0.5118694890625 0.1431181078125 0.5076122562500001 0.1389860890625 0.5033550250000001 0.1329758796875 0.5031046 0.1269656703125 0.5043567265625 0.12320928906249999 0.5046071515625 0.11870163281249999 0.5056088546875 0.11400615624999999 0.5071114062500001
0 0.3884194640625 0.5007923921875 0.392816665625 0.49908236875 0.3986796015625 0.4939523 0.4028935859375 0.48711220937500005 0.4056418375 0.48051640625 0.4120544234375 0.47221058125 0.41297050625000004 0.46781338124999994 0.41022225625 0.4641490453125 0.40802365468749996 0.46439333437499997 0.4039928875 0.4685462484375 0.399046034375 0.4709891375 0.3939159671875 0.4731877375 0.3929998828125 0.478806384375 0.38970198125 0.48247071874999997 0.3856712140625 0.4868679203125 0.3840222625 0.49053225468750006 0.3840222625 0.4941965890625 0.38585443124999996 0.4983495015625 0.3884194640625 0.5007923921875
0 0.44869776874999995 0.48369216406250004 0.4536446203125 0.48247071874999997 0.4556600046875 0.48002782968749996 0.4584082546875 0.47416489375 0.45877468906249996 0.4670805140625 0.45657608749999995 0.460729 0.45309497031249996 0.4577975328125 0.44814811875 0.4551103546875 0.444483784375 0.45217888593750005 0.43972014843749996 0.44998028593750006 0.43568938125 0.449735996875 0.42964322812500005 0.449735996875 0.42487959374999995 0.45144601875 0.4224977765625 0.456087509375 0.420115959375 0.46585906875000005 0.42176490937500005 0.4697676921875 0.42707819375 0.47416489375 0.435872596875 0.4758749171875 0.43862084843750004 0.47905067343749996 0.4439341328125 0.481982140625 0.44869776874999995 0.48369216406250004
0 0.4604236390625 0.5230226890624999 0.46445440781249997 0.526442734375 0.469401259375 0.5247327109375 0.472699159375 0.520335509375 0.475080978125 0.5132511296875 0.47471454375000005 0.505678171875 0.4737984609375 0.5017695484375 0.4737984609375 0.4966394796875 0.47343202656249994 0.4910208328125 0.47013412499999996 0.48442503124999997 0.46555370781249994 0.48222642968749996 0.4613397234375 0.48124927343749996 0.4584082546875 0.48662363124999997 0.4560264375 0.4961509015625 0.45657608749999995 0.5039681484375 0.456942521875 0.5083653499999999 0.458591471875 0.5159383078124999 0.4604236390625 0.5230226890624999
0 0.43953693281249995 0.5266870234375001 0.44155231562499997 0.5293742015625 0.445033434375 0.5313285140625 0.44888098593750003 0.5318170906249999 0.45217888593750005 0.5308399359375 0.4551103546875 0.5274198890624999 0.4560264375 0.5205797984375 0.45620965468749997 0.513983996875 0.4547439203125 0.5100753734375 0.45346140312500005 0.5066553265625 0.45327818750000004 0.5012809703125 0.452911753125 0.4961509015625 0.4516292359375 0.49248656718749995 0.44998028593750006 0.4895550984375 0.448331334375 0.4878450765625 0.446132734375 0.4878450765625 0.44155231562499997 0.4897993875 0.4380711984375 0.491265121875 0.435872596875 0.49590661249999995 0.434773296875 0.5003038140625 0.43495651406249997 0.5034795703125 0.43642224843750005 0.5122739734375 0.4369718984375 0.5174040421874999 0.43678868125000003 0.5208240875000001 0.43953693281249995 0.5266870234375001
0 0.4286881109375 0.507909784375 0.433700378125 0.5092092609375001 0.43578882343750003 0.5097661796875 0.43537113437499997 0.5080954234374999 0.4349534453125 0.501598040625 0.434814215625 0.49658577187499997 0.4370418890625 0.49175914374999996 0.44066186093750004 0.4899027484375 0.4420541578125 0.488046353125 0.4403834015625 0.48600431874999994 0.436902659375 0.483405365625 0.43272577031250004 0.4821058890625 0.430637325 0.478393096875 0.4270173546875 0.47579414375000006 0.422422775 0.4739377484375 0.41810665625 0.4739377484375 0.41532206250000003 0.47653670156250005 0.4133728484375 0.48099205156249997 0.413512078125 0.4904596671875 0.4174105078125 0.49510065625 0.42158739843750004 0.502154959375 0.42256200625 0.50308315625 0.4247896796875 0.505125190625 0.4286881109375 0.507909784375
0 0.40836058125 0.5012267609375 0.41295515937499994 0.5040113546875 0.4157397515625 0.507909784375 0.4171320484375 0.505125190625 0.41852434531249993 0.4980708890625 0.41671435937499995 0.495471934375 0.4136513078125 0.49268734218750004 0.41225901093750006 0.4873037953125 0.4128159296875 0.4821058890625 0.41434745624999997 0.477836178125 0.41587898125 0.4744946671875 0.41239824062499997 0.47430902656249996 0.4086390390625 0.4785787375 0.40529752812500003 0.4843335625 0.40529752812500003 0.4899027484375 0.401956015625 0.4945437375 0.4008421796875 0.5023405984375 0.40334831250000003 0.5010411218749999 0.40487983906249997 0.5010411218749999 0.40836058125 0.5012267609375
0 0.3942983859375 0.552463275 0.399310653125 0.5541340296875 0.40390523125 0.55079251875 0.40836058125 0.5450376921875 0.411284403125 0.537426471875 0.413512078125 0.5309290875 0.41560052187499996 0.5248029828125 0.4171320484375 0.5194194359375001 0.4168535890625 0.511622575 0.41420822656249995 0.5054964703125 0.4089174984375 0.5014124 0.40348754218750005 0.5014124 0.39889296406249997 0.5034544359375 0.3966652890625 0.5075385046875 0.39332377812499997 0.5157066453125 0.39067841406250003 0.5220183890625 0.38775459218749997 0.52703065625 0.3869192140625 0.535755715625 0.38705844375 0.53946850625 0.389425346875 0.5467084484375 0.3942983859375 0.552463275
0 0.4164359 0.568428275 0.41866357499999995 0.57065595 0.42465045 0.5695421125 0.430358865625 0.5632303671875001 0.4332826890625 0.5552478671875 0.4373203484375 0.54745100625 0.43968725312499995 0.5411392625 0.44066186093750004 0.5351987968749999 0.43954802343750005 0.5279588546875 0.438016496875 0.524431703125 0.4335611484375 0.5225753078125 0.429245028125 0.5229465875 0.4245112203125 0.5268450171875 0.4188028046875 0.5318572859375 0.4160182109375 0.535755715625 0.41225901093750006 0.5454089718749999 0.410170565625 0.5548765890625 0.41239824062499997 0.56452984375 0.4164359 0.568428275
0 0.47602619375 0.5429956578125 0.47992462343750003 0.54281001875 0.4827092171875 0.5368695531250001 0.48312690625 0.5309290875 0.48117769062500004 0.5242460640625 0.47867155625 0.5205332734375 0.475190815625 0.5171917609375 0.474633896875 0.517006121875 0.47240622187500003 0.5209045515625 0.47045700625000003 0.5236891453125 0.4683685625 0.526102459375 0.46502705000000005 0.526102459375 0.46252091718750005 0.5248029828125 0.4608501609375 0.52350350625 0.463495525 0.5300008890625 0.4679508734375 0.5364982734375 0.47157084375 0.5416961812500001 0.47602619375 0.5429956578125
0 0.44163646874999996 0.54856484375 0.4444210609375 0.5520919953125001 0.44985101875 0.5565473437499999 0.455280975 0.5589606578125 0.4611286203125 0.5611883328125 0.46628011718750006 0.5621165296874999 0.4705962375 0.5595175765625 0.4731023703125 0.5532058328125 0.47365928906250004 0.547079728125 0.4705962375 0.5435525765625 0.46683703593750003 0.5407679828124999 0.46140707968749994 0.536312634375 0.45764787812499996 0.535755715625 0.45249638125 0.5350131578124999 0.44637027656250006 0.5366839140625 0.4444210609375 0.5390972265625 0.44107955 0.5435525765625 0.44163646874999996 0.54856484375
0 0.8242221234375 0.5087134390625 0.827379425 0.513144740625 0.834026378125 0.5124800453125 0.8376822015625001 0.5073840484375001 0.8381807234374999 0.49785674999999996 0.8355219421875001 0.49276075312499995 0.8293735109375 0.48766475624999994 0.827877946875 0.48234719375 0.8272132515624999 0.4752571109375 0.8227265593749999 0.472376765625 0.817408996875 0.4721552 0.81425169375 0.4754786765625 0.8132546515625 0.48079623906249996 0.81441786875 0.48832945156249996 0.8159134328125001 0.4947548390625 0.816910475 0.496748925 0.8187383875 0.5011802265624999 0.8242221234375 0.5087134390625
0 0.8092664796875001 0.5124800453125 0.8110943921875 0.520013259375 0.8105958703124999 0.52621708125 0.815581084375 0.526438646875 0.8212309937500001 0.5224504750000001 0.8237236015624999 0.5177976078125 0.8238897749999999 0.5104859609375 0.8220618640625 0.505611528125 0.8194030828125 0.501844921875 0.81707665 0.499186140625 0.814750215625 0.495419534375 0.814750215625 0.4896588421875 0.8132546515625 0.48389815 0.8107620437499999 0.48123936875 0.807770915625 0.4779158921875 0.8049459609375 0.47769432656250005 0.8011239625 0.4796884125 0.7966372703125 0.4834550203125 0.79514170625 0.48943727656249997 0.7964710953125 0.495419534375 0.799462225 0.5025096171875 0.8014563109375 0.5038390078125 0.8062753515625 0.5060546578125 0.8092664796875001 0.5124800453125
0 0.798132834375 0.5310915140625 0.8027857015625001 0.5330855984375 0.8061091765624999 0.532864034375 0.81092821875 0.5255523859375 0.81092821875 0.51757604375 0.8081032625000001 0.509378134375 0.8044474390625 0.5049468328125 0.80029309375 0.5038390078125 0.7974681390625 0.5000724015625 0.7961387484375 0.49652735937500003 0.7896579703125 0.49276075312499995 0.7833433640624999 0.493868578125 0.7790228453125 0.49785674999999996 0.7788566718750001 0.5029527468749999 0.779687540625 0.506719353125 0.7816816265625001 0.5111506546875 0.787663884375 0.51979169375 0.7891594484375 0.521121084375 0.79497553125 0.5271033421875 0.798132834375 0.5310915140625
0 0.7653965921875 0.5151388265625 0.7637348546875 0.519570128125 0.7650642453125001 0.525995515625 0.768387721875 0.5315346437499999 0.7725420671875 0.5350796843750001 0.777028759375 0.541948203125 0.7821801484375001 0.5461579390625 0.7838418859375 0.54660106875 0.7861683187499999 0.54925985 0.7899903171875 0.551697065625 0.795474053125 0.5510323703125 0.799462225 0.548152025 0.8036165703125 0.5448285484375 0.8047797875 0.54017568125 0.8049459609375 0.5330855984375 0.8011239625 0.5330855984375 0.795972575 0.528654296875 0.7918182296875 0.524887690625 0.788494753125 0.521121084375 0.7861683187499999 0.5182407390625 0.7838418859375 0.5155819578124999 0.7825124953125 0.51336630625 0.7811831046875 0.5098212656250001 0.7760317171875 0.5091565703125001 0.77220971875 0.509378134375 0.768221546875 0.510707525 0.7653965921875 0.5151388265625