0 0.125802934375 0.45938255625 0.12506146406250002 0.4534507875 0.1223427359375 0.44718947656249997 0.117893909375 0.4438940484375 0.11196214062500001 0.442575878125 0.10331164374999999 0.44620084843749996 0.09540261875 0.45015536093749997 0.08947085 0.46070072812499996 0.08971800625000001 0.46828020937500003 0.0912009484375 0.4738824359375 0.097379875 0.46828020937500003 0.10281732968749999 0.4639961546875 0.1065246859375 0.46926883906250005 0.1087490984375 0.47717786406249996 0.106030371875 0.48113237656249996 0.11097351250000001 0.48937094375 0.1193768515625 0.4870641453125 0.1220955796875 0.48376871875000005 0.1253086203125 0.4738824359375 0.1267915625 0.46926883906250005 0.125802934375 0.45938255625
0 0.095649775 0.47618923593750007 0.0899651640625 0.4758596921875 0.079090253125 0.4798142046875 0.07612436875 0.48673460312500005 0.0743942703125 0.5012344828125 0.0746414265625 0.512438934375 0.0753828984375 0.5272683578125 0.07933741093749999 0.5411091515625001 0.08971800625000001 0.54374549375 0.09762703125 0.5391318953125 0.1025701734375 0.532541040625 0.10504174375 0.5243024734375 0.10528889999999999 0.5193593328125 0.10380595781249999 0.514745734375 0.104053115625 0.4989276828125 0.10232301562499999 0.48772323125000006 0.0996042875 0.482450546875 0.095649775 0.47618923593750007
0 0.10380595781249999 0.50749579375 0.1045474296875 0.51771161875 0.1097377265625 0.5262797296875 0.11814106718749999 0.532541040625 0.1220955796875 0.5341887546875 0.1253086203125 0.5381432671875 0.12654440625000002 0.540779609375 0.12876881874999999 0.53748418125 0.131487546875 0.5332001265625 0.13989088593750001 0.5229843015625 0.1418681421875 0.514416190625 0.14236245625 0.50749579375 0.13989088593750001 0.49662088437499996 0.1319818609375 0.48970048750000006 0.12506146406250002 0.4890414015625 0.12085979375 0.4910186578125 0.1188825375 0.49365500000000007 0.11690528124999999 0.49068911562500006 0.11122066875 0.49266637187500006 0.1045474296875 0.49629134218750004 0.10380595781249999 0.50749579375
0 0.167572475 0.4979390546875 0.1727627734375 0.4949731703125 0.17523434375 0.48278009062500005 0.1697968875 0.4788255765625 0.15991060625 0.470587009375 0.15916913593749998 0.4669620390625 0.156944721875 0.4574053 0.1532373671875 0.45279170156250004 0.1477999109375 0.449496275 0.14038520000000002 0.44982581718750003 0.1359363734375 0.4521326171875 0.1322290171875 0.4639961546875 0.1364306875 0.47717786406249996 0.147058440625 0.48970048750000006 0.154720309375 0.49464362812499996 0.1584276640625 0.49563225624999996 0.167572475 0.4979390546875
0 0.1873450375 0.530893328125 0.180177484375 0.5345182984375 0.1767172859375 0.53979098125 0.1759758140625 0.5424273234375 0.1737514015625 0.550995434375 0.1737514015625 0.5572567453125 0.17523434375 0.562858971875 0.17918885625 0.5661543984375 0.1890751375 0.5694498265625 0.19624269218749998 0.56582485625 0.199950046875 0.5582453734375 0.1992085765625 0.55000680625 0.1984671046875 0.5384728109375 0.1952540640625 0.5332001265625 0.1873450375 0.530893328125
0 0.22169986718749998 0.5404500671875 0.2241714375 0.5364955546875 0.22590153750000003 0.528916071875 0.2246657515625 0.5243024734375 0.22293565312500002 0.5163934484375 0.21477947031250003 0.5180411609375 0.21057779999999998 0.5134275640625 0.20835338750000001 0.5134275640625 0.20464603124999997 0.51145030625 0.2004443609375 0.508813965625 0.195995534375 0.5061776234375001 0.18709788125 0.5048594515625 0.18042464062500002 0.50749579375 0.178200228125 0.5160639046875 0.183390525 0.5236433875000001 0.1922881796875 0.530563784375 0.200938675 0.5391318953125 0.21181358593750002 0.5424273234375 0.22169986718749998 0.5404500671875
0 0.20168014687500002 0.5615408015625001 0.20662328749999997 0.5701089109375 0.215520940625 0.572745253125 0.22392428125000002 0.572745253125 0.2266430078125 0.5678021125 0.22837310781250003 0.562858971875 0.23084467812499998 0.5592340015625 0.2345520328125 0.554949946875 0.2352935046875 0.552643146875 0.236034975 0.5490181765625 0.23282193437499998 0.540779609375 0.22787879375000003 0.5345182984375 0.22614869375 0.534847840625 0.21823966874999998 0.540779609375 0.20934201562500002 0.5420977796875001 0.20316308906249997 0.540779609375 0.20242161875 0.5473704640625 0.20168014687500002 0.5513249765625 0.2014329890625 0.55560903125 0.20168014687500002 0.5615408015625001
0 0.190063765625 0.5905405609375001 0.1955012203125 0.5915291890625001 0.2014329890625 0.5862565046875 0.20514034531249997 0.5872451328125 0.20884770156250002 0.58790421875 0.21131927187500002 0.5872451328125 0.21626241249999997 0.5826315359375001 0.21873398281249998 0.5750520531250001 0.2170038828125 0.5740634250000001 0.21255505624999999 0.5724157109375 0.207364759375 0.5704384546875 0.20069151875000002 0.568790740625 0.1932768078125 0.5714270828125 0.18660356718749999 0.5753815953125 0.18536778125 0.58394970625 0.186850725 0.59021101875 0.190063765625 0.5905405609375001
0 0.917300065625 0.4916353671875 0.9221173968749999 0.49190299687500005 0.9237231734375 0.48333885312499997 0.922518840625 0.4779862640625 0.917300065625 0.47316893281250005 0.9166979 0.469957378125 0.9166979 0.4659429359375 0.9164971765625 0.46085797656249994 0.9138877890625 0.456843534375 0.911679846875 0.4549701265625 0.90927118125 0.45443486875000005 0.907263959375 0.45818168125 0.9068625156250001 0.46166086406250006 0.9070632375000001 0.469154490625 0.9050560171875001 0.47718337499999997 0.9080668484375 0.48226833437499994 0.911479125 0.48574751875000005 0.917300065625 0.4916353671875
0 0.9006401296875 0.46808397187499995 0.8964249656250001 0.4664781953125 0.8916076343749999 0.46487241875 0.88919896875 0.463266640625 0.8900018578125 0.47049263750000003 0.8920090796875 0.47611285625 0.893414134375 0.478521521875 0.899034353125 0.48307122343750003 0.9030487953125 0.4806625578125 0.9042531281249999 0.47718337499999997 0.9042531281249999 0.471830784375 0.9006401296875 0.46808397187499995
0 0.8827758625 0.48681803593749995 0.8819729734375 0.49190299687500005 0.8829765843749999 0.49886136406250003 0.89180835625 0.5044815828125 0.898632909375 0.51036943125 0.9054574609375001 0.5119752078124999 0.9080668484375 0.511707578125 0.9138877890625 0.5071578765625 0.9162964546874999 0.503143434375 0.9164971765625 0.499396621875 0.9156942890625 0.49511455 0.9128841796874999 0.490832478125 0.90666179375 0.48735329531250005 0.899034353125 0.48280359375000004 0.8942170218750001 0.4801272984375 0.888797525 0.4779862640625 0.8841809171874999 0.4825359640625 0.8827758625 0.48681803593749995