0 0.549221440625 0.1284002703125 0.5474404234375 0.1240590390625 0.5425426234375 0.12205539375 0.5351959234375 0.12238933437499999 0.5287397328125001 0.1243929796875 0.5209477796875001 0.1280663296875 0.513378453125 0.1305708859375 0.5071448890625 0.134745146875 0.504250734375 0.139754259375 0.5049186171875 0.145264284375 0.5078127718750001 0.148269753125 0.5158273515625 0.148269753125 0.5231740515625 0.1460991375 0.5340827874999999 0.14125699375 0.5400937234375001 0.1377506140625 0.5472177953124999 0.1330754421875 0.549221440625 0.1284002703125
0 0.513378453125 0.1502733984375 0.509148534375 0.15945677187500001 0.51248794375 0.1681392359375 0.5209477796875001 0.17331531875 0.5343054140625 0.179493225 0.5432105046875 0.1821647515625 0.5514477140625 0.18166384062500002 0.5567907671875 0.177322609375 0.559684921875 0.1698089390625 0.55745865 0.1634640625 0.55189296875 0.160291625 0.54209736875 0.1577870671875 0.5383127046875 0.1549485703125 0.5298528703125001 0.14860369375 0.5267360875 0.14743489999999998 0.522951425 0.14743489999999998 0.513378453125 0.1502733984375
0 0.5527834765625 0.1564513046875 0.55256085 0.154447659375 0.54944406875 0.150106428125 0.5489988140625 0.1462661078125 0.54699516875 0.1429266984375 0.5425426234375 0.1377506140625 0.541206859375 0.13808455625 0.5385353328125 0.139754259375 0.5367543140625 0.14509731406249998 0.53719956875 0.1487706640625 0.542987878125 0.15327886562499998 0.5527834765625 0.1564513046875
0 0.5367543140625 0.565862828125 0.55189296875 0.56486100625 0.5541192406250001 0.5585161281250001 0.5561228859375 0.553173075 0.5576812765625 0.5468281984375001 0.5576812765625 0.5419860546875 0.5503345765625001 0.5376448234375 0.5434331328125 0.5371439125 0.530743378125 0.5404833203125 0.522728796875 0.547329109375 0.5218382890625 0.5540079265625 0.5262908328125 0.5613546265625 0.5367543140625 0.565862828125
0 0.47842597343750004 0.5471621390625 0.48042961875 0.5561785421875001 0.4888894546875 0.5630243312500001 0.49601352656250003 0.56987011875 0.50759014375 0.5783856109375 0.513378453125 0.5787195515625 0.5191667609375 0.5783856109375 0.525400325 0.5747122625000001 0.52851710625 0.5700370890625 0.527626596875 0.56803344375 0.523841934375 0.5687013249999999 0.52361930625 0.565862828125 0.5251776968749999 0.5631913015625 0.52606820625 0.5613546265625 0.5249550703125 0.5588500703125 0.5209477796875001 0.5530061046875 0.51738574375 0.550501546875 0.5120426890625 0.5474960796875 0.49979819062499997 0.5401493796875 0.49089309999999997 0.5394814984375 0.4831011453125 0.541151203125 0.47842597343750004 0.5471621390625
0 0.54031635 0.5262908328125 0.536309059375 0.522617484375 0.5302981234375 0.5174413999999999 0.51627260625 0.5166065484375 0.5082580250000001 0.5189441343750001 0.5000208171875 0.517107459375 0.5000208171875 0.5194450453125 0.49890768124999996 0.5271256859375 0.497349290625 0.5353072375 0.49979819062499997 0.5394814984375 0.510929553125 0.5463272859375 0.5193893890625 0.547329109375 0.5280718515625 0.5419860546875 0.527849225 0.538646646875 0.53786745 0.5366430015625 0.5400937234375001 0.5318008578125 0.54031635 0.5262908328125
0 0.559684921875 0.5334705625 0.5623564484375 0.5358081484375 0.562801703125 0.5376448234375 0.567699503125 0.53647603125 0.5701484031249999 0.5297972125 0.569925775 0.5242871874999999 0.567699503125 0.5197789859374999 0.5576812765625 0.5206138390625 0.551002459375 0.5184432234374999 0.542987878125 0.519612015625 0.5409842328125001 0.5176083703125001 0.54521415 0.51443593125 0.5443236406249999 0.510929553125 0.533192278125 0.5067552921875 0.5271813421875 0.50625438125 0.52228354375 0.5069222625 0.5202798984375 0.5082580250000001 0.5189441343750001 0.5124322875 0.5202798984375 0.516439578125 0.527849225 0.516439578125 0.5345280421874999 0.52044686875 0.5389805875 0.525122040625 0.5414294875000001 0.530632065625 0.5516703406250001 0.5369769421874999 0.555900259375 0.5369769421874999 0.55812653125 0.5343054140625 0.559684921875 0.5334705625
0 0.553451359375 0.5184432234374999 0.5636922125 0.5201129265625 0.5712615390625 0.5179423109375 0.5766045937500001 0.5131001687500001 0.577272475 0.5092598484375 0.5730425578125 0.50441770625 0.5668089937499999 0.499241621875 0.5601301765625 0.4987407109375 0.553451359375 0.50024344375 0.5478856765625 0.5072562031250001 0.5414294875000001 0.5176083703125001 0.5416521140625 0.5194450453125 0.5487761859375 0.5182762515625 0.553451359375 0.5184432234374999
0 0.562801703125 0.493731596875 0.562801703125 0.48838854375 0.5570133953124999 0.482043665625 0.5538966140625 0.4805409328125 0.5505572046875 0.4805409328125 0.54521415 0.4830454890625 0.5434331328125 0.4870527796875 0.541874740625 0.4907261296875 0.54521415 0.4947334203125 0.5530061046875 0.49490039062499996 0.5561228859375 0.49790585781249996 0.5583491578124999 0.496737065625 0.562801703125 0.493731596875
0 0.5835060390625 0.5005773859375 0.584396546875 0.49790585781249996 0.584396546875 0.49523433125 0.5832834109375 0.4928967453125 0.5792761203125 0.48955733593749995 0.5759367109375 0.48721975000000006 0.5719294203125 0.48955733593749995 0.5672542484374999 0.492395834375 0.5690352671875 0.500410415625 0.573933065625 0.5034158828125 0.579721375 0.503582853125 0.5835060390625 0.5005773859375
0 0.5823929015625 0.522617484375 0.5888490921875 0.5261238625 0.5930790109374999 0.5257899218750001 0.5981994375 0.5244541578125 0.603542490625 0.519278075 0.604655628125 0.5151038140625 0.604655628125 0.5110965234375 0.6039877453125 0.5087589375 0.6033198640624999 0.506087409375 0.607772409375 0.50258103125 0.60866291875 0.4987407109375 0.6068819000000001 0.49540130156249995 0.6015388453125 0.49156098125 0.5944147734375 0.49222886250000003 0.5864001921875001 0.4972379765625 0.582170275 0.505419528125 0.5808345109374999 0.5099277296875 0.5810571390625 0.515270784375 0.5823929015625 0.522617484375
0 0.524509815625 0.8103075562500001 0.5240645609375 0.808804821875 0.5200572703125 0.8101405843749999 0.5158273515625 0.81347999375 0.5113748078125 0.811309378125 0.506699634375 0.8111424078124999 0.49668140781250003 0.8126451421875001 0.48621792656249996 0.8189900187499999 0.48777631875000005 0.8255018656249999 0.5002434453125 0.828507334375 0.509148534375 0.8320137125 0.5129331984375 0.8308449203125001 0.51738574375 0.8241661015625 0.524509815625 0.8103075562500001