0 0.5516101046874999 0.041305709375 0.5511764484375 0.036101840625 0.548140859375 0.0315484546875 0.53383021875 0.032849421875 0.5242897921874999 0.03252418125 0.5221215140625 0.0321989390625 0.51865226875 0.031873696875 0.5173513 0.03349990625 0.5091118421874999 0.035126115624999996 0.49913775937500005 0.035451356249999996 0.49176561249999995 0.0357765984375 0.489163678125 0.041305709375 0.49003098906250003 0.0471600625 0.4948012015625 0.050737721874999996 0.5000050703125 0.052363931249999995 0.5034743171875 0.0536648984375 0.516050334375 0.0530144140625 0.53383021875 0.052363931249999995 0.5464062359375 0.0471600625 0.5516101046874999 0.041305709375
0 0.54109109375 0.1052314515625 0.5512785171875 0.10939903437500001 0.5605398109374999 0.10714159375000001 0.5626236015625 0.10280036249999999 0.5619290046875001 0.1007165703125 0.5572983578125 0.0972435859375 0.5505839203125 0.094638846875 0.549657790625 0.0906449140625 0.5517415812500001 0.0838725921875 0.5498893234375 0.075363778125 0.5464163375 0.0720644421875 0.5392388343750001 0.0694597046875 0.5311352031250001 0.069807003125 0.5228000374999999 0.0731063375 0.5202531828125 0.0831779953125 0.5248838296875 0.0913395109375 0.52650455625 0.0963753390625 0.5322928640625 0.10106386875 0.54109109375 0.1052314515625
0 0.523494634375 0.08960301875 0.5211793109375 0.08613003281250001 0.5151594703125 0.0816151515625 0.508676565625 0.0793577125 0.4973314796875 0.08057325625 0.49177470312500005 0.0838725921875 0.48436566875000003 0.0911658609375 0.487607121875 0.0949861453125 0.49524768906250005 0.09845912968750001 0.5026567234375 0.0986327796875 0.504740515625 0.10089022031249999 0.507518903125 0.1038422578125 0.5119180171875 0.10401590624999998 0.51469640625 0.1021057640625 0.521873909375 0.09898007812500001 0.5239577 0.094638846875 0.523494634375 0.08960301875
0 0.5135387437500001 0.11999163906250002 0.5276622171875001 0.12763220625 0.5283568140625 0.128326803125 0.529977540625 0.12259637812499999 0.5348397203124999 0.11495580937500001 0.5362289140625001 0.1104409296875 0.5346081875 0.10332130937499999 0.5288198796875 0.09950102499999999 0.5248838296875 0.098806428125 0.5193270531249999 0.1000219734375 0.510065759375 0.104710503125 0.50682430625 0.10800983906249999 0.5082135 0.1147821609375 0.5135387437500001 0.11999163906250002
0 0.48830171875 0.11217742187499999 0.48112421562499996 0.117907846875 0.483671071875 0.1213808328125 0.483671071875 0.1236382734375 0.483671071875 0.128153153125 0.48668099218750005 0.13266803437500002 0.4933954296875 0.134751825 0.50427745 0.1366619671875 0.5072873703125 0.1359673703125 0.5163171328125 0.1377038625 0.5248838296875 0.1382248109375 0.5278937499999999 0.135620071875 0.5295144765625001 0.1300632953125 0.5278937499999999 0.12763220625 0.5195585859375 0.1236382734375 0.512844146875 0.119470690625 0.5072873703125 0.1133929671875 0.5021936593749999 0.11269836875000001 0.4945530921875 0.11217742187499999 0.48830171875 0.11217742187499999
0 0.53576585 0.06911240625000001 0.53206133125 0.06616036875 0.5237261671875 0.0640765765625 0.52002165 0.0640765765625 0.5151594703125 0.0649448234375 0.5091396296874999 0.06581306875000001 0.4975630125 0.0701543015625 0.4933954296875 0.077100271875 0.4945530921875 0.0817888015625 0.5005729328124999 0.07987865937500001 0.510065759375 0.0793577125 0.5193270531249999 0.083004346875 0.5211793109375 0.07675297343750001 0.5244207640625 0.07189079375 0.53576585 0.06911240625000001
0 0.5156225359375 0.0545258671875 0.5107603562499999 0.05417856875 0.50682430625 0.054873165625 0.49872067343750004 0.0597353453125 0.487607121875 0.063729278125 0.48969091249999996 0.065118471875 0.49084857499999995 0.0677232109375 0.49617381875 0.0708488984375 0.50010986875 0.06963335312499999 0.5072873703125 0.0654657703125 0.5156225359375 0.0642502265625 0.5177063265624999 0.060429942187499995 0.5172432609375 0.056436009375 0.5156225359375 0.0545258671875
0 0.5383127046875 0.0685914578125 0.5390073015625 0.0677232109375 0.5408595609375 0.061124539062500004 0.5401649640625 0.057651554687499995 0.537849640625 0.055220464062499995 0.5322928640625 0.0538312703125 0.5278937499999999 0.0538312703125 0.5228000374999999 0.055046815625 0.5184009234375 0.058346151562500004 0.5165486640625 0.0633819796875 0.5269676203125 0.063729278125 0.5346081875 0.0665076671875 0.5383127046875 0.0685914578125
0 0.4981508109375 0.4976369 0.5002064546875 0.505516865625 0.5084290265625 0.5113411875 0.5189356453125 0.51408204375 0.5285286453125 0.51408204375 0.5330967421875 0.511855096875 0.53675121875 0.5060307749999999 0.541090909375 0.4991786328125 0.541090909375 0.49249779374999997 0.5378932421875 0.48701607812500003 0.5285286453125 0.48119175625 0.5223617171875 0.4781082921875 0.51528116875 0.4782795953125 0.5118550984375 0.47879350625 0.5077438109375 0.482048275 0.5068301921875 0.48084914999999995 0.5018052875000001 0.48513173906249996 0.498836025 0.4895856328125 0.4981508109375 0.4976369
0 0.524645765625 0.477765684375 0.5280718359375001 0.4758813453125 0.5319547171875 0.47159875625 0.5321831218749999 0.46560313124999997 0.530355884375 0.46200575625000007 0.524417359375 0.45720925625 0.522590121875 0.4548110046875 0.5219049078125 0.45275536250000004 0.5171084078125 0.4536118796875 0.5111698828125 0.452926665625 0.5045461453125 0.45344057656250003 0.49997805 0.45618143437500003 0.49381112031249996 0.45977880937500004 0.49175547656249996 0.46765877343750006 0.49518154843750006 0.474853525 0.5011200734375 0.47862220312500003 0.50865743125 0.47896481093750004 0.5111698828125 0.477765684375 0.51916405 0.4782795953125 0.52304693125 0.4782795953125 0.524645765625 0.477765684375
0 0.542004528125 0.49643777499999997 0.54040569375 0.5010629718749999 0.5429181468750001 0.50209079375 0.548628265625 0.504317740625 0.5570792421874999 0.5038038296875 0.5639313859375 0.5005490609375001 0.571011934375 0.49489604375 0.5712403390625 0.49009954375 0.5712403390625 0.4830760953125 0.571925553125 0.4794787203125 0.5707835296875 0.47365440000000003 0.572839171875 0.46526052343749996 0.570555125 0.45960750624999996 0.5664438390625001 0.4551536125 0.55890648125 0.45241275468750003 0.5495418859375001 0.45241275468750003 0.543831765625 0.4539544875 0.541090909375 0.45669534531249995 0.5372080265625 0.46132054218749996 0.5353807890625 0.46834398750000006 0.538121646875 0.477423078125 0.53675121875 0.48393261406250004 0.539492075 0.4880439 0.542004528125 0.49643777499999997
0 0.48193407187500004 0.5161376875 0.48398971562500004 0.52127679375 0.49015664374999995 0.526758509375 0.498379215625 0.5288141515625 0.5088858359375 0.525901990625 0.513910740625 0.52247591875 0.5150527640625 0.5193924546875001 0.51528116875 0.513910740625 0.5102562640625 0.51168379375 0.503632525 0.5080864187499999 0.498836025 0.5024333999999999 0.4981508109375 0.49421082812500006 0.500434859375 0.486673471875 0.5015768828125 0.48393261406250004 0.498836025 0.48290479218750004 0.494039525 0.48324740000000005 0.48832940625 0.48598825625000003 0.48467492968750003 0.48838650625 0.48444652499999996 0.49249779374999997 0.4830760953125 0.4947247390625 0.4814772625 0.4983221140625 0.4814772625 0.50328991875 0.48353290624999995 0.50568816875 0.48330450156250004 0.5087716328125 0.48193407187500004 0.5161376875
0 0.4419632375 0.531555009375 0.453383475 0.5396062781250001 0.46092083281249996 0.541148009375 0.46366169062499996 0.54097670625 0.4700570234375 0.539948884375 0.4755387390625 0.5404627953125 0.481020453125 0.5348097765625 0.48239088125 0.52778633125 0.48033523906250003 0.5238463484375 0.476223953125 0.5197350625 0.471427453125 0.5154524734375 0.46663095156249995 0.5132255265625 0.46434690468750006 0.51168379375 0.45703795156250004 0.512711615625 0.4536118796875 0.5125403125 0.44310526093749997 0.5147672578125 0.4392223796875 0.5192211515625 0.438537165625 0.5238463484375 0.4419632375 0.531555009375
0 0.4682297859375 0.505859471875 0.4707422390625 0.4981508109375 0.4691434046875 0.49181257812499996 0.46297647656249996 0.48581695312499995 0.45543911875000004 0.482048275 0.4515562375 0.48084914999999995 0.44972899843749997 0.47725177499999993 0.4488153796875 0.4784509 0.44538930781249997 0.48221957812499994 0.4383087609375 0.48598825625000003 0.43351226093750006 0.49181257812499996 0.43122821250000004 0.5002064546875 0.43259864062500003 0.5074012046874999 0.43693833125000003 0.5113411875 0.4449324984375 0.5130542234375 0.4515562375 0.5101420625 0.4565811421875 0.5111698828125 0.462519665625 0.5101420625 0.4682297859375 0.505859471875
0 0.414106990625 0.50089166875 0.4152490140625 0.5063733828125 0.4198079734375 0.51648029375 0.42072159375 0.52127679375 0.422092021875 0.527957634375 0.4271169265625 0.5312124015624999 0.43511109374999996 0.5330967421875 0.44082121250000006 0.5320689203125 0.44150642656250005 0.5308697953125 0.44036440312499997 0.5283002406249999 0.4378519515625 0.5214480984375001 0.43945078437499996 0.5173368125 0.43876557031249996 0.5123690078124999 0.43670992656249996 0.510655971875 0.43351226093750006 0.50928554375 0.4309998078125 0.505516865625 0.43054299843750005 0.50089166875 0.43008618906249996 0.4983221140625 0.4284873546875 0.49489604375 0.4241476640625 0.490270846875 0.4207307296875 0.492669096875 0.416162634375 0.4959238640625 0.414106990625 0.50089166875
0 0.4800946296875 0.45686990468750005 0.4762489296875 0.45337830468749996 0.47402247031250005 0.4518602171875 0.470176771875 0.45231564375 0.4661286609375 0.4583879921875 0.4647118203125 0.4640049171875 0.4647118203125 0.47038088437500003 0.46875993125 0.4750869515625 0.4671406921875 0.47888217343750006 0.46491423125000003 0.48282919843750005 0.46531904218750003 0.4873834625 0.467343090625 0.4896605921875 0.469974359375 0.49193772031250005 0.47078397968749996 0.49603655937499996 0.47118878906250006 0.49967996875000004 0.4748320890625 0.49967996875000004 0.47786816875 0.49967996875000004 0.4804994515625 0.49831368906250006 0.48353553125 0.4934558078125 0.4843451515625 0.4882943125 0.4853571828125 0.481614728125 0.48980336874999997 0.4760536015625 0.48859565937499994 0.47372067656250005 0.48353553125 0.466889284375 0.4800946296875 0.45686990468750005
0 0.50885260625 0.8654043328125001 0.512433921875 0.8655457046875 0.517146190625 0.8596080687500001 0.51884260625 0.85522553125 0.517146190625 0.8509843625 0.5122454375000001 0.8458949625000001 0.506779209375 0.8436330062499999 0.50131298125 0.8432088906249999 0.4935848734375 0.8425020296874999 0.49019204062500005 0.8433502624999999 0.48679920781249997 0.8437743781249999 0.479825059375 0.8427847734375 0.47266242031249994 0.844481240625 0.46361487031250004 0.849005153125 0.46078751406249996 0.8538118078125001 0.4598450640625 0.8631423765624999 0.46493430625 0.866818053125 0.47341638125 0.8689386406249999 0.48039053593750003 0.8685145203125 0.48736468437499997 0.8661111921875 0.490131375 0.8661077468749999 0.49264241562500005 0.8673835453125 0.49980506093750005 0.8655457046875 0.50885260625 0.8654043328125001
0 0.46625374218750004 0.87600725 0.46587675624999997 0.8781278312499999 0.46549977656249997 0.882369 0.46549977656249997 0.8870342843750001 0.46795015156249997 0.8919823125 0.47209694375 0.8943856421874999 0.47567826718750006 0.8941028937500001 0.48001355625000003 0.89113408125 0.48340637500000005 0.88477233125 0.48434883125 0.8789760671875 0.4841603484375 0.873179803125 0.4820869515625 0.8695041265624999 0.479825059375 0.8679490328125 0.47737468281249995 0.8685145203125 0.47473581718749996 0.8686558921875 0.47040053437499996 0.8682317765625 0.4664422328125 0.86724216875 0.46235020625 0.8650193046875 0.46361487031250004 0.8696454984375 0.4643688359375 0.871341965625 0.46625374218750004 0.87600725
0 0.527513171875 0.903445975 0.53015204375 0.8990634390625001 0.5261937343749999 0.8951050140625 0.5197850625 0.891005221875 0.5135648749999999 0.8898742437499999 0.505836753125 0.8898742437499999 0.5007475171875 0.8914293375 0.4939618515625 0.8934085484375001 0.48265241562499994 0.8966601093750001 0.4754897765625 0.8969428531249999 0.47209694375 0.9003357859375001 0.47303940000000005 0.9044355828124999 0.4822754359375 0.9059906765625 0.49038053593750003 0.9064147921875 0.4958467515625 0.9074044000000001 0.503009396875 0.9096663546875 0.5079101500000001 0.9106559609374999 0.513376378125 0.9095249828125 0.521481465625 0.906697540625 0.527513171875 0.903445975
0 0.5295865671875 0.9050010703125 0.5307175078124999 0.9085353796875 0.5333563796874999 0.912069684375 0.5380686359375 0.9144730093750001 0.5465507171875 0.9151798734375 0.553524865625 0.91221105625 0.55710618125 0.9081112593749999 0.5580486375 0.9035873515624999 0.5552212812499999 0.898356575 0.5491895890625 0.891005221875 0.5463622203125 0.8861985625000001 0.54391184375 0.8835124921874999 0.5382571328125 0.8816746546875001 0.5310944875 0.8832297484374999 0.5254397749999999 0.8893087515625 0.5235102421875 0.893007796875 0.5288326078125001 0.8976497171875 0.5297750515625 0.8997702984375 0.5295865671875 0.90203225625 0.5295865671875 0.9050010703125
0 0.5129993984375 0.8895915000000001 0.5160152499999999 0.8863399375000001 0.5186541109375 0.88266425625 0.5194080703124999 0.8811091624999999 0.521858459375 0.8775748578125 0.5252512796875 0.874181925 0.5205390234375 0.8726268296875 0.5194080703124999 0.8705062453125001 0.5167692109375001 0.8675374281250001 0.5114914781250001 0.8659823328125 0.5033863765625 0.8651341 0.493019396875 0.8673960562499999 0.48811864375 0.87149585 0.4866107234375 0.876161134375 0.48906109999999997 0.877998975 0.48811864375 0.8794126953125 0.48717618749999997 0.8811091624999999 0.48660689843749994 0.8864771484375 0.49660072499999997 0.8927016890624999 0.5018784578125 0.8897328718749999 0.5128109015625 0.8895915000000001 0.5129993984375 0.8895915000000001
0 0.52826713125 0.9161819937500001 0.528455628125 0.9132131765624999 0.529963546875 0.9098202390625 0.53015204375 0.9082651484375001 0.5286441109375 0.9037412375 0.525628259375 0.905437703125 0.5184656265625 0.9078410281249999 0.514318834375 0.9086892640625001 0.5096065656250001 0.9110925906249999 0.51262241875 0.9170302250000001 0.5167692109375001 0.9188680640625 0.527513171875 0.9192921843749999 0.52826713125 0.9161819937500001