0 0.1352312375 0.4725889234375 0.1344593703125 0.469501453125 0.132298140625 0.4676489703125 0.128901921875 0.46620815000000004 0.124270715625 0.46620815000000004 0.122881353125 0.469089790625 0.12303572656249999 0.47588222656249995 0.1221094859375 0.48473297656250003 0.12257260625 0.49440705312500005 0.12581445156249998 0.4989353453125 0.131680646875 0.4997586703125 0.13569435937500002 0.49523037968750006 0.13770121562499998 0.4843213140625 0.136311853125 0.482263 0.1358487328125 0.47732304687499993 0.1352312375 0.4725889234375
0 0.13723809375 0.4993470078125 0.14650050781249999 0.49790618750000004 0.1525210765625 0.4888496046875 0.1515948359375 0.48041051718750005 0.14835299062500001 0.47320641874999997 0.1448023984375 0.470530609375 0.1398624453125 0.4711481046875 0.13646622656250001 0.4730005859375 0.1355399859375 0.47752887812499994 0.1367749734375 0.4826746625 0.13924494999999998 0.486585459375 0.13847308281249998 0.490290425 0.1367749734375 0.4956420421875 0.13723809375 0.4993470078125
0 0.1378555890625 0.5108735671875 0.1444936515625 0.510050240625 0.1505142203125 0.5094327468750001 0.15746103125 0.5063452749999999 0.1605485015625 0.5042869609375 0.16394472031250001 0.49852368125 0.163790346875 0.49399539062500003 0.1605485015625 0.4894671 0.1559172953125 0.4886437734375 0.15097734062499998 0.48987876249999995 0.14665488124999998 0.49770035625000003 0.141714928125 0.4999645015625 0.138318709375 0.49955283906250003 0.13723809375 0.49831785 0.1358487328125 0.49625953593750005 0.1338418765625 0.5003761640625 0.132915634375 0.5059336125 0.131217525 0.5108735671875 0.1378555890625 0.5108735671875
0 0.1361574796875 0.5240467765625 0.1375468421875 0.5320742015625 0.13939932500000002 0.53783748125 0.145728640625 0.5405132906250001 0.1562260421875 0.541748278125 0.1599310078125 0.5390724703124999 0.16209223749999999 0.5345441796875 0.1619378640625 0.5279575734375 0.158078525 0.520753475 0.1514404625 0.5182834984375 0.1492792328125 0.517460171875 0.14279554218749999 0.5184893296875 0.13924494999999998 0.5154018578125 0.1367749734375 0.51375520625 0.1338418765625 0.5147843640625 0.1361574796875 0.5240467765625
0 0.51938519375 0.4494319640625 0.5227190859374999 0.43726618437500003 0.5158758359375 0.43118329375000003 0.5130683484375 0.4307153796875 0.506225096875 0.433054953125 0.5035930765625001 0.43399078125 0.497802634375 0.43866992812500005 0.49288953125 0.4419453296875 0.4916612546875 0.45177153593749997 0.489380171875 0.456918596875 0.49288953125 0.45762046874999995 0.4930649984375 0.4641712734375 0.494819678125 0.47423143593750006 0.5021893328125 0.47189186406249994 0.509909925 0.461129828125 0.5167531750000001 0.45364319531249997 0.51938519375 0.4494319640625
0 0.47323711875 0.47235977812499996 0.46902588749999996 0.47376352187500004 0.46358637968750005 0.4789105828125 0.461305296875 0.48850283125000005 0.4614807640625 0.49435176406250003 0.461129828125 0.49715925156249996 0.4593751484375 0.49996673906250005 0.458322340625 0.5041779703125 0.4595506171875 0.505815671875 0.46516559218750003 0.505815671875 0.4700786953125 0.5053477562500001 0.4785011578125 0.5051138 0.48534440781250004 0.49645737968750003 0.486397215625 0.4870990875 0.48218598437500004 0.48171807031249997 0.47885209375000004 0.47540122343749996 0.4762200734375 0.47235977812499996 0.47323711875 0.47235977812499996
0 0.49288953125 0.479144540625 0.49411780624999996 0.47282769375000006 0.4927140625 0.46791458906249994 0.4918367234375 0.4601939984375 0.49095938281249996 0.4578544265625 0.4869236203125 0.45949212656249994 0.48008036875000004 0.462533571875 0.47604460625 0.4683825046875 0.4762200734375 0.47189186406249994 0.4785011578125 0.475167265625 0.48201051718750004 0.479144540625 0.48534440781250004 0.4852274296875 0.4890292359375 0.48475951562499997 0.49288953125 0.479144540625
0 0.4790275609375 0.4587902546875 0.4762200734375 0.4615977421875 0.47165790625000004 0.4590242125 0.46920135468749996 0.45481298125 0.4672712078125 0.4487300921875 0.4618317 0.44709239062500006 0.456918596875 0.448496134375 0.45358470625 0.4559827671875 0.45270736562499997 0.461129828125 0.45481298125 0.4641712734375 0.46446371875 0.46721271875000003 0.4755182015625 0.46697876093749996 0.47692194531250004 0.4655750171875 0.48078224062499997 0.459726084375 0.4790275609375 0.4587902546875
0 0.5044704171875 0.5252341265625 0.511840071875 0.5193851953124999 0.5121910078125 0.514472090625 0.5121910078125 0.5088571156249999 0.5114891359375 0.504411928125 0.509909925 0.501838396875 0.504645884375 0.49996673906250005 0.5011365249999999 0.4983290375 0.4974516984375 0.4966913375 0.4927140625 0.49505363593749996 0.4927140625 0.494819678125 0.49131031875 0.4985629953125 0.49131031875 0.5083892015625 0.49359140312500005 0.5175135359375 0.4974516984375 0.5238303828124999 0.5044704171875 0.5252341265625
0 0.506225096875 0.46604293124999996 0.504645884375 0.46885041875000005 0.500434653125 0.47282769375000006 0.49727622968749996 0.475167265625 0.496398890625 0.478676625 0.4971007625 0.4852274296875 0.4971007625 0.49060844687499994 0.504821353125 0.49903090937499994 0.5120155390625001 0.49809508124999996 0.51657770625 0.49458572187499994 0.5190342593749999 0.48803491718750003 0.5188587906250001 0.48312181406250004 0.5151739625 0.4758691375 0.51131366875 0.4739974796875 0.51096273125 0.46978624843750005 0.5088571156249999 0.466744803125 0.506225096875 0.46604293124999996
0 0.524473765625 0.486397215625 0.531667953125 0.486397215625 0.5362301203125 0.48218598437500004 0.537107459375 0.47423143593750006 0.535703715625 0.46885041875000005 0.5327207609375 0.4571525546875 0.531667953125 0.45106966406250004 0.5283340609375 0.44919800624999995 0.5234209578125 0.44966592031249997 0.5195606625 0.45060174999999997 0.5144720921875 0.456918596875 0.5134192828125 0.4618317 0.5134192828125 0.4676806328125 0.5144720921875 0.4704881203125 0.5151739625 0.47446539374999996 0.51692864375 0.47820871093750006 0.524473765625 0.486397215625
0 0.5121910078125 0.514238134375 0.5135947515625 0.5200870656250001 0.51815691875 0.5242982984375 0.524649234375 0.522660596875 0.5302642093750001 0.51657770625 0.5339490359375 0.51494000625 0.5423714984375 0.5093250312500001 0.5460563265625 0.5034760984375 0.5455299218749999 0.4985629953125 0.54500351875 0.4929480203125 0.543599775 0.489204703125 0.54061681875 0.48616325937499993 0.5360546515625 0.4842916 0.5278076578124999 0.48803491718750003 0.523070021875 0.4929480203125 0.5183323875 0.4957555078125 0.513243815625 0.5023063125 0.5121910078125 0.514238134375
0 0.8268147609375 0.438889171875 0.8273462468749999 0.43321999062499994 0.8261061125 0.43156647968749995 0.82451165625 0.42802324062499997 0.8183109875 0.42471621718749997 0.8122874828125 0.42471621718749997 0.8064411375 0.42188162656249995 0.7990003375 0.4188108203125 0.7926225062500001 0.41975568281250003 0.7912052125 0.4261335125 0.7912052125 0.4318026953125 0.7954570984375 0.437944309375 0.8013034421875 0.4369994453125 0.8055553281250001 0.44030646874999996 0.8064411375 0.44266862656250006 0.8105158625 0.4440859234375 0.8152992343750001 0.4421961953125 0.8227400359375 0.4421961953125 0.8268147609375 0.438889171875
0 0.7986460125 0.4369994453125 0.7945712890625 0.43912538906250004 0.790673725 0.44101511562500006 0.7828786 0.44455835468749993 0.7853588671875 0.45235347968750006 0.78890210625 0.4622745484375 0.7942169640625 0.468652378125 0.798823175 0.47172318437499994 0.7995318234375001 0.471250753125 0.80094911875 0.470778321875 0.801834928125 0.4705421046875 0.8071497859375001 0.468652378125 0.8089214046875 0.464164275 0.807858434375 0.45684158124999996 0.8089214046875 0.45164483125 0.80856708125 0.44597565 0.8075041093750001 0.44101511562500006 0.802543575 0.43747187656250003 0.7986460125 0.4369994453125
0 0.8213227406250001 0.4627469796875 0.8216770640625001 0.461329684375 0.8218542265625001 0.45518807031249997 0.8213227406250001 0.45495185468750005 0.8207912546875 0.4521172640625 0.8213227406250001 0.448574025 0.8200826078125001 0.44361349062500005 0.81671653125 0.44266862656250006 0.8121103203125 0.4440859234375 0.807858434375 0.45400699062500005 0.8090985671875 0.46581778749999997 0.8124646437499999 0.46676265 0.81636220625 0.46463670781250005 0.8213227406250001 0.4627469796875
0 0.7933311546875 0.483770196875 0.794039803125 0.493691265625 0.8000633078125 0.49936044687500003 0.8055553281250001 0.4995966625 0.8121103203125 0.4948723453125 0.8161850453125 0.493691265625 0.8218542265625001 0.48731343593750004 0.83212961875 0.47951830937500006 0.83230678125 0.476447503125 0.8298265140625001 0.47148696875 0.8266375984375 0.46629021875000004 0.82220855 0.463928059375 0.81636220625 0.4651091390625 0.8135276156250001 0.46652643437499997 0.80838991875 0.470778321875 0.8034293859374999 0.4698334578125 0.7972287171875 0.4745577765625 0.7945712890625 0.48046317343749995 0.7933311546875 0.483770196875