0 0.085279478125 0.3898490421875 0.09398146562500001 0.39449010156250003 0.0960119296875 0.3886887765625 0.096882128125 0.37592586250000004 0.09717219375 0.36161592656249997 0.09717219375 0.351560296875 0.0934013328125 0.3442119515625 0.0861496765625 0.338023871875 0.08266888125 0.3376371171875 0.075417225 0.34266493124999997 0.0728066296875 0.35272056093750004 0.0742569609375 0.3662569859375 0.075417225 0.374765596875 0.0759973578125 0.3790199015625 0.085279478125 0.3898490421875
0 0.06323444218749999 0.4629457375 0.06758543593750001 0.46952057187499996 0.0730966953125 0.46681328750000006 0.0771576234375 0.46333249218750006 0.0803483515625 0.4583046765625 0.080928484375 0.4528901078125 0.07947815312499999 0.446315271875 0.0771576234375 0.44283447656249997 0.0771576234375 0.43161858124999997 0.0742569609375 0.421176196875 0.0716463640625 0.415374871875 0.0699059671875 0.4149881171875 0.06845563593750001 0.4184689125 0.06816556875 0.4223364625 0.0655549734375 0.43161858124999997 0.0643947078125 0.442447721875 0.06323444218749999 0.45366361718750003 0.06323444218749999 0.4629457375
0 0.0713562984375 0.3565881109375 0.0725165625 0.3511735421875 0.06932583437499999 0.34846625625 0.0655549734375 0.347692746875 0.0603337796875 0.351560296875 0.0556927203125 0.3546543359375 0.0556927203125 0.3608424171875 0.056272853125 0.36587023125 0.0614940453125 0.36780400625 0.0672953703125 0.36780400625 0.0719364296875 0.3635497015625 0.0713562984375 0.3565881109375
0 0.0583033171875 0.382500696875 0.0609139125 0.38714175625 0.0655549734375 0.378633146875 0.0696159 0.37360533125 0.06758543593750001 0.3701245375 0.062074178125000004 0.3705112921875 0.0583033171875 0.3705112921875 0.0551125875 0.3712848015625 0.054822521874999995 0.37592586250000004 0.0583033171875 0.382500696875
0 0.047570865625 0.35272056093750004 0.0472807984375 0.361229171875 0.044670203125 0.367030496875 0.038868878125 0.370898046875 0.031617221875000004 0.37592586250000004 0.0339377515625 0.3809536765625 0.0429298046875 0.37553910625000003 0.0496013296875 0.3685775171875 0.051631792187500004 0.365096721875 0.052211925000000006 0.35890864218749996 0.0527920578125 0.343825196875 0.0510516609375 0.33647685156249996 0.0472807984375 0.3430516859375 0.047570865625 0.35272056093750004
0 0.0313271546875 0.454050371875 0.040319209375 0.4555973921875 0.0472807984375 0.4548238828125 0.0487311296875 0.4544371265625 0.0510516609375 0.4525033515625 0.0510516609375 0.4470887828125 0.051921859375000004 0.4381934171875 0.052211925000000006 0.43625964218749996 0.045250335937500004 0.4312318265625 0.035098017187500004 0.43239209218749997 0.0292966921875 0.4432212328125 0.0255258296875 0.450182821875 0.0313271546875 0.454050371875
0 0.5055930046875 0.4063905859375 0.5041957874999999 0.3973419421875 0.5010021484375 0.3944144390625 0.4988065203125 0.39414830312500004 0.49321765156249997 0.3946805765625 0.4876287828125 0.4010678546875 0.4870299765625 0.410914909375 0.484634746875 0.412777865625 0.47784826406249997 0.412777865625 0.46966456250000005 0.4159715046875 0.4634768875 0.42156037343749997 0.465273309375 0.42635083125 0.47006376875000005 0.4276815140625 0.48742918125 0.43007674375000005 0.49561288125 0.42315719218750003 0.5033973765625 0.412777865625 0.5055930046875 0.4063905859375
0 0.50379658125 0.4489724421875 0.5063914140625 0.444181984375 0.5075890281250001 0.43912538906250004 0.5073894265625001 0.4322058359375 0.5089862453125 0.42794765156250003 0.5103834625 0.42315719218750003 0.5087866437499999 0.42289105625 0.5051937984375 0.4212942359375 0.4982077125 0.4223587828125 0.49541327968750004 0.425552421875 0.4906228203125 0.4295444703125 0.4870299765625 0.43593175000000006 0.4880279890625 0.442319028125 0.49241924218750005 0.44737562343750004 0.49361685624999996 0.44923857968750003 0.49661089374999995 0.4518999453125 0.50379658125 0.4489724421875
0 0.47265860000000004 0.47079564375 0.47824746874999996 0.4747876921875 0.48084230000000006 0.47851360468750004 0.4832375296875 0.4830379265625 0.4878283859375 0.48756225000000003 0.49321765156249997 0.4907558890625 0.5018005578125 0.48836065937499995 0.505992209375 0.4830379265625 0.5087866437499999 0.477182921875 0.5077886312500001 0.47425541875 0.50379658125 0.4694649609375 0.494814471875 0.4646745015625 0.48643116875 0.462545409375 0.478846275 0.46148086250000003 0.468866153125 0.460416315625 0.4620796703125 0.45988404374999997 0.46407569375 0.46334381875 0.46866655156250003 0.46813427812499997 0.47265860000000004 0.47079564375
0 0.9283509921875 0.4537629015625 0.92755258125 0.44710948593750005 0.9255565578124999 0.4415206171875 0.922163315625 0.4380608421875 0.9207660984375 0.43593175000000006 0.9179716640625 0.43034288125 0.9141792171875001 0.4194312796875 0.912981603125 0.41703605 0.9105863734374999 0.416237640625 0.9085903484375001 0.4165037765625 0.90719313125 0.4220926453125 0.9083907468750001 0.430875153125 0.9103867703124999 0.43992379843749996 0.9169736515625001 0.44923857968750003 0.9251573515624999 0.4638760921875 0.926953775 0.46094858906249997 0.9283509921875 0.45722267656250004 0.9283509921875 0.4537629015625
0 0.9153768328125 0.45136767187500004 0.9141792171875001 0.44790789531249997 0.91218319375 0.444181984375 0.907392734375 0.442319028125 0.9000074437500001 0.4377947046875 0.8978118171875 0.447641759375 0.9000074437500001 0.458819496875 0.9028018781249999 0.4649406390625 0.906594325 0.46520677499999996 0.9089895546875001 0.46094858906249997 0.9133808078125 0.45828722343750006 0.914778025 0.4566904046875 0.9153768328125 0.45136767187500004
0 0.8878316937499999 0.46360995625 0.890027321875 0.4668035953125 0.893620165625 0.4676020046875 0.8944185750000001 0.46973109687500003 0.8948177796874999 0.4729247359375 0.8960153953125 0.4777151953125 0.8976122140625 0.4811749703125 0.9016042625 0.4859654296875 0.9077919390625 0.4872961125 0.911983590625 0.4872961125 0.9193688812499999 0.4851670203125 0.9215645078125 0.48197338125 0.9215645078125 0.480908834375 0.9199676890624999 0.47851360468750004 0.914977628125 0.47425541875 0.9101871687499999 0.47106177968749996 0.9057959140625 0.467868140625 0.8948177796874999 0.4628115453125 0.8876320921874999 0.4593517703125 0.8856360671875001 0.4593517703125 0.8878316937499999 0.46360995625