0 0.3282824375 0.029049745312500003 0.32611555625 0.025393134374999998 0.322323515625 0.0241742640625 0.31636459375000003 0.0241742640625 0.3114891125 0.0255962796875 0.30065470781250003 0.0304717609375 0.295508365625 0.0339252265625 0.2968626671875 0.037988128125 0.3014672890625 0.042051029687500005 0.30715535 0.042457320312500005 0.3125725515625 0.041847884375 0.316635453125 0.0396132890625 0.3242195359375 0.0361598234375 0.3271989984375 0.033112646875 0.3282824375 0.029049745312500003
0 0.30200900937499997 0.047535946875 0.3003838484375 0.0499736875 0.30444675 0.0544428796875 0.31067653125 0.0562711859375 0.31961491406250003 0.055052314062499996 0.329365878125 0.05180199375 0.333699640625 0.047535946875 0.333699640625 0.04408248125 0.33261620000000003 0.0410353046875 0.3299075984375 0.03839441875 0.3266572765625 0.0367692578125 0.3225943765625 0.0361598234375 0.31771889375 0.03839441875 0.3144685734375 0.040832159374999996 0.30796793125 0.042660465625 0.30471760937500003 0.0438793359375 0.30227986875 0.045301351562499995 0.30200900937499997 0.047535946875
0 0.339929421875 0.11619898125000001 0.34317974375000004 0.1159958375 0.3461592046875 0.11457382187500001 0.348055225 0.11172979062499999 0.348326084375 0.10847946875 0.346971784375 0.1058385828125 0.34426318437500003 0.10401027656249999 0.3410128625 0.1001505203125 0.34020028281250003 0.0971033453125 0.3383042609375 0.0952750390625 0.335053940625 0.0938530234375 0.330720178125 0.0938530234375 0.32611555625 0.0962907640625 0.322323515625 0.0999473765625 0.32476125625 0.10096310156249999 0.3269281375 0.10502600312499999 0.32801157812500004 0.10807317812499999 0.3339705 0.1125423703125 0.3366791015625 0.11457382187500001 0.339929421875 0.11619898125000001
0 0.3169063140625 0.09893165000000001 0.31501029375 0.1001505203125 0.3112182515625 0.1025882625 0.3109473921875 0.1062448734375 0.313114271875 0.11132349999999999 0.3155520140625 0.11579269218749999 0.31988577500000004 0.122293334375 0.3263864171875 0.124731075 0.3309910390625 0.12391849375 0.3347830796875 0.12087131874999998 0.335053940625 0.11538640156249999 0.3334287796875 0.11335495 0.330720178125 0.11071406406249999 0.32774071718750003 0.107870034375 0.3253029765625 0.10197882656249999 0.3215109359375 0.0995410859375 0.3169063140625 0.09893165000000001
0 0.352659846875 0.2303665125 0.35591016875000003 0.2303665125 0.35726446875 0.22955393281249997 0.3578061890625 0.2271161921875 0.356181028125 0.2234595796875 0.35536844843750004 0.22163127500000002 0.354014146875 0.2210218390625 0.3499512453125 0.21980296875 0.345617484375 0.219396678125 0.3423671625 0.21777151875 0.33749168125 0.2165526484375 0.3334287796875 0.2171620828125 0.330178459375 0.2195998234375 0.329365878125 0.2238658703125 0.3331579203125 0.22427216093750002 0.3369499609375 0.22549103124999997 0.3404711421875 0.22813191718749998 0.3453466234375 0.2301633671875 0.3488678046875 0.2303665125 0.352659846875 0.2303665125
0 0.31961491406250003 0.2315853828125 0.3215109359375 0.23625772031249997 0.32801157812500004 0.23930489531250002 0.338575121875 0.2425552171875 0.34778436562500004 0.2435709421875 0.3523889859375 0.2407269109375 0.3542850078125 0.2368671546875 0.3532015671875 0.2338199796875 0.35022210625 0.23117909375 0.346700925 0.22955393281249997 0.3429088828125 0.228944496875 0.3404711421875 0.22813191718749998 0.3372208203125 0.225084740625 0.3334287796875 0.22406901562499998 0.32801157812500004 0.22406901562499998 0.3228652359375 0.22467845 0.31988577500000004 0.22691304687499997 0.3190731953125 0.2291476421875 0.31961491406250003 0.2315853828125
0 0.3136335078125 0.5099746703125 0.31967195937500004 0.5112098078125 0.32461250937499997 0.5103863828125 0.3279062109375 0.5065437312500001 0.3284551609375 0.5028383187500001 0.32827217656249996 0.49885842968749994 0.32827217656249996 0.49117312812499997 0.32772322656249997 0.487879428125 0.32516145937499996 0.48582086406249997 0.318802334375 0.484094709375 0.3141977125 0.48470414375 0.3109473921875 0.4867355953125 0.3085096515625 0.4912047859375 0.3098639515625 0.49668970312500005 0.30960787343749996 0.50325003125 0.310522790625 0.5065437312500001 0.3136335078125 0.5099746703125
0 0.3021055546875 0.4815665015625 0.2969820203125 0.4821154515625 0.29368831875 0.48389953906249994 0.29204146875000003 0.48650705156249996 0.29021163437499997 0.49227102812499995 0.2894797015625 0.49693710468749996 0.2894797015625 0.50242660625 0.2916755015625 0.5084650578125001 0.29771395312500004 0.5118959953125 0.30356942187499997 0.5118959953125 0.3074120734375 0.5094257203125 0.30905892343749997 0.5053085937499999 0.30905892343749997 0.50119146875 0.30905892343749997 0.49693710468749996 0.30924190625 0.492682740625 0.30979085624999997 0.489389040625 0.31033980625 0.48664428906249996 0.30924190625 0.4848602015625 0.3077780390625 0.4837623015625 0.3021055546875 0.4815665015625
0 0.3623070859375 0.6393896625 0.36395393593750003 0.6355470125 0.36285603593750004 0.6317043609375 0.360660234375 0.6296457984375 0.3570005671875 0.6284106609375 0.3485833328125 0.6270382859375 0.34364278125 0.6269010484375 0.3388852140625 0.6288223734375 0.3368723953125 0.632665025 0.339617146875 0.6371938625 0.34364278125 0.6385662375 0.3484003484375 0.6377428125 0.3542558171875 0.6388407125 0.3582814515625 0.6400758515625 0.3623070859375 0.6393896625
0 0.340166096875 0.6404875640625 0.342361896875 0.6443302140625 0.349315265625 0.6463887781250001 0.3542558171875 0.646114303125 0.3575495171875 0.6447419265625001 0.3588304015625 0.6437812640625 0.35919636875 0.6414482265625 0.357915484375 0.6400758515625 0.35590266718749997 0.6393896625 0.34968123281249996 0.6382917625 0.3462045484375 0.6382917625 0.3416299640625 0.6380172875000001 0.3399831140625 0.638154525 0.340166096875 0.6404875640625
0 0.3427278640625 0.71843848125 0.34400874843749996 0.7204970453125 0.3484003484375 0.7209087578125 0.35352388281249997 0.7202225703125 0.35919636875 0.71816400625 0.3650518359375 0.71418411875 0.37017537031250003 0.7100669921875 0.37328608750000003 0.7059498671875 0.37328608750000003 0.702518928125 0.3718222203125 0.7005976031250001 0.3690774703125 0.6993624656249999 0.3650518359375 0.6993624656249999 0.36084321875 0.700734840625 0.35590266718749997 0.702930640625 0.3526089671875 0.7074594796875 0.3485833328125 0.7092435671875 0.3432768140625 0.7132234562499999 0.3427278640625 0.71843848125
0 0.339068196875 0.71212555625 0.340715046875 0.71514478125 0.3432768140625 0.71390964375 0.3467534984375 0.7107531796875 0.349864215625 0.7088318546875 0.35388985 0.7063615796875 0.35718355156250003 0.7016955031250001 0.358464434375 0.6953825765625 0.357366534375 0.6926378265625 0.35407283437500003 0.6914026875 0.350962115625 0.6916771625 0.3494982484375 0.6940102015625 0.34583858125 0.6957942890625 0.3451066484375 0.6993624656249999 0.34419173125 0.702930640625 0.3408980296875 0.7051264421875 0.340715046875 0.7088318546875 0.339068196875 0.71212555625
0 0.3266253265625 0.7100669921875 0.32882112812500003 0.71240003125 0.3324807953125 0.71377240625 0.3366894125 0.7134979312499999 0.3387022296875 0.71171384375 0.3410810140625 0.7066360546875 0.3427278640625 0.703479590625 0.3449236640625 0.7004603656249999 0.34528963125 0.6964804765625 0.3449236640625 0.6931867765625 0.34199593125 0.6912654500000001 0.33833626250000004 0.6905792625 0.3346765953125 0.6911282125 0.3317488609375 0.69236335 0.329370078125 0.6963432390625 0.32754024375 0.7005976031250001 0.3262593609375 0.702107215625 0.32589339375000004 0.7055381546875 0.3266253265625 0.7100669921875
0 0.3266253265625 0.6885207 0.32205074218749996 0.6859131875 0.3180251078125 0.6855014749999999 0.31528035781249997 0.6863249 0.3130845578125 0.6894813625 0.31271859062499996 0.6945591515625 0.3123526234375 0.699087990625 0.31143770625 0.701969978125 0.3123526234375 0.7062243421875001 0.3139994734375 0.7081456671875 0.31528035781249997 0.7097925171874999 0.3163782578125 0.71198831875 0.3204038921875 0.71253726875 0.322416709375 0.7118510812500001 0.32534444375 0.7093808046875 0.32571041093750003 0.7060871046874999 0.3266253265625 0.700734840625 0.32772322656249997 0.6982645640625 0.32900411093750004 0.6945591515625 0.329919028125 0.6927750640625 0.32808919375 0.6907165 0.3266253265625 0.6885207
0 0.3473024484375 0.8831235203125001 0.3489492984375 0.8818883828124999 0.3511451 0.8807904828125 0.35388985 0.8801042953125 0.3544388 0.87777125625 0.35279194999999997 0.8754382187499999 0.3511451 0.87488926875 0.3478513984375 0.87337965625 0.3462045484375 0.8698114796875 0.34364278125 0.8685763421875 0.3408980296875 0.8687135796875 0.3341276453125 0.8721445187500001 0.3308339453125 0.8737913687500001 0.32754024375 0.87749678125 0.32754024375 0.8823000953125 0.330467978125 0.8860055093750001 0.3346765953125 0.887789596875 0.3366894125 0.887240646875 0.3403490796875 0.884495896875 0.3408980296875 0.8831235203125001 0.3445576984375 0.8831235203125001 0.3473024484375 0.8831235203125001
0 0.316195275 1 0.3427278640625 0.9996381859374999 0.34364278125 0.9989519984375 0.34528963125 0.9974423859374999 0.34602156562499997 0.994697634375 0.3456555984375 0.992639071875 0.3445576984375 0.9909922218749999 0.34309383125 0.990168796875 0.3399831140625 0.9886591828125001 0.33522554531250004 0.9870123328125 0.331016928125 0.9855027203125 0.32754024375 0.98330691875 0.32461250937499997 0.98056216875 0.3222337265625 0.9796015062500001 0.319488975 0.9800132187499999 0.3147314078125 0.9817973062500001 0.31253560625 0.9845420578124999 0.313267540625 0.9883847078124999 0.3139994734375 0.991678409375 0.3123526234375 0.9908549843750001 0.31143770625 0.9907177468749999 0.310522790625 0.9912666968750001 0.30759505625 0.992364596875 0.30594820624999997 0.9953838218750001 0.306863121875 0.9984030484374999 0.3101568234375 1 0.316195275 1
0 0.705695790625 0.2486616375 0.7055073046875 0.24555159999999998 0.7039994078125 0.2442793125 0.7009836140625 0.2431483890625 0.6962714359375 0.24272429375 0.6930671546875 0.2437138515625 0.6900513593750001 0.24498613906250002 0.683831284375 0.247530715625 0.67911910625 0.24950982968750002 0.674783903125 0.2531853296875 0.6757263390625 0.2591226734375 0.6819464140625 0.2605363265625 0.6876010265625 0.259970865625 0.6917477437499999 0.25799175 0.6957059734375 0.25643673125 0.7024915109375 0.253468059375 0.70456486875 0.251771675 0.705695790625 0.2486616375
0 0.6832658234375 0.2620913453125 0.6804385171875 0.266473671875 0.6815694390625 0.2683114203125 0.68288885 0.27255238125000003 0.6847737203125 0.2745314953125 0.6881664890625 0.2748142265625 0.6947635390625 0.2748142265625 0.6992872296875 0.27212828437500003 0.7102194828124999 0.267887325 0.7138007375 0.2650600171875 0.715685609375 0.2609604234375 0.7147431734375 0.2578503859375 0.7130467890625 0.2557299046875 0.7098425078124999 0.253750790625 0.7051303296875 0.253468059375 0.7007951265625 0.25417488593750004 0.6968368968750001 0.2560126359375 0.695329 0.2585572125 0.6913707703124999 0.2589813078125 0.68590464375 0.259970865625 0.6832658234375 0.2620913453125
0 0.674783903125 0.29276762500000003 0.6806270046875 0.294464009375 0.684019771875 0.29347445156249996 0.6877895140625 0.2896575875 0.6877895140625 0.286688915625 0.687035565625 0.28372024375 0.684019771875 0.28061020625 0.683831284375 0.27820699531250004 0.684019771875 0.2745314953125 0.6821349015625 0.270855996875 0.6800615421875 0.2667564015625 0.676668775 0.26576684375 0.6702602125 0.26491865312499996 0.6661134953125 0.26633230625 0.6632861890624999 0.2683114203125 0.6608358562500001 0.271138728125 0.6617782921875001 0.2748142265625 0.6632861890624999 0.277358803125 0.6646055984375 0.2827306859375 0.6698832375 0.2890921265625 0.6712026484375 0.291353971875 0.674783903125 0.29276762500000003
0 0.6595164453125 0.27269374687500003 0.657631575 0.2715628234375 0.65405031875 0.2704319 0.6508460390625 0.270573265625 0.646322346875 0.27198691875000003 0.643118065625 0.2745314953125 0.6399137859375 0.2796206484375 0.64142168125 0.28301341562500004 0.643118065625 0.2873957421875 0.6448144499999999 0.291353971875 0.6474532703125 0.2963017578125 0.6504690640625 0.2977154125 0.6517884734375 0.3002599875 0.65461578125 0.303370025 0.6602703953125 0.3042182171875 0.665359546875 0.30365275625 0.66969475 0.30110817968750003 0.6717681093750001 0.2981395078125 0.6715796218750001 0.29375718281249996 0.6706371859375 0.2907885109375 0.6691292890625 0.2883853 0.6661134953125 0.285133896875 0.6644171109375 0.2828720515625 0.6623437531249999 0.27820699531250004 0.6610243437500001 0.2746728609375 0.6595164453125 0.27269374687500003
0 0.6649825734375 0.3432350515625 0.6663019828125 0.3469105515625 0.6704487 0.3474760125 0.6764802875 0.344365975 0.681192465625 0.34083184218749996 0.6851506953125 0.3361667859375 0.6851506953125 0.3329153828125 0.6847737203125 0.326836671875 0.684019771875 0.3233025390625 0.6813809515625 0.31976840625 0.6774227234375 0.31722382968749996 0.67289903125 0.317789290625 0.6678098796875 0.31976840625 0.665548034375 0.3230198078125 0.6636631625 0.328957153125 0.6661134953125 0.3339049390625 0.6647940859375 0.336732246875 0.6644171109375 0.3394181875 0.6649825734375 0.3432350515625
0 0.6640401375 0.326836671875 0.663474675 0.32485755781250003 0.6615898046875001 0.32273707812499997 0.6574430875 0.321182059375 0.65423880625 0.3203338671875 0.64858419375 0.32259571249999996 0.646322346875 0.3262712109375 0.6450029374999999 0.33008807500000004 0.6459453734375 0.33348084375 0.6470762953125 0.3374390734375 0.6476417578125 0.3405491109375 0.6491496546875 0.344507340625 0.6519769609375 0.3474760125 0.6578200625 0.34846557031250003 0.6614013171875001 0.34719328125 0.663474675 0.34493143593750003 0.6646055984375 0.3419627640625 0.6647940859375 0.3389940921875 0.665171059375 0.335177228125 0.665171059375 0.33220855625 0.6646055984375 0.33022944062500004 0.6640401375 0.326836671875
0 0.752817571875 0.79192865 0.7574913234375 0.7886517609375 0.7586606734375 0.7841535562499999 0.7571527765625 0.7817503453125 0.7545139562500001 0.779629865625 0.7514313921875 0.7780124515625 0.7452780875 0.7773680203125 0.7349112953125 0.7760957312500001 0.7260898640625 0.7749136234375 0.7153472609375 0.7748103296875 0.7127304718749999 0.775843271875 0.710113684375 0.7781157453125 0.7083346109375 0.77977123125 0.7100309953124999 0.7851431140625 0.712669815625 0.7895254390625001 0.71738199375 0.7917872859374999 0.7258639140625001 0.7929182078125 0.732272475 0.792352746875 0.7337803734375 0.7910804578125 0.7366076796875001 0.792352746875 0.7430162421875 0.793907765625 0.74848236875 0.7932009390625 0.752817571875 0.79192865
0 0.7068082671875 0.796915303125 0.7063950906249999 0.7999108374999999 0.7085987015625 0.8033195484375 0.7109400375 0.80610849375 0.7149340828125 0.8081743781249999 0.7178263234375 0.809413909375 0.7251257843750001 0.8096204984375 0.73201206875 0.8097237937499999 0.7397247078125 0.810550146875 0.7475750734375 0.8108600296875 0.7503295875 0.8106534406250001 0.7537727296875001 0.8096204984375 0.7563895171875 0.8073480249999999 0.7601081109375001 0.8040426078125 0.7602458375000001 0.8006338968750001 0.757353596875 0.797018596875 0.7532218265624999 0.7950560062500001 0.7452337359375 0.7940230640625 0.7402756109374999 0.7934032984375 0.7358683890625 0.7929901203124999 0.7357306640625 0.7948494171875 0.73297615 0.794332946875 0.73187434375 0.7935065921875 0.72195809375 0.79257694375 0.7158981625 0.7926802375 0.7091496046875 0.7949527125 0.7068082671875 0.796915303125