0 0.5866829703125 0.0680536 0.587224690625 0.062771828125 0.5850578109375 0.060537231250000004 0.5782863078125 0.0587089265625 0.5701605046875 0.059927796874999995 0.56013868125 0.06317811718750001 0.55174201875 0.06622529375 0.5452413765624999 0.069069325 0.5363029921875 0.0727259359375 0.530885790625 0.0798360140625 0.534406971875 0.0828831890625 0.544970515625 0.083492625 0.5628472828125 0.083086334375 0.5688062046875 0.0812580296875 0.573952546875 0.077195128125 0.5866829703125 0.0680536
0 0.534406971875 0.086742946875 0.5260103093749999 0.09202471875 0.5200513875 0.101166246875 0.5135507453125 0.1125423703125 0.5138216046874999 0.115589546875 0.5178845062499999 0.1139643859375 0.5235725687499999 0.11355809531250001 0.527364609375 0.11518325625 0.535761271875 0.11619898125000001 0.5422619140625 0.113761240625 0.5514711578125 0.1072605984375 0.5571592203125 0.10401027656249999 0.5579718 0.100353665625 0.5563466406249999 0.0977127796875 0.55445061875 0.0924310078125 0.5514711578125 0.08897754218750001 0.5476791171875 0.08633665625 0.5441579359375 0.085930365625 0.534406971875 0.086742946875
0 0.5828909296875 0.091618428125 0.5866829703125 0.0914152828125 0.5842452296875 0.0891806875 0.5780154484375 0.08491464062500001 0.566910184375 0.0836957703125 0.562576421875 0.08532093125 0.559055240625 0.0924310078125 0.560409540625 0.099337940625 0.5617638421875 0.10340084218750001 0.5652850234375 0.097915925 0.570973084375 0.094462459375 0.5828909296875 0.091618428125
0 0.5493042765625 0.13062228125 0.570431365625 0.12493422031250001 0.5818074890625 0.11051092031250001 0.5864121109375 0.1013693921875 0.5877664109375 0.0962907640625 0.5864121109375 0.0924310078125 0.5804531890625 0.090805846875 0.5666393234375 0.095884475 0.5617638421875 0.10177568125 0.5574300796875 0.10502600312499999 0.5479499765625 0.11071406406249999 0.5411784749999999 0.1192461578125 0.542532775 0.12594994531249998 0.5493042765625 0.13062228125
0 0.5772028671875 0.1592657375 0.5815366296875 0.1562185609375 0.580182328125 0.14971791875 0.5758485671875 0.1452487265625 0.5750359859375 0.1369197796875 0.573139965625 0.1292002671875 0.5701605046875 0.1257468 0.550658578125 0.13062228125 0.5509294375 0.14159211562500001 0.5579718 0.1495147734375 0.5674519046875 0.15845315625 0.5772028671875 0.1592657375
0 0.525197728125 0.16495379999999998 0.5325109515625 0.1714544421875 0.5430744953125 0.17450161718749999 0.5455122359375 0.1781582296875 0.5482208375 0.176126778125 0.5525545984375 0.1726733125 0.5579718 0.1682041203125 0.5606804015625 0.162719203125 0.56149298125 0.15743743125 0.56149298125 0.1533745296875 0.55445061875 0.14606130781249999 0.5498459984374999 0.14423300156250002 0.5455122359375 0.1438267125 0.5373864328125 0.14504558125 0.53196923125 0.1446392921875 0.5265520296874999 0.1446392921875 0.521676546875 0.15256195 0.525197728125 0.16495379999999998
0 0.50650838125 0.1330600234375 0.5010911796874999 0.133872603125 0.5002786 0.13427889375 0.4932362375 0.139154375 0.4913402171875 0.152155659375 0.4964865578125 0.1600783171875 0.5032580609374999 0.175111053125 0.5092169828124999 0.1773456484375 0.5149050453124999 0.1769393578125 0.5224891281249999 0.1714544421875 0.5241142890625 0.1663758140625 0.5235725687499999 0.16170347812500002 0.521676546875 0.153577675 0.5200513875 0.1458581625 0.51653020625 0.13813865 0.514634184375 0.134888328125 0.5116547234375 0.1340757484375 0.50650838125 0.1330600234375
0 0.4739467125 0.5009781140625 0.4739467125 0.5044511 0.475104375 0.5100078765625 0.4813557484375 0.51747479375 0.48506026562500004 0.52633090625 0.49084857499999995 0.5315403843750001 0.49895220625 0.533624175 0.503582853125 0.53206133125 0.506129709375 0.5287619953125 0.507518903125 0.521816025 0.5054351125000001 0.5166065484375 0.5038143859375 0.51157071875 0.4994152703125 0.5061875921875 0.49362696250000004 0.50010986875 0.486912525 0.496463234375 0.47950348906249995 0.49698418125000005 0.47765123125000003 0.4975051296875 0.4739467125 0.5009781140625
0 0.5211793109375 0.4893436140625 0.51863245625 0.48517603125 0.5137702765625 0.48100845000000003 0.5091396296874999 0.47961925625 0.5031197890625 0.4789246578125 0.49663688281249996 0.477188165625 0.4940900265625 0.477361815625 0.494321559375 0.47944560625 0.49293236562500004 0.48621792656249996 0.4913116390625 0.49160105468750004 0.4913116390625 0.4955949875 0.49640535 0.503582853125 0.5084450328125001 0.5061875921875 0.5163171328125 0.5014990625 0.5211793109375 0.499241621875 0.5225685062500001 0.494726740625 0.5211793109375 0.4893436140625
0 0.521873909375 0.5190376375 0.52928294375 0.5193849359375 0.5318298 0.5195585859375 0.5329874609374999 0.5150437046875 0.5348397203124999 0.510355175 0.53599738125 0.5063612421875 0.5313667343749999 0.5002835171875 0.5244207640625 0.499241621875 0.516780196875 0.5025409578125 0.5098342265625 0.5056666437499999 0.508676565625 0.5119180171875 0.5140018093750001 0.516953846875 0.521873909375 0.5190376375
0 0.5447956109375001 0.500804465625 0.5482685968750001 0.5004571671875 0.5473424671875 0.49767877812499994 0.5466478703125001 0.49420579375000007 0.5473424671875 0.49142740468749996 0.5480370640625 0.488996315625 0.5487316609375 0.48639157656250004 0.5487316609375 0.485870628125 0.545721740625 0.4841341359375 0.5424802875 0.481703046875 0.5392388343750001 0.478577359375 0.5355343171875 0.475104375 0.532524396875 0.4731942328125 0.521873909375 0.4723259859375 0.5158540671875 0.47458342656249997 0.5158540671875 0.4804875015625 0.5202531828125 0.4855233296875 0.52650455625 0.4945530921875 0.5311352031250001 0.49611593593750003 0.5350712515625 0.497852428125 0.5447956109375001 0.500804465625
0 0.6003633734375 0.5041038015625 0.603836359375 0.5013254125 0.6068462796875 0.497852428125 0.6082354734375001 0.49403214375 0.6073093453125 0.4891699640625 0.6049940203124999 0.48639157656250004 0.5999003093749999 0.4834395390625 0.5834615125 0.4804875015625 0.5693380390625 0.4778827625 0.5582244875 0.47805641249999997 0.5554460984375 0.480313853125 0.5533623078125001 0.48100845000000003 0.5503523875 0.48239764375 0.5480370640625 0.48812806875000003 0.5461848046875 0.4955949875 0.5487316609375 0.500804465625 0.5686434421875 0.5056666437499999 0.584619175 0.5070558390625 0.5929543390625 0.506534890625 0.6003633734375 0.5041038015625
0 0.5626236015625 0.5049720468750001 0.5552145671875001 0.5030619062499999 0.5485001281249999 0.5002835171875 0.5450271437499999 0.5014990625 0.5415541578124999 0.505145696875 0.537849640625 0.5080977343749999 0.5350712515625 0.5120916671875 0.5369235109375 0.5171274953125 0.5387757703125 0.521989675 0.543174884375 0.5244207640625 0.5485001281249999 0.5252890109374999 0.5508154515625 0.522857921875 0.55289924375 0.518343040625 0.5572983578125 0.51591195 0.5605398109374999 0.51591195 0.56239206875 0.5119180171875 0.564244328125 0.507924084375 0.5640127953125 0.5056666437499999 0.5626236015625 0.5049720468750001
0 0.5515100484375 0.5308457875 0.5575298906249999 0.537444459375 0.56077134375 0.53952825 0.5647073921875 0.5400491984375 0.5679488453125 0.5412647421875 0.5711902984375 0.543348534375 0.5765155421875 0.543348534375 0.5804515921875 0.5424802875 0.5860083687500001 0.5421329890625 0.5904074828125 0.543174884375 0.5929543390625 0.5426539375 0.5929543390625 0.5397019000000001 0.5908705484375 0.533624175 0.5917966765625 0.528588346875 0.594112 0.518343040625 0.5883236921874999 0.5140018093750001 0.5795254625 0.5100078765625 0.57535788125 0.509660578125 0.5688749750000001 0.509660578125 0.5658650546875 0.5105288234375001 0.55961368125 0.5155646515625001 0.55567763125 0.516953846875 0.5517415812500001 0.5200795328125001 0.5498893234375 0.52615725625 0.5515100484375 0.5308457875
0 0.51863245625 0.5223369734375 0.5149279390625 0.530151190625 0.5170117296875001 0.5370971609375 0.527199153125 0.54404313125 0.5327559296875 0.547516115625 0.537849640625 0.549252609375 0.5413226250000001 0.5516836984375 0.54363795 0.55289924375 0.544332546875 0.5560249296875 0.5505839203125 0.5584560187500001 0.556372228125 0.559497915625 0.56239206875 0.556372228125 0.5658650546875 0.5509891015624999 0.5633181984375 0.541785690625 0.561697471875 0.53952825 0.5552145671875001 0.5355343171875 0.5512785171875 0.5304984890625 0.549194725 0.5280673984375001 0.5408595609375 0.5232052203124999 0.529977540625 0.5207741296874999 0.5241892328125 0.5207741296874999 0.51863245625 0.5223369734375
0 0.5837200921875 0.8003158703125001 0.576735009375 0.8001412421874999 0.5706812703125 0.8013636328124999 0.567421565625 0.8029352765625 0.5639290234375001 0.808348715625 0.5650932046875 0.8123651375 0.569517090625 0.8169054421874999 0.57510515625 0.8177785765625 0.57929620625 0.8158576796875 0.583021584375 0.812539765625 0.588143978125 0.8081740875 0.588143978125 0.8050307999999999 0.5837200921875 0.8003158703125001
0 0.592102190625 0.8251129140625 0.5951290609375001 0.8245890328125001 0.5976902578125001 0.8188263390625 0.5981559296875 0.8162069328125 0.599552946875 0.8121905109374999 0.5997857828125001 0.8100949859375 0.5997857828125001 0.8079994609375 0.596293240625 0.8048561734374999 0.593266371875 0.8038084109374999 0.589075321875 0.8029352765625 0.5883768140625001 0.80555468125 0.5876783046875 0.8079994609375 0.586048453125 0.8116666296874999 0.582788746875 0.8158576796875 0.5841857640625 0.82127111875 0.58860965 0.8245890328125001 0.592102190625 0.8251129140625