0 0.50531563125 0.07270950000000001 0.505491578125 0.0703342359375 0.5021486125 0.06663937812500001 0.494582953125 0.0640001953125 0.483850275 0.06334039999999999 0.4789237984375 0.0641321546875 0.47294165 0.06650741875 0.4688949015625 0.0682228890625 0.4685430109375 0.070598153125 0.47980352656249997 0.07204970468750001 0.48754513125 0.0740290921875 0.49405511718749995 0.0756126015625 0.50531563125 0.07270950000000001
0 0.47874785312499996 0.0859054171875 0.4831464921875 0.0832662328125 0.48772107656249997 0.0797033359375 0.48772107656249997 0.07600847968749999 0.482970546875 0.0758765203125 0.47945163593749995 0.077064153125 0.4754048875 0.0779878671875 0.46977462968749994 0.07930745781250001 0.46924679375 0.081022928125 0.4715340859375 0.0841899484375 0.47874785312499996 0.0859054171875
0 0.45587493125 0.082738396875 0.45182818437499994 0.0898641921875 0.45112440156250005 0.09421884375 0.4565787140625 0.09817761875 0.46396842656250004 0.09870545625 0.4674873375 0.09619823125 0.470126521875 0.09012811093749999 0.4690708484375 0.0841899484375 0.462208971875 0.078515703125 0.45974573281250003 0.078515703125 0.458690059375 0.07930745781250001 0.45587493125 0.082738396875
0 0.5077788703125 0.4511683875 0.5070750875 0.44470238906250004 0.5035561765625001 0.4428549609375 0.49933348281249995 0.4408755734375 0.4961664640625 0.4417992875 0.49159187812500005 0.44338279687500004 0.4868413484375 0.44681373593749996 0.47804407031249996 0.45486324375000003 0.473293540625 0.463440590625 0.47083030312499996 0.46845503906249997 0.4711821953125 0.4743932015625 0.4752289421875 0.47874785312499996 0.48332243750000004 0.4817829140625 0.49229566093750005 0.475316915625 0.4961664640625 0.46647565156250004 0.4984537546875 0.465419978125 0.5019726671875 0.461065325 0.5077788703125 0.4511683875
0 0.49792591875000003 0.488380871875 0.5084826515625 0.49286748437499994 0.5144648015625 0.49194377031250003 0.5172799296874999 0.4858736484375 0.5179837125 0.4828385875 0.5164002015625 0.4803313625 0.5165761484375 0.47795609843750003 0.5179837125 0.4759767109375 0.5172799296874999 0.4739973234375 0.51376101875 0.47201793593749997 0.5102421078125 0.4704344265625 0.50584346875 0.47096226249999995 0.499685375 0.472545771875 0.4965183546875 0.476900425 0.49493484375 0.47940765 0.49423106250000004 0.4837623015625 0.49792591875000003 0.488380871875
0 0.4801554171875 0.482970546875 0.4808592 0.48666540312500006 0.4782200171875 0.488644790625 0.4739973234375 0.49392315781249996 0.47681245156249996 0.4976180140625 0.48033136406250004 0.5060634 0.48402622031250003 0.5080427875 0.49194377031250003 0.51081393125 0.494582953125 0.5071190734375 0.4961664640625 0.50038915625 0.49493484375 0.4957705859375 0.4928234984375 0.4898324234375 0.49370322499999997 0.48429013750000005 0.49194377031250003 0.4758447515625 0.4889526953125 0.47874785312499996 0.48631351250000004 0.4808592 0.4801554171875 0.482970546875
0 0.5248455890625 0.47135814062500003 0.5301239546875001 0.46713544687499997 0.5310036828125 0.4625168765625 0.5283645 0.4590859375 0.525725315625 0.45697459062499995 0.5251974796875001 0.4538075703125 0.52167856875 0.45196014218749997 0.515520475 0.45090446875 0.5100661625 0.4524879796875 0.5072510328125001 0.455259121875 0.5044359046875 0.4621209984375 0.506195359375 0.46739936562500006 0.5095383250000001 0.46871895625000004 0.5114737265625 0.46990658906249994 0.5248455890625 0.47135814062500003
0 0.520095059375 0.5001252375 0.5273088265625 0.4976180140625 0.53205935625 0.4956386265625 0.534170703125 0.492339646875 0.5373377234375 0.484686015625 0.5422641984375 0.4796715671875 0.5457831093750001 0.4742612421875 0.546310946875 0.46964267031249995 0.546310946875 0.46726740624999996 0.544551490625 0.46476018124999996 0.5389212328124999 0.4643643046875 0.5364579953125 0.4656838953125 0.52959611875 0.4714901 0.522558296875 0.47663650625000004 0.5169280390625001 0.48798499531250006 0.5144648015625 0.49445099375 0.51622425625 0.49840976875000004 0.520095059375 0.5001252375
0 0.5148166921875 0.9035244078125 0.5232620781249999 0.8979821234375001 0.5269569359374999 0.8876893078125001 0.5292442265624999 0.8740975140625 0.5292442265624999 0.8647284125000001 0.5241418062500001 0.8591861281250001 0.517103984375 0.8577345781249999 0.50883454375 0.85905416875 0.503028340625 0.8653882093749999 0.4984537546875 0.8758129828125 0.495814571875 0.8862377578125 0.4968702453125 0.89468314375 0.5005651015625 0.9007532656249999 0.5070750875 0.9039202859375 0.5148166921875 0.9035244078125
0 0.4465498171875 0.8816191859375 0.4490130546875 0.885182084375 0.44918899999999995 0.8880851859375 0.45182818437499994 0.8950790218750001 0.4602735703125 0.9015450203125001 0.4711821953125 0.9028646124999999 0.475052996875 0.9012811015625 0.47716434375 0.89613469375 0.4761086703125 0.8895367359374999 0.47417326875 0.88531404375 0.4681911203125 0.87937588125 0.4599216796875 0.87145833125 0.45218007499999996 0.8698748203125 0.44848521874999997 0.8704026578124999 0.4460219796875 0.8739655546874999 0.4465498171875 0.8816191859375
0 0.46467220937500003 0.8758129828125 0.47100624843750005 0.8816191859375 0.47311759531249997 0.8804315546874999 0.4734694859375 0.875285146875 0.47311759531249997 0.8731738 0.46871895625000004 0.8660480046875 0.4685430109375 0.86103355625 0.4685430109375 0.8566789046875 0.466607609375 0.8512685781249999 0.462912753125 0.8462541296874999 0.458690059375 0.8422953546875 0.455523040625 0.84176751875 0.447605490625 0.8466500078125 0.44443847031250006 0.853247965625 0.44426252499999996 0.86103355625 0.446373871875 0.8656521265625001 0.44707765312500003 0.8715902890624999 0.4527079109375 0.869346984375 0.45745844062499996 0.8700067796875001 0.46467220937500003 0.8758129828125
0 0.499685375 0.864860371875 0.49827780937500005 0.8607696375 0.49493484375 0.8573387 0.48930458593750004 0.85311600625 0.4813870359375 0.8491572312500001 0.4755808328125 0.8487613546875 0.4718859765625 0.855227353125 0.46924679375 0.8593180874999999 0.46924679375 0.8665758421875 0.4734694859375 0.87343771875 0.47980352656249997 0.876736696875 0.48525783906250003 0.8764727796875 0.49123998750000003 0.8758129828125 0.4966943 0.8738335953125 0.499685375 0.864860371875
0 0.48332243750000004 0.8879532265625001 0.48930458593750004 0.886633634375 0.4935272796875 0.886897553125 0.497046190625 0.8830707375 0.49634240937499996 0.87937588125 0.4931753890625 0.8771325750000001 0.48455405625000003 0.8776604109375 0.47734028906250003 0.880695471875 0.476284615625 0.8842583703125 0.4789237984375 0.8876893078125001 0.48332243750000004 0.8879532265625001
0 0.4813870359375 0.849025271875 0.4831464921875 0.8488933125000001 0.4834983828125 0.84519845625 0.4827946015625 0.841371640625 0.47769217968750005 0.837940703125 0.473293540625 0.83728090625 0.4690708484375 0.833718009375 0.4674873375 0.839392253125 0.4636165359375 0.8428231921875 0.461681134375 0.8446706203125001 0.46572788281250005 0.8487613546875 0.4685430109375 0.855491271875 0.47223786875 0.8548314749999999 0.47417326875 0.8507407421875 0.47734028906250003 0.8483654765624999 0.4813870359375 0.849025271875
0 0.4956386265625 0.85760261875 0.499509428125 0.8643325359375 0.4984537546875 0.8698748203125 0.5010929390625 0.8698748203125 0.506723196875 0.8601098421875 0.5065472515625 0.8579984953125 0.5023245578125 0.8527201296875001 0.49299944375000004 0.847837640625 0.48332243750000004 0.849553109375 0.4859616203125 0.8519283734374999 0.4901843140625 0.8533799249999999 0.4956386265625 0.85760261875
0 0.506195359375 0.853247965625 0.51076994375 0.8525881703125 0.5160483109375 0.8494211500000001 0.5172799296874999 0.8445386609375 0.51675209375 0.83926029375 0.5111218359375 0.8341138875 0.5063713046875 0.833454090625 0.50338023125 0.8318705812499999 0.4981018640625 0.8305509890625 0.4901843140625 0.831738621875 0.48754513125 0.8359613156249999 0.48473000156249996 0.84123968125 0.4880729671875 0.8462541296874999 0.49123998750000003 0.8471778437499999 0.495814571875 0.849025271875 0.50338023125 0.853511884375 0.506195359375 0.853247965625