0 0.0437543234375 0.648762021875 0.0435589921875 0.6568357359375 0.0451216453125 0.665690778125 0.047465628125 0.6706391828125 0.0509816 0.676368915625 0.055669562500000006 0.6815777640625 0.060552857812500006 0.6815777640625 0.065240821875 0.6792337828125 0.06660814375 0.67454581875 0.06660814375 0.6714205109375 0.0693427890625 0.6714205109375 0.072272765625 0.6690765296875 0.07520274375 0.6654303359375 0.07696072968749999 0.66126325625 0.0757887390625 0.6552730812500001 0.074226084375 0.648762021875 0.0681707984375 0.6492829062500001 0.0638734984375 0.6477202515625 0.060943521875 0.6443345 0.0595762 0.64459494375 0.0593808671875 0.6490224640625 0.0617248484375 0.6542313125 0.0617248484375 0.6576170640625 0.059771531249999996 0.6563148515624999 0.057232217187500004 0.6508455609375 0.05332558125 0.6443345 0.047856290625 0.6443345 0.0437543234375 0.648762021875
0 0.059771531249999996 0.6352190171875 0.059966862499999996 0.6422509609375 0.06348283593750001 0.6456367125 0.06680347656249999 0.6482411359375 0.07168677031250001 0.6490224640625 0.0779373890625 0.6490224640625 0.08321134687500001 0.651106003125 0.08711798281250001 0.6508455609375 0.09258727343749999 0.6466784828125001 0.09473592343750001 0.6393860953125 0.092196609375 0.6302706109375 0.08653198749999999 0.625843090625 0.08164869218750001 0.6261035328125 0.0802813703125 0.6271453015625 0.0783280515625 0.6242804359374999 0.071100775 0.6224573390625 0.065240821875 0.6242804359374999 0.060943521875 0.6276661875 0.059771531249999996 0.6352190171875
0 0.0957125828125 0.6248013203125 0.1002052140625 0.623499109375 0.10313519062500001 0.6177693750000001 0.1035258546875 0.6123000859375 0.10000988125000002 0.6073516796875 0.0959079140625 0.60474725625 0.09395459687499999 0.59979885 0.0880946421875 0.5951108875 0.0822346875 0.593808675 0.0779373890625 0.5951108875 0.0748120796875 0.59745486875 0.074226084375 0.6039659281249999 0.075398075 0.6130814124999999 0.08106269687499999 0.6182902609375 0.0828206828125 0.62141556875 0.087313315625 0.6242804359374999 0.0957125828125 0.6248013203125
0 0.05137226406249999 0.6128209703125 0.050786268749999995 0.61672760625 0.051958259375 0.6206342421875 0.0560602265625 0.6237595515625001 0.0601621953125 0.6263639750000001 0.061138853125 0.6279266296875 0.06445949375 0.62401999375 0.0683661296875 0.622196896875 0.06914745781250001 0.6164671640625 0.067780134375 0.6141231828125 0.06621748125 0.6125605281250001 0.0617248484375 0.6091747765625 0.0560602265625 0.607612121875 0.052934918750000004 0.608914334375 0.05137226406249999 0.6128209703125
0 0.069538121875 0.6159462796875 0.071882103125 0.6164671640625 0.07500741093749999 0.61672760625 0.07657006562499999 0.6146440671875 0.0759840703125 0.6104769890624999 0.074421415625 0.6078725640625 0.074226084375 0.602924159375 0.0748120796875 0.5982361953125 0.07246809843749999 0.595631771875 0.0693427890625 0.5927669046874999 0.06348283593750001 0.5922460203125001 0.0603575265625 0.5940691171875 0.0582088765625 0.5987570812499999 0.0593808671875 0.60474725625 0.06406883125 0.60839345 0.0669988078125 0.6102165453125 0.0683661296875 0.6123000859375 0.069538121875 0.6159462796875
0 0.503735165625 0.5795226796875 0.509631115625 0.5778030281250001 0.5099996124999999 0.5733810671875 0.5083413765625 0.5662567953125001 0.505209153125 0.5618348328125 0.4996817 0.560606509375 0.49470699375000005 0.5610978390625 0.49028503125 0.5581498640625 0.48549457343749997 0.55864119375 0.47959862343750004 0.56011518125 0.4755451578125 0.56773078125 0.47683489687499997 0.57362673125 0.4829150953125 0.5782943578124999 0.49083777656249994 0.5807510031249999 0.4934172546875 0.5805053390625 0.4974707203125 0.581487996875 0.503735165625 0.5795226796875
0 0.475360909375 0.5876296109375 0.47425541875 0.5932798953125 0.4759136546875 0.5989301796875 0.4792301265625 0.6026151484375 0.4847575796875 0.6045804640625 0.4904692796875 0.60507179375 0.4967337265625 0.6063001171875 0.5013399359374999 0.6067914453125 0.5061303953125 0.60359780625 0.5087098734375 0.597947521875 0.509631115625 0.59082325 0.5081571281249999 0.5864012875 0.5024454265625 0.5827163203125 0.496917975 0.5832076484375001 0.493601503125 0.5839446421875001 0.491390521875 0.5836989781249999 0.486968559375 0.582224990625 0.48236235 0.582224990625 0.4779403875 0.582961984375 0.475360909375 0.5876296109375
0 0.8741169984375 0.5388085046875 0.8769515890624999 0.5435328234375 0.8817349609375 0.5423517437500001 0.8840380671875 0.5385722890625 0.8866954953124999 0.5310133796875001 0.8856325249999999 0.52510798125 0.8827979328125 0.5175490734375 0.8778373984375 0.504557196875 0.87340835 0.49865180000000003 0.8689793015625 0.49983287968749995 0.8661447109375 0.5083366515625001 0.8672076828125 0.5180215046875001 0.8707509218749999 0.5229820390625 0.8712824078124999 0.52676149375 0.8732311890625001 0.5336117546875 0.8741169984375 0.5388085046875
0 0.8553378328125 0.50951773125 0.85197175625 0.5128247546875 0.8514402703125 0.5206198796875 0.8544520234374999 0.5310133796875001 0.8555149953125 0.5390447203125001 0.8585267484375001 0.5442414703125 0.8620699859375 0.5484933578125 0.8666761968750001 0.54754849375 0.86968795 0.54542255 0.8712824078124999 0.540462015625 0.87163673125 0.5340841859375 0.8695107875 0.5281787890625 0.8680934921875 0.5260528453125 0.86756200625 0.5187301515625 0.8647274156250001 0.5121161062499999 0.8601212046875 0.5081004359375 0.8553378328125 0.50951773125
0 0.86596755 0.57518575625 0.8702194359375 0.5789652109375 0.87535713125 0.5796738593749999 0.8801405046875 0.575421971875 0.8827979328125 0.5690441421875 0.886341171875 0.5680992781249999 0.8914788687499999 0.56739063125 0.8943134593750001 0.559831721875 0.8946677828125 0.5534538921875 0.8937819734374999 0.549910653125 0.8897072484375 0.5489657890624999 0.88332941875 0.5489657890624999 0.8796090187500001 0.552509028125 0.876420103125 0.555579834375 0.8721682171875 0.5588868578125 0.8663218734375 0.5633749609375001 0.86366444375 0.5688079265625 0.86596755 0.57518575625
0 0.8640457890625 0.5573620390625 0.8674115015625 0.5598751046875 0.8706425859375001 0.5598751046875 0.873200528125 0.55754154375 0.87616235625 0.5552079828125 0.8804704687499999 0.5519768984375 0.8859902375 0.5491048234375 0.8884135499999999 0.5467712625 0.8902983499999999 0.5415656265625 0.8908368624999999 0.537616525 0.8892213218749999 0.532949403125 0.8873365218749999 0.5306158421875 0.8859902375 0.5336674218749999 0.8838361812500001 0.5395910749999999 0.8793934390624999 0.542822159375 0.8756238421875 0.54246315 0.8740083000000001 0.539232065625 0.8740083000000001 0.5351034593749999 0.8723927578125 0.531513365625 0.8709118437500001 0.532231384375 0.8717196140624999 0.5374370203125001 0.871046471875 0.542822159375 0.868892415625 0.545694234375 0.86418041875 0.5483868046875 0.8608147046875001 0.5480277953125 0.8594684203125 0.5467712625 0.8587039093750001 0.54495011875 0.8592353953125 0.5496744375 0.859064534375 0.5525154125 0.860949334375 0.5552079828125 0.8640457890625 0.5573620390625