0 0.6095534265625 0.1432606390625 0.6131154640625 0.149605515625 0.620684790625 0.155115540625 0.6253599624999999 0.1561173625 0.6255825890625 0.1577870671875 0.62357894375 0.16296315156250002 0.6240241984375 0.16830620624999998 0.632484034375 0.170476821875 0.636713953125 0.1684731765625 0.6360460703124999 0.161293446875 0.63337454375 0.1494385453125 0.6311482703125 0.1444294328125 0.61734538125 0.1400882015625 0.6120023265625 0.13758364375 0.6088855453125 0.13841849687500002 0.6095534265625 0.1432606390625
0 0.6378270890625 0.1250608609375 0.6351555609374999 0.12422600937499999 0.630035134375 0.1299030046875 0.627586234375 0.1332424125 0.6318161531250001 0.1377506140625 0.636713953125 0.1389194078125 0.6400533609375 0.13808455625 0.6458416703125 0.1350790875 0.646286925 0.13107179687499998 0.643838025 0.1284002703125 0.6378270890625 0.1250608609375
0 0.6496263328125 0.14993945625 0.6536336234375 0.1444294328125 0.651629978125 0.1395872890625 0.6505168421875 0.1382515265625 0.6451737890625 0.1389194078125 0.6409438703125 0.14075608281250002 0.6420570062500001 0.145264284375 0.647177434375 0.1491046046875 0.6496263328125 0.14993945625
0 0.516448853125 0.47917038281249996 0.5122745921875 0.47986609375 0.5041579734375 0.4849099921875 0.49743277499999994 0.49273673125000006 0.486533315625 0.5002156156249999 0.483750475 0.5076945 0.4849099921875 0.5139558921875 0.491171384375 0.5186519359374999 0.499751809375 0.518999790625 0.508332234375 0.5165648046875 0.5173764671875001 0.5111730515625 0.5224783421875 0.5040420218749999 0.529667346875 0.4904756734375 0.5285078296875 0.4838664265625 0.5250292796875 0.48143144062500004 0.516448853125 0.47917038281249996
0 0.5614381109375 0.516390878125 0.56538046875 0.5111730515625 0.56538046875 0.5071727171875 0.5609743046875 0.50386809375 0.5558724296875 0.49708492031249996 0.553553396875 0.492910659375 0.5512343625 0.4925628046875 0.55077055625 0.49395422499999997 0.540798709375 0.49934597812500003 0.54056680625 0.5033463125 0.5387115796875 0.5066509359375 0.53453731875 0.5104773406249999 0.5375520625 0.5158690953125 0.5414944203125 0.5151733843749999 0.5442772609375 0.5202172843749999 0.5523938796875 0.5196955015625 0.5614381109375 0.516390878125
0 0.5261887953125 0.5417842984375 0.5257249890625 0.54734998125 0.5289716359375001 0.553611371875 0.540103 0.5569159953125 0.5477558109375 0.5558724296875 0.5512343625 0.5530895890624999 0.5554086234375 0.55169816875 0.5593509812499999 0.5513503140625 0.5700185375 0.543349646875 0.5741927984374999 0.53795789375 0.5792946734375 0.530479009375 0.5804541890625 0.5261308203125 0.5776713484375 0.5216087046875 0.5714099578125 0.5196955015625 0.5637571453125 0.5188258625 0.554481009375 0.520739065625 0.546364390625 0.5282179499999999 0.540798709375 0.530479009375 0.53453731875 0.533087921875 0.5261887953125 0.5417842984375
0 0.5257249890625 0.508738065625 0.51621695 0.51065126875 0.511115075 0.5172605156250001 0.5118107859375 0.525435109375 0.5085641390625 0.5301311531249999 0.5092598484375 0.53117471875 0.51575314375 0.5301311531249999 0.518999790625 0.530479009375 0.52433356875 0.5318704296875 0.5308268640625 0.5327400671875 0.5359287390625 0.5315225734375 0.540334903125 0.526478675 0.5414944203125 0.52178263125 0.540334903125 0.5177822984375 0.5375520625 0.5156951671875001 0.53453731875 0.5113469796875 0.5257249890625 0.508738065625
0 0.6481699796875 0.8873783281250001 0.6548951781250001 0.8840737046875 0.65419946875 0.8779862406250001 0.6530399515624999 0.8748555453125 0.6511847234375 0.8725944875 0.64909759375 0.8718987765625 0.646314753125 0.8672027328125 0.640749071875 0.8656373859375 0.6293858046875 0.863376328125 0.624979640625 0.8635502546874999 0.6210372828125 0.8649416750000001 0.6143120843750001 0.8644198937500001 0.6085145 0.8647677484375 0.6071230796875 0.8680723718750001 0.6064273703125 0.8692898640625 0.6013254953125 0.8656373859375 0.5962236203125 0.8649416750000001 0.5929769734375 0.8698116468749999 0.595064103125 0.8771166031250001 0.6066592734375 0.8835519234375001 0.6231244140625 0.8898133140625 0.62776248125 0.8879001109375 0.633560065625 0.88755225625 0.6481699796875 0.8873783281250001
0 0.6048040453125 0.89607470625 0.59784694375 0.8938136484375001 0.589962228125 0.8934657921875001 0.584396546875 0.8945093578125001 0.5802222859375 0.8992054015625 0.5762799281250001 0.9072060687500001 0.5700185375 0.9131196046875001 0.5700185375 0.9159024453125 0.5830051265625 0.9212942 0.595527909375 0.926685953125 0.603412625 0.9258163156249999 0.6122249546874999 0.9204245625 0.616863021875 0.9096410546874999 0.6145439890625 0.9042493 0.6143120843750001 0.9012925328125 0.6099059203125 0.896770415625 0.6048040453125 0.89607470625
0 0.6595332468749999 0.9583407671874999 0.6618522796875 0.9600800421875 0.66533083125 0.961297534375 0.678549325 0.9581668390625 0.689448784375 0.953992578125 0.6910721078125001 0.94999224375 0.6896806875 0.9414697953125 0.6838831015625 0.9329473453125001 0.6732155468750001 0.9268598812500001 0.6690412859375 0.9226856203124999 0.660460859375 0.9169460109375001 0.6530399515624999 0.9157285187499999 0.6437638156250001 0.9167720828125001 0.6402852640625001 0.9204245625 0.638198134375 0.9263380984375 0.6416766843749999 0.937295534375 0.6511847234375 0.9440787078125 0.6509528203125 0.9449483453124999 0.6555908890625 0.956601490625 0.6595332468749999 0.9583407671874999
0 0.6180225390625 0.9381651718749999 0.6027169156250001 0.9350344749999999 0.6003978812499999 0.9371216062500001 0.595527909375 0.9385130265624999 0.5904260359375 0.93625196875 0.5892665187499999 0.93799124375 0.5871793875 0.9440787078125 0.5883389046875 0.94825296875 0.5994702671875001 0.9618193171874999 0.6092102109375 0.9712114046875 0.6161673125 0.9753856656250001 0.622428703125 0.9757335203125 0.6282262890625 0.9748638828124999 0.635647196875 0.9701678390625 0.6393576515625 0.9630368109375 0.6402852640625001 0.95677541875 0.6358791 0.94999224375 0.632632453125 0.9430351421875001 0.62776248125 0.9395565921875001 0.6180225390625 0.9381651718749999
0 0.5825413203124999 0.9632107375000001 0.586483678125 0.9701678390625 0.5941364890624999 0.9807774203124999 0.6064273703125 0.9849516812499999 0.610833534375 0.98408204375 0.613848278125 0.9779945796874999 0.613848278125 0.9743421 0.6122249546874999 0.9724288984375 0.6010935921875 0.963384665625 0.589962228125 0.9512097374999999 0.586251775 0.9512097374999999 0.5846284500000001 0.9532968671875001 0.5825413203124999 0.9632107375000001