0 0.5308291484375001 0.0764549671875 0.524156715625 0.069226496875 0.5182256625 0.06283208125 0.515630828125 0.063944153125 0.5119239203125 0.0672803703125 0.506363559375 0.0733967671875 0.5041394140625 0.0800692015625 0.506363559375 0.0800692015625 0.5122946109375001 0.078123075 0.5189670453125 0.0747868578125 0.526380859375 0.0784010921875 0.5308291484375001 0.0800692015625 0.5308291484375001 0.0764549671875
0 0.508587703125 0.099252446875 0.5141480656249999 0.1023106453125 0.5185963546875 0.1014765921875 0.5219325703125001 0.0986964109375 0.526380859375 0.09619424843749999 0.5286050046875 0.09258001406250001 0.5315705296875 0.08979983281250001 0.5352774375 0.086741634375 0.536389509375 0.0839614546875 0.53601881875 0.0822933453125 0.5315705296875 0.082015328125 0.5215618796875 0.0836834359375 0.51451875625 0.087019653125 0.5052514875 0.08840974375 0.506363559375 0.094526140625 0.508587703125 0.099252446875
0 0.489311784375 0.46595826875 0.48338073281250005 0.474298809375 0.4848634953125 0.48097124375 0.4904238578125 0.48875574843749997 0.4926480015625 0.49515016406249995 0.49598421875 0.50098854375 0.506363559375 0.5037687234375 0.515630828125 0.49848638125000005 0.51600151875 0.49376007343749995 0.51600151875 0.48875574843749997 0.514889446875 0.48569755 0.5134066828125 0.4751328640625 0.5067342499999999 0.46762637656250006 0.4967256 0.46456817812500006 0.489311784375 0.46595826875
0 0.535648128125 0.4831953875 0.5378722734375 0.479581153125 0.5393550359375 0.4762449359375 0.5378722734375 0.47346475625 0.5352774375 0.46846043125000003 0.5326826015624999 0.4637341234375 0.525639478125 0.46818241250000003 0.5182256625 0.472074665625 0.5141480656249999 0.4756889 0.5141480656249999 0.4781910625 0.517113590625 0.4840294421875 0.52304464375 0.4837514234375 0.5286050046875 0.4862535859375 0.5315705296875 0.48541953125 0.535648128125 0.4831953875
0 0.5415791796875 0.50571485 0.5493636859375 0.5026566515625001 0.5523292109375 0.49765232656249997 0.554924046875 0.49209196562499996 0.55455335625 0.4848634953125 0.553811975 0.48097124375 0.5515878296875 0.47707899062500003 0.547139540625 0.47541088125000003 0.5419498703125 0.4787470984375 0.5352774375 0.48569755 0.52601016875 0.49348205624999997 0.51748428125 0.5037687234375 0.5223032609375 0.5082170125000001 0.5297170765625 0.5090510671875 0.533794675 0.5054368328125001 0.53305329375 0.50349070625 0.5319412203125 0.5001544890625 0.5349067468750001 0.49904241718750003 0.5378722734375 0.50349070625 0.5397257265625 0.5062708859375 0.5415791796875 0.50571485
0 0.47942128906250003 0.8234607234375 0.47498513750000004 0.8222724687499999 0.46896464531250004 0.8220348171875 0.46294415312500004 0.825837234375 0.456289925 0.8348679718750001 0.452170640625 0.8507905890625 0.45375498125 0.8610095828125001 0.4623104171875 0.8655249515625 0.47149958906249995 0.8629107906250001 0.4806887609375 0.8553059578125 0.48100562968749994 0.8507905890625 0.48512491406249997 0.8453246156249999 0.4886104609375 0.837957434375 0.486709253125 0.8303526031249999 0.484174309375 0.8255995828125 0.47942128906250003 0.8234607234375
0 0.5123755609375 0.8607719312500001 0.5142767703125 0.8557812609375001 0.513326165625 0.8503152875 0.5095237499999999 0.8446116625 0.5031863890625 0.8410468984374999 0.50128518125 0.8367691796875001 0.4981165015625 0.8327291125 0.4927297453125 0.8381950859374999 0.4873429890625 0.84294810625 0.481639365625 0.8505529375 0.48544178125000004 0.8564942125 0.4993839734375 0.8588707234375 0.5069888046875 0.861484884375 0.5114249578125001 0.861484884375 0.5123755609375 0.8607719312500001
0 0.4901948015625 0.882398171875 0.49399721718749995 0.8838240781250001 0.49558155781249996 0.888339446875 0.5019189171875 0.8864382390625 0.5130092984375 0.8838240781250001 0.5158611093750001 0.87859575625 0.5164948453125 0.8757439437500001 0.5164948453125 0.8721791796874999 0.5142767703125 0.8669508578125 0.5098406171875001 0.8629107906250001 0.4968490296875 0.8591083749999999 0.486709253125 0.8626731390625 0.48195623281250005 0.8686144140625001 0.4791044203125 0.8743180390624999 0.4901948015625 0.882398171875
0 0.5469141734375 0.870277971875 0.550716590625 0.8683767625 0.5548358734375001 0.8633860921875 0.55673708125 0.8602966296875 0.5526177984375 0.8493646828125 0.5418442859375 0.8412845484375 0.5339225859375001 0.8386703875 0.5260008859374999 0.837957434375 0.513643034375 0.8410468984374999 0.5114249578125001 0.8448493140625001 0.5126924296875 0.849602334375 0.5158611093750001 0.8534047499999999 0.5199803937499999 0.855543609375 0.529169565625 0.86671320625 0.5396262093749999 0.8700403203124999 0.5469141734375 0.870277971875
0 0.52283220625 0.920897634375 0.52505028125 0.9189964265624999 0.529169565625 0.9128175000000001 0.5313876421875 0.9092527359375 0.5310707734375 0.9068762250000001 0.529486434375 0.9033114609374999 0.5260008859374999 0.8966572328125 0.5209309984375 0.8902406562499999 0.5180791859375 0.8852499843749999 0.5171285812499999 0.8866758906250001 0.5145936375 0.8890524 0.5101574859375 0.8907159578125 0.502552653125 0.8923795140624999 0.49843336875000005 0.8959442796875001 0.491779140625 0.90236085625 0.48797672499999994 0.9130551515625 0.494630953125 0.918521125 0.5009683140625001 0.919471728125 0.5060382015625 0.9192340781249999 0.510474353125 0.920897634375 0.5123755609375 0.9218482390625 0.52283220625 0.920897634375
0 0.47466826875 0.9047373671875001 0.4692815125 0.9011726015624999 0.4553393203125 0.8973701859375 0.45090316875 0.8980831390624999 0.44868509218749997 0.9030738093749999 0.4512200375 0.91257985 0.4572405296875 0.9292154203124999 0.460092340625 0.9315919296875 0.468330909375 0.9327801843750001 0.47181645625 0.9344437421875 0.4765694765625 0.9375332046875 0.47752008124999995 0.9372955546874999 0.47942128906250003 0.9365826015625001 0.48037189375 0.9315919296875 0.48100562968749994 0.923749446875 0.4848080453125 0.918758775 0.48354057343749995 0.9137681046875 0.481322496875 0.9109162921875 0.47466826875 0.9047373671875001
0 0.5244165453125 0.9254130046875 0.5256840171875 0.9306413265625 0.5272683578125 0.9337307890625001 0.5326551140625 0.9353943453125 0.5380418703125 0.9334931375 0.5427948890625001 0.931116628125 0.54913225 0.9285024671875 0.552934665625 0.9261259562499999 0.555469609375 0.9199470312500001 0.558638290625 0.9090150843749999 0.5564202140625001 0.9025985078125001 0.5535684015625 0.8980831390624999 0.5459635703125 0.8952313265624999 0.54121055 0.9004596484375 0.53328885 0.9080644812499999 0.5310707734375 0.9113915953125 0.5279020937500001 0.9166199171875 0.5244165453125 0.9254130046875
0 0.500017709375 0.9380085062499999 0.500017709375 0.9429991781249999 0.5003345765625 0.9456133390625 0.502869521875 0.9479898499999999 0.5069888046875 0.9484651515625 0.51491050625 0.9451380374999999 0.5177623171875 0.9368202515625 0.5152273734375 0.929690721875 0.5126924296875 0.9249377015625001 0.5085731453125 0.920897634375 0.5038201250000001 0.9182834734374999 0.4977996328125 0.9189964265624999 0.49241287656250005 0.9161446140624999 0.4876598578125 0.9170952187499999 0.483857440625 0.9204223328125 0.481639365625 0.9247000515625 0.48005502499999997 0.9320672312499999 0.47942128906250003 0.9339684406250001 0.47942128906250003 0.935631996875 0.4832237046875 0.9396720640625 0.49431408593750004 0.9415732718750001 0.49653216093749997 0.9387214593750001 0.4977996328125 0.9342060906249999 0.500017709375 0.9380085062499999