0 0.3714527171875 0.5658189703125001 0.37459250625 0.56212499375 0.376624128125 0.556707178125 0.3768088140625 0.549319234375 0.3744078078125 0.5441476749999999 0.37126803124999996 0.541931290625 0.368497640625 0.541931290625 0.366096634375 0.5446402015625 0.363510928125 0.5441476749999999 0.362033390625 0.5429163499999999 0.361109921875 0.53872985 0.3590783 0.5372522625 0.3540915890625 0.5372522625 0.3478120375 0.536267203125 0.3452263328125 0.5406999671875 0.3461498 0.545132734375 0.3503977296875 0.5522744109375 0.35450950937500003 0.5585473796875 0.3581548328125 0.5611399375 0.3633262296875 0.563356321875 0.3714527171875 0.5658189703125001
0 0.338577384375 0.5458715265625 0.33673046093750003 0.5522744109375 0.335991690625 0.5584310265625 0.335991690625 0.5631100578125 0.3378386140625 0.5680353546875 0.3383926984375 0.574438234375 0.3391314671875 0.5788710015625 0.34060900625 0.58527388125 0.34485694843750003 0.59093796875 0.349843659375 0.5916767609375 0.3557538265625 0.5914304968749999 0.35963237187499997 0.5869977375000001 0.3609252234375 0.582811234375 0.3609252234375 0.5759158265625001 0.3601864546875 0.569020409375 0.357046678125 0.56286379375 0.353493784375 0.55827651875 0.35002834531250004 0.5510430859375 0.3476273390625 0.5463640546875 0.3431947109375 0.5441476749999999 0.338577384375 0.5458715265625
0 0.3415324734375 0.5441476749999999 0.343379409375 0.5439014109375 0.34485694843750003 0.5424238234375001 0.3463344859375 0.5379910546875 0.3439334796875 0.5374985265625 0.3402396203125 0.536267203125 0.3361763765625 0.5365134671875 0.332113134375 0.5377447906249999 0.3310049796875 0.5429163499999999 0.33303660156250003 0.546117790625 0.3365457625 0.550304290625 0.3383926984375 0.547595378125 0.3391314671875 0.5458715265625 0.3415324734375 0.5441476749999999
0 0.3241713453125 0.6042580625 0.3245407296875 0.6094296234375001 0.327126434375 0.6146011828125 0.3315590625 0.61731009375 0.33746922968750004 0.615339975 0.341717171875 0.6089370953125 0.3415324734375 0.602041678125 0.340978390625 0.5934224140625 0.3391314671875 0.579631590625 0.3365457625 0.57298244375 0.3332213 0.5690422078124999 0.3289733578125 0.5700272671875 0.32564888281250004 0.5737212359375 0.3245407296875 0.5786465359374999 0.3245407296875 0.58554194375 0.32728807031249996 0.5913214515624999 0.3250948125 0.59687011875 0.324725415625 0.5988402390625 0.3241713453125 0.6042580625
0 0.3228784921875 0.570766059375 0.32103156875 0.5705197953125001 0.31936933125 0.5705197953125001 0.31770709531249997 0.5717511187500001 0.315490775 0.57446003125 0.31456731875 0.5798778546875 0.31401323593749997 0.5845568875 0.31401323593749997 0.58849711875 0.3127203828125 0.5909597671875 0.310873459375 0.5948999984375 0.30976529375 0.599086503125 0.30976529375 0.606474446875 0.311796915625 0.6104146781249999 0.3151213890625 0.6118922703125 0.31863055 0.6111534703125 0.321955025 0.6072132390625 0.3232478765625 0.603765534375 0.326387653125 0.5931761515625 0.3260692 0.5913214515624999 0.323986646875 0.5843106234375 0.32491011406250003 0.5781539984374999 0.324725415625 0.573967503125 0.3228784921875 0.570766059375
0 0.3354376078125 0.5613862015625 0.3358069921875 0.5569534421875 0.336915146875 0.55128935 0.33303660156250003 0.5495654984375 0.331189678125 0.5505505578125 0.328419275 0.552028146875 0.3273111203125 0.5542445296875 0.32435603125 0.55990861875 0.3241713453125 0.5663114984375001 0.3262029671875 0.5709905296875 0.328788659375 0.5692666734375 0.33377537031250004 0.5680353546875 0.33764846875 0.573444684375 0.3378386140625 0.56852788125 0.33728454375 0.5665577625 0.3354376078125 0.5613862015625
0 0.36480378125 0.6185632109375 0.368867025 0.6242273 0.37126803124999996 0.6217646515624999 0.37385372499999997 0.6195482671875 0.37865574999999996 0.6158543 0.3816108265625 0.6124065953125 0.3836424484375 0.6047723875 0.3856740703125 0.598615771875 0.38678223749999996 0.5914740921874999 0.3849353015625 0.5858100046875 0.380687371875 0.5791608562499999 0.3784710515625 0.5791608562499999 0.3769935125 0.5796533890625 0.37293026875 0.582854828125 0.37052926249999996 0.5882726515625001 0.3681202296875 0.5975512328125 0.36646601875 0.6032948046875 0.3646190828125 0.610929003125 0.36480378125 0.6185632109375
0 0.352244665625 0.596891915625 0.3524293515625 0.5993545640625 0.352478059375 0.5926757515625 0.352244665625 0.596891915625
0 0.35741606406250004 0.616346828125 0.362402775 0.6128991234375001 0.3653578515625 0.6052649156250001 0.3666507046875 0.599600828125 0.36646601875 0.5924591515625 0.36646601875 0.583593625 0.364434396875 0.5798996515625 0.3612946078125 0.5774370046875 0.361109921875 0.5796533890625 0.360371153125 0.5843324156249999 0.3594476859375 0.5882726515625001 0.355938525 0.592705415625 0.3524293515625 0.591966625 0.35261405 0.598123240625 0.35261405 0.601324684375 0.35105604375 0.6043227359375 0.3509518125 0.6087126203125 0.3542762875 0.6146229796875 0.35741606406250004 0.616346828125
0 0.35021304375 0.6043016578125 0.3503977296875 0.6001151578125 0.3494742625 0.5974062453125 0.34707325624999996 0.5959286578125 0.3435640953125 0.5949435984375 0.3415324734375 0.5956823890625 0.34190185781250004 0.5993763609375 0.3413477875 0.6067643046875 0.340054934375 0.61242839375 0.3361763765625 0.6163686296875001 0.33377537031250004 0.6183387453125 0.33673046093750003 0.62498789375 0.3413477875 0.625726684375 0.34374879375 0.6215401843749999 0.3471962875 0.6148862796875 0.3494742625 0.6109508046875 0.35058242812499996 0.6084881578125 0.35021304375 0.6043016578125
0 0.341717171875 0.6279430734375 0.343379409375 0.6313907765625 0.3452263328125 0.6328683609375 0.34855080625 0.6313907765625 0.353168121875 0.6284356015625 0.357046678125 0.6247416296875 0.3594476859375 0.6247416296875 0.3612946078125 0.6225252453125 0.362033390625 0.6193238046875 0.3642496984375 0.6161223609375 0.364434396875 0.6141522453125 0.364434396875 0.60971948125 0.36166399375 0.6141522453125 0.35667729375 0.61661489375 0.352983434375 0.6131671843750001 0.3507671140625 0.608734421875 0.34780572187500003 0.6148862796875 0.345780415625 0.618585009375 0.3435640953125 0.6230177734375 0.341717171875 0.62498789375 0.341717171875 0.6279430734375
0 0.769842671875 0.5919287375 0.772742 0.588891259375 0.772742 0.5830924343749999 0.7712923359375 0.5786742765625 0.769221396875 0.5753606640625 0.7636298421875 0.5731515953125 0.7609376140624999 0.5745322640625 0.7584524734375 0.5772936093750001 0.75348220625 0.579226553125 0.74809775 0.5830924343749999 0.7420920062499999 0.5855776453125 0.7389855921875 0.5902719265624999 0.7396068796875 0.594137815625 0.7406423421875 0.59910823125 0.743955859375 0.6007650421874999 0.7493403140625 0.6021457109374999 0.7557602453125 0.5996604984375 0.7574170109375 0.5974514296875 0.7590028875 0.595011853125 0.7621801765625 0.5960707515625 0.76507950625 0.595518484375 0.769842671875 0.5919287375
0 0.7485119390625 0.61208655 0.7505828906249999 0.617885375 0.7545176828125 0.6206467203125 0.7611447 0.617885375 0.7642511296875 0.6159524390625 0.7673575453125 0.6154001625000001 0.771706525 0.6134672265625001 0.7737774765625 0.609601346875 0.7752271281249999 0.605183190625 0.7756413156249999 0.6010411765625 0.774191665625 0.59662301875 0.7723278125 0.5933094062500001 0.769221396875 0.593585540625 0.76570078125 0.5949662171875 0.7607305125 0.5960707515625 0.7592306734375 0.598656409375 0.7561744328125 0.6010411765625 0.751618353125 0.60490705625 0.7505828906249999 0.608496803125 0.7485119390625 0.61208655
0 0.749961603125 0.5336399234375 0.75368930625 0.53143084375 0.75410349375 0.53060244375 0.75410349375 0.528393365625 0.7524467296874999 0.5253558859374999 0.7487190390625 0.5217661390624999 0.745612609375 0.5217661390624999 0.74167781875 0.522870678125 0.738364303125 0.5234229453125 0.7350508 0.526460425 0.7311159953125 0.52811723125 0.725938640625 0.5294979046875 0.7238676875000001 0.533363784375 0.7230393125 0.538334209375 0.726145728125 0.5427523609375 0.7300805328125 0.543304628125 0.7352578875 0.5427523609375 0.74169124375 0.5403435015625 0.743748771875 0.53971488125 0.7458197109375 0.5364012640625 0.749961603125 0.5336399234375
0 0.7311159953125 0.5551784109375 0.732151471875 0.5609772359375 0.7344295125 0.5656715171875 0.7396068796875 0.566499928125 0.7449913359375 0.56511925 0.7522396421875001 0.56042496875 0.7551389703125 0.5568352140624999 0.7590737625 0.5521409328125 0.761973090625 0.5471705078125 0.761973090625 0.5410955546875 0.7605234265624999 0.5361251296875 0.7574170109375 0.53143084375 0.7526538296874999 0.531706978125 0.746441 0.5361251296875 0.7435416703125 0.53971488125 0.7426023828125 0.5427732062499999 0.74105653125 0.541647821875 0.7358791765625 0.5455137062500001 0.732151471875 0.5504841218750001 0.7311159953125 0.5551784109375