0 0.14807485625 0.49784838281250005 0.1547016625 0.504246678125 0.1604144265625 0.504246678125 0.166127190625 0.5018092328125 0.17138293437500002 0.49388753281250003 0.1716114453125 0.488707959375 0.17252548750000002 0.48566115156249995 0.1745820828125 0.4817003015625 0.1768671890625 0.47682540937500006 0.178009740625 0.4695130703125 0.176638678125 0.46311477500000003 0.174353571875 0.4579352015625 0.1693263390625 0.45427903125 0.16726974375 0.45306030937499997 0.161785490625 0.4539743515625 0.15881485312500002 0.456716478125 0.1547016625 0.4658569015625 0.15493017343749999 0.4756066859375 0.15150251406249998 0.48109093906249994 0.14898889843750002 0.48657519374999997 0.14807485625 0.49784838281250005
0 0.1135697578125 0.49419221249999995 0.11516933124999999 0.49998114843749997 0.12476677656249999 0.5033326359375 0.134135709375 0.5054654015625 0.1437331546875 0.5033326359375 0.1462467703125 0.4993717859375 0.14784634531250002 0.49541093593749996 0.148303365625 0.48901264062500005 0.1471608125 0.48687987499999996 0.1430476234375 0.48687987499999996 0.1332216671875 0.48687987499999996 0.1254523078125 0.4896220015625 0.11928252187499999 0.4920594484375 0.115626353125 0.4902313625 0.1135697578125 0.49419221249999995
0 0.156072725 0.43995903593749996 0.155844215625 0.43356073906250003 0.15104549375 0.4308186125 0.1448757078125 0.43051393125 0.139391453125 0.4314279734375 0.136420815625 0.43508414375 0.1339072 0.43782627031250004 0.1291084765625 0.44117775937500003 0.1261378390625 0.4478807359375 0.1265948609375 0.45306030937499997 0.1265948609375 0.456716478125 0.1254523078125 0.46067732812499995 0.124538265625 0.46829434687499993 0.1261378390625 0.474997325 0.12979400937500002 0.48048157812500003 0.135735284375 0.48048157812500003 0.1403054953125 0.47316923906249997 0.144190175 0.46159137031249997 0.153559109375 0.4539743515625 0.1563012359375 0.444833928125 0.156072725 0.43995903593749996
0 0.1094565671875 0.468599028125 0.10671444062499999 0.47682540937500006 0.10785699374999999 0.48596583125 0.11082763124999999 0.488707959375 0.11516933124999999 0.488707959375 0.120882096875 0.48657519374999997 0.1254523078125 0.4817003015625 0.12796592499999998 0.47865349375 0.12522379687500002 0.47316923906249997 0.123852734375 0.4652475390625 0.1249952875 0.45884924375 0.11973954375 0.4618960515625 0.1165403953125 0.46281009375000004 0.1094565671875 0.468599028125
0 0.486379990625 0.44474937968750006 0.4836649515625 0.44449080468749996 0.4768773515625 0.44526653125 0.4729987234375 0.44836943281249997 0.4722229984375 0.4548338140625 0.4691200953125 0.4690554515625 0.4681504375 0.477847009375 0.4698958203125 0.4876728671875 0.47358051718749994 0.486638565625 0.478622734375 0.48069133593749996 0.4805620484375 0.47500268125 0.485798196875 0.46388394687499995 0.48851323593749996 0.45224806093750003 0.48851323593749996 0.44785228281249995 0.486379990625 0.44474937968750006
0 0.5075185156249999 0.47939845937500003 0.5086821031250001 0.47551983125 0.5088760359375 0.46465967187499996 0.5059670640625 0.45922959218750004 0.50402775 0.457160990625 0.49976125937500004 0.457678140625 0.4968522875 0.46078104375000006 0.49374938437500004 0.46465967187499996 0.4881253734375 0.46957260156249997 0.49374938437500004 0.470865478125 0.5005369843749999 0.4770712828125 0.5075185156249999 0.47939845937500003
0 0.5094578296875001 0.4625910703125 0.5187665375 0.45948816875 0.522257303125 0.4556095390625 0.522257303125 0.45224806093750003 0.5203179890625 0.4527652125 0.5170211546875 0.4514723359375 0.5143061140625 0.44630083125000003 0.51217286875 0.44319792968750005 0.50422168125 0.4400950265625 0.49782194375 0.442163628125 0.49782194375 0.44681798125 0.4989855328125 0.45173091093749995 0.5017005734375 0.45664384062499996 0.504803475 0.4579367171875 0.5067427890625 0.46026389375 0.5094578296875001 0.4625910703125
0 0.9392693375000001 0.5292404796875 0.944009259375 0.525978596875 0.9461498703125001 0.5163968156250001 0.947067275 0.510484653125 0.9449266640625 0.5078343734375 0.94064544375 0.5035531515625 0.93300040625 0.4929520328125 0.9264256734374999 0.48622439999999995 0.922297353125 0.48071997343749995 0.9183219328125001 0.48194317968749995 0.914805215625 0.484593459375 0.9151110171875001 0.49234042968749997 0.9200038421875 0.5049802265625 0.9252024671875001 0.51456200625 0.9345294125000001 0.528221140625 0.9392693375000001 0.5292404796875
0 0.9044079640625 0.5037570203125 0.8999738421875 0.5053879609374999 0.8976803312499999 0.509261446875 0.8969158281249999 0.5139504031250001 0.9004325453125 0.5227167140625 0.9036434609375 0.5292404796875 0.90761888125 0.5357642453125 0.91297040625 0.5365797156250001 0.916028421875 0.5355603765625 0.916487125 0.53229849375 0.916792925 0.528221140625 0.91526391875 0.5241437875 0.9131233078125 0.522308978125 0.9115943 0.5186393609375 0.9105239953125001 0.5125233296875 0.9091478875 0.507018903125 0.90761888125 0.5053879609374999 0.9044079640625 0.5037570203125
0 0.9169458265625 0.526997934375 0.9175574296875 0.5298520828125 0.9195451390624999 0.529444346875 0.92290895625 0.5265902 0.9273430781249999 0.519862565625 0.9265785734374999 0.5178238890625 0.9241321625 0.512931065625 0.9195451390624999 0.5119117265625001 0.9117472 0.5184354921875001 0.9144994140625 0.5233283171875 0.9157226203125 0.5245515234375 0.9169458265625 0.526997934375
0 0.9155697203125 0.4966216515625 0.9119001015625001 0.493971371875 0.9102181937499999 0.4931559015625 0.90272605625 0.49682551875 0.9011970484375 0.4994757984375 0.8984448359374999 0.5035531515625 0.899668040625 0.5059995640625 0.9039492625 0.5041647546875 0.9077717812499999 0.5039608875 0.9102181937499999 0.5072227703125 0.9119001015625001 0.5125233296875 0.9120530015625 0.5155813453125 0.916792925 0.510484653125 0.9177103296875 0.5059995640625 0.9175574296875 0.5013106078125 0.9155697203125 0.4966216515625