0 0.0775242671875 0.4843930046875 0.07404904062499999 0.4797593703125 0.0649599890625 0.47690790156249996 0.058811512499999996 0.47619503593749996 0.0585441875 0.48118510312499996 0.0590788375 0.4947295734375 0.0622867375 0.500788940625 0.07110846562499999 0.500788940625 0.072445090625 0.4979374734375 0.0769896171875 0.4947295734375 0.0788608921875 0.49009593906250004 0.0775242671875 0.4843930046875
0 0.5443897296875 0.4937987921875 0.5469290421874999 0.48832950156250005 0.5488823609375 0.478693134375 0.5467337109375 0.4716611890625 0.543803734375 0.46749411093750004 0.5400924296875 0.4648896859375 0.535013803125 0.454992875 0.5307165031250001 0.451867565625 0.526223871875 0.4523884515625 0.5225125671875 0.4565555296875 0.5221219046875001 0.46462924375 0.5246612171875 0.478693134375 0.535209134375 0.49301746562500004 0.5402877609375001 0.4964032171875 0.5443897296875 0.4937987921875
0 0.5025887234375 0.514634184375 0.5047373734375 0.519582590625 0.5135273046875 0.5237496687500001 0.5266145359375 0.5240101109374999 0.5320838250000001 0.521926571875 0.5354044671875 0.5180199359375 0.537162453125 0.5125506453125 0.5379437796875 0.507602240625 0.5344278078125 0.499528525 0.5295445125 0.497705428125 0.5238798906250001 0.4982263140625 0.5203639171875001 0.49926808281249996 0.51821526875 0.49926808281249996 0.515601409375 0.495336 0.5118959953125 0.49314020000000003 0.508644009375 0.4948405625 0.5051280375 0.497705428125 0.5025887234375 0.5034351609375001 0.5016120640625 0.5089044515625 0.5025887234375 0.514634184375
0 0.5227377609375 0.470267278125 0.5215026234375 0.4671565609375 0.518895109375 0.464960759375 0.5124449453125 0.4623989921875 0.50640649375 0.463862859375 0.50572030625 0.46788849375 0.50228936875 0.474109928125 0.50064251875 0.4753908125 0.50105423125 0.48033136406250004 0.50242660625 0.48582086406249997 0.50640649375 0.49240826562500006 0.5076416328125 0.49442108281249997 0.5099746703125 0.49277423281250005 0.514915221875 0.49387213281250003 0.515738646875 0.49387213281250003 0.517248259375 0.49149335 0.5191695843749999 0.48527191406250003 0.5246590859375 0.4806973296875 0.5239728984375 0.4781355625 0.5227377609375 0.470267278125
0 0.50242660625 0.45123700624999996 0.50077975625 0.45160297343750005 0.4955647296875 0.45398175625 0.491584840625 0.45361579062499996 0.4860953390625 0.45544562343750006 0.4837623015625 0.4585563421875 0.48650705156249996 0.463862859375 0.491584840625 0.472463078125 0.49666262968749997 0.4755737953125 0.50132870625 0.47484186250000004 0.50462240625 0.4699013109375 0.50626925625 0.4623989921875 0.50599478125 0.45745844062499996 0.50462240625 0.45471369062500006 0.50242660625 0.45123700624999996
0 0.48403677656250005 0.44849225625000005 0.48307611406250006 0.4437346875 0.4803313625 0.43787922031250004 0.47854727500000005 0.43458551874999996 0.47635147499999997 0.4342195515625 0.47346948749999995 0.4342195515625 0.4685289359375 0.4342195515625 0.463725621875 0.4344025359375 0.461941534375 0.43367060156250004 0.461667059375 0.4404409875 0.46098087187500003 0.4448325890625 0.45974573281250003 0.44959015625000004 0.45658927031249996 0.45343280625000004 0.45796164531250005 0.460569159375 0.46331390937499994 0.4680714765625 0.4671565609375 0.4680714765625 0.4740184375 0.4658756765625 0.47552805 0.462581975 0.48115478906250003 0.45782440781249994 0.4837623015625 0.453066840625 0.48403677656250005 0.44849225625000005
0 0.44711988125 0.4658756765625 0.44561026718749996 0.46898639375 0.4442378921875 0.473560978125 0.44396341718750004 0.47831854687500003 0.44561026718749996 0.48545489843749995 0.44821778125 0.49057843281249996 0.45247214375 0.49405511718749995 0.45905954531250004 0.4973488171875 0.463862859375 0.49954461875 0.4696268359375 0.5024723515625 0.477998325 0.5019234015625 0.4821154515625 0.4986297015625 0.48293887656249995 0.49277423281250005 0.48293887656249995 0.48856561562499995 0.4810175515625 0.4823441796875 0.476077 0.47648871249999997 0.4711364484375 0.4733779953125 0.466470371875 0.4720971109375 0.46084363437500003 0.46733954375 0.45507965781250004 0.463862859375 0.45123700624999996 0.4636798765625 0.44711988125 0.4658756765625
0 0.9110002843749999 0.4503982546875 0.913864503125 0.46113907187500003 0.9172657609374999 0.466628821875 0.9201299796875 0.46758356093750003 0.9222781421875 0.466628821875 0.9237102515625001 0.46066170156249997 0.92442630625 0.444431134375 0.9240682781249999 0.43201952343750005 0.9235312375 0.421040021875 0.9197719515625 0.41459553125 0.91637069375 0.41459553125 0.9142225296875001 0.41745975 0.9120743671874999 0.42342687031250004 0.9110002843749999 0.4341676859375 0.91028423125 0.4420442859375 0.9110002843749999 0.4503982546875
0 0.9050928359375 0.43918006875 0.9106422578125001 0.4367932203125 0.911537325 0.4250976640625 0.9083150812499999 0.41602764062500003 0.9027656593750001 0.40791235625000005 0.9000804546875001 0.40027444218749997 0.8990063734374999 0.39908101875 0.8977532781249999 0.40337734531249997 0.8927408968749999 0.409344465625 0.888802596875 0.41960791249999996 0.890771746875 0.4229495 0.890950759375 0.43273557812499996 0.89345695 0.43631585 0.89846933125 0.43918006875 0.9050928359375 0.43918006875
0 0.8716172890625 0.4229495 0.8719753171875 0.43201952343750005 0.8732284124999999 0.44872746093749993 0.8785988203124999 0.457797484375 0.88432725625 0.45922959218750004 0.88844456875 0.457797484375 0.8916668140624999 0.45397852656250004 0.8930989234375 0.4484887765625 0.8930989234375 0.44061217656249996 0.8916668140624999 0.43727058906250005 0.89023470625 0.431542153125 0.8895186515625 0.423188184375 0.887728515625 0.41793711875 0.882716134375 0.41364079218749994 0.8764506578125 0.4153115859375 0.8716172890625 0.4229495
0 0.86230858125 0.49765784843749994 0.8669629359375 0.5007607515625 0.8739444671875001 0.4988512734375 0.876808684375 0.4940775765625 0.8796729015625001 0.482859390625 0.88038895625 0.46806093125 0.8780617796874999 0.45994564687499995 0.8751975625 0.4558880046875 0.8714382765625001 0.45350115625000004 0.8649937859374999 0.45493326562499997 0.8598023906250001 0.46066170156249997 0.8580122546875 0.46710619218750005 0.8583702828125 0.4742667359375 0.860697459375 0.477847009375 0.859623378125 0.48071122656250004 0.8599814046875001 0.48906519531250003 0.86230858125 0.49765784843749994
0 0.8454813015625 0.47020909375000003 0.8494196015625001 0.471163834375 0.8512097375 0.471641203125 0.8546109968750001 0.4692543546875 0.8564011328125 0.4637646046875 0.8564011328125 0.46066170156249997 0.85407395625 0.45493326562499997 0.8513887515624999 0.45206904843749995 0.847629465625 0.4523077328125 0.842617084375 0.4530237875 0.83814174375 0.454455896875 0.8349194984375 0.456126690625 0.8284750078125 0.456126690625 0.8284750078125 0.458274853125 0.8308021859375 0.46471934375 0.830623171875 0.4690156703125 0.8327713359375 0.47593752968749997 0.83814174375 0.4795178015625 0.8399318796875 0.47546016093750004 0.8433331390625 0.47044777968749996 0.8454813015625 0.47020909375000003
0 0.8413639890625 0.5083986656249999 0.8445862343749999 0.5112628828125 0.8487035468749999 0.5107855140625001 0.85407395625 0.5076826109375 0.8583702828125 0.5007607515625 0.8572962000000001 0.49479363125000003 0.8549690234374999 0.489542565625 0.8513887515624999 0.48667834687499995 0.8522838187499999 0.48142728124999995 0.852641846875 0.4771309546875 0.8513887515624999 0.4728346265625 0.8494196015625001 0.471163834375 0.8454813015625 0.469970409375 0.840647934375 0.47355068125 0.8383207578125 0.4797564875 0.83814174375 0.48691703124999997 0.8390368125000001 0.4959870546875 0.8404689203125001 0.5055344484375001 0.8413639890625 0.5083986656249999