0 0.5597269734375 0.0883112265625 0.5712764484374999 0.0840858078125 0.573248309375 0.0769025984375 0.56958628125 0.07204336875 0.56507916875 0.07077574375 0.5563466406249999 0.06950811875 0.54592394375 0.0631699921875 0.540008359375 0.059789657812499994 0.5312758296875 0.059789657812499994 0.5216982156250001 0.0638038046875 0.516909409375 0.069296846875 0.51775449375 0.0769025984375 0.5278954953125 0.0817618296875 0.5383181921875 0.0838745375 0.544797165625 0.0868323296875 0.5501493609375 0.08809995468750001 0.5597269734375 0.0883112265625
0 0.5464873328125 0.107114334375 0.54592394375 0.11049466875 0.549585971875 0.1119735640625 0.5602903625 0.10986085625 0.5693045875 0.1107059390625 0.564797475 0.10352272968750001 0.562262225 0.0933817265625 0.5597269734375 0.08873376875 0.5555015562500001 0.088522496875 0.549585971875 0.087888684375 0.5456422484375001 0.0876774140625 0.5416985249999999 0.090423934375 0.5360646359375 0.0976071453125 0.542543609375 0.09971985312500001 0.5442337765625 0.100987478125 0.5464873328125 0.107114334375
0 0.5047965453125001 0.105846709375 0.5084585749999999 0.1126073765625 0.5138107703125 0.11493135624999999 0.5267687171875 0.11493135624999999 0.5295856624999999 0.11239610625 0.5295856624999999 0.10795941718749999 0.5287405781250001 0.10500162500000002 0.5326843015625 0.10922704218749998 0.5346561640624999 0.11345246093750001 0.5408534421875 0.1138750015625 0.544797165625 0.112184834375 0.5467690265625 0.1081706890625 0.5453605546875 0.102466375 0.5431069984375 0.099931125 0.53888158125 0.0988747703125 0.5360646359375 0.0986634984375 0.528458884375 0.0976071453125 0.5208531328125 0.0948606234375 0.514374159375 0.095283165625 0.50366976875 0.09971985312500001 0.5047965453125001 0.105846709375
0 0.46141559374999996 0.115776440625 0.4616972875 0.122114565625 0.46817626093750003 0.13035413125 0.47409184531250004 0.1337344640625 0.48226098593750005 0.13542463124999998 0.49437385 0.13669225625 0.5022612953125 0.13415700625 0.5124022984375001 0.1324668390625 0.5183178828125 0.1240160046875 0.5174727984375 0.118945503125 0.514374159375 0.1151426265625 0.5081768796875 0.1119735640625 0.49916265624999995 0.10986085625 0.4757820125 0.10922704218749998 0.4673311765625 0.1113397515625 0.463105759375 0.11302991874999999 0.46141559374999996 0.115776440625
0 0.47183828906249997 0.0961282484375 0.47296506718750003 0.102466375 0.47550031875 0.1028889171875 0.48902165468750003 0.0988747703125 0.49099351562500004 0.0940155390625 0.49043012656249996 0.08809995468750001 0.488739959375 0.0836632671875 0.48282437500000003 0.0874661421875 0.4774721796875 0.0916915609375 0.47183828906249997 0.0961282484375
0 0.51324738125 0.0572544078125 0.5090219640625 0.056198053125 0.5028246843749999 0.05809949062500001 0.49662740625 0.066127784375 0.493528765625 0.07267718125 0.48930334843749995 0.07542370312499999 0.488739959375 0.0849308921875 0.4940921546875 0.0876774140625 0.5064867125 0.0828181828125 0.5155009374999999 0.07648005625 0.5149375484375 0.07204336875 0.518881271875 0.064860159375 0.521416521875 0.061479825 0.5180361875 0.0583107625 0.51324738125 0.0572544078125
0 0.480289125 0.063592534375 0.47521862343750004 0.068663034375 0.46845795625 0.07648005625 0.47071151093749997 0.080705475 0.474655234375 0.0813392875 0.4800074296875 0.0800716625 0.4873314875 0.0802829328125 0.49324707187500005 0.07162082656249999 0.49944435 0.0621136375 0.491275209375 0.0621136375 0.48620470937500004 0.0612685546875 0.480289125 0.063592534375
0 0.4997260453125 0.085775975 0.49606401718750004 0.08809995468750001 0.4983175734375 0.090423934375 0.51324738125 0.0868323296875 0.5281771890625 0.08260691249999999 0.5264870234375 0.0817618296875 0.5216982156250001 0.0796491203125 0.51775449375 0.07521243125 0.5146558531250001 0.0775364109375 0.5115572140625 0.079860390625 0.4997260453125 0.085775975
0 0.54768031875 0.46015664687499996 0.55193755 0.4616591984375 0.5609528640625 0.46015664687499996 0.5667126484375 0.45527335156250004 0.5669630734375 0.4502022375 0.5647092453125 0.4449433046875 0.5594503125 0.44137474218749995 0.5544418046875 0.440623465625 0.5444247890625 0.440623465625 0.5306513921875 0.440435646875 0.5231386312499999 0.43855745625000003 0.5161267203125 0.43818181875000006 0.50661055625 0.44081128593749996 0.5038558765625 0.4468214953125 0.5058592796875 0.452456065625 0.5171284218750001 0.45696372343749997 0.525392459375 0.4590297328125 0.529148840625 0.458466275 0.5369120265625 0.45752717968749995 0.54768031875 0.46015664687499996
0 0.49709439062499994 0.45489771250000005 0.48582524843749997 0.45996882812499995 0.47630908437499997 0.4667303125 0.47430568125 0.4676694078125 0.476809934375 0.47274052187500004 0.48181844218750003 0.4825071125 0.48557482343749997 0.4872025875 0.4940892859375 0.49077114999999993 0.504857578125 0.49058333125000003 0.5151250187499999 0.48551221718750004 0.5163771453125 0.481192378125 0.5161267203125 0.47386743593749997 0.5186309734375001 0.46748158906250004 0.5158762953125 0.4610957421875 0.50661055625 0.45564898906250006 0.49709439062499994 0.45489771250000005
0 0.529649690625 0.48889295937500005 0.5409188328125001 0.48889295937500005 0.549934146875 0.4858878546875 0.5571964828125 0.47875073125 0.5586990359375 0.4740552546875 0.561453715625 0.47086233125000004 0.5632066921875001 0.4691719609375 0.5599511625 0.468420684375 0.5479307437500001 0.4610957421875 0.5409188328125001 0.45752717968749995 0.5306513921875 0.45771499843749996 0.520884803125 0.4633495703125 0.519131825 0.47142578906250004 0.52363948125 0.47574562656249997 0.521636078125 0.480628921875 0.52288820625 0.4836340265625 0.529649690625 0.48889295937500005
0 0.5612032890624999 0.5088017781249999 0.565710946875 0.5039184828125001 0.5669630734375 0.4997864640625 0.566211796875 0.49321279687499997 0.56395796875 0.4903955125 0.5571964828125 0.4877660453125 0.549433296875 0.48626349375 0.5426718109374999 0.48964423593750006 0.533656496875 0.48908077812500006 0.5268950109375 0.48757822656250005 0.520884803125 0.4879538640625 0.5101165109375 0.4898320546875 0.5021028984375 0.49452753125 0.49884736875 0.5037306640625 0.5038558765625 0.509177415625 0.5121199140625 0.5134972531249999 0.5251420343750001 0.513309434375 0.535910325 0.5101165109375 0.5474298937500001 0.51067996875 0.5531896765625001 0.5097408734375 0.5612032890624999 0.5088017781249999
0 0.5121199140625 0.53509644375 0.5166275703125 0.537162453125 0.52288820625 0.537725909375 0.5283975640625 0.537538090625 0.53140266875 0.5367868140625001 0.535409475 0.533030434375 0.5389154296875 0.5257054906249999 0.5406684078125 0.52288820625 0.541670109375 0.516877996875 0.5431726625 0.5116190625 0.5426718109374999 0.5104921484375 0.5411692593749999 0.5104921484375 0.5349086234375 0.5103043296875 0.5261437359375 0.513309434375 0.5163771453125 0.5148119875 0.5128711906250001 0.513121615625 0.5128711906250001 0.5165023578125 0.5103669359375 0.5219491109375001 0.5078626828125 0.53190351875 0.5121199140625 0.53509644375
0 0.4903329046875 0.5305887859375 0.49609268906250004 0.5339695296875 0.49984907031250003 0.5304009671875 0.5063601296875 0.5251420343750001 0.50736183125 0.5221369296875 0.5078626828125 0.5193196437500001 0.5061097046875 0.51537544375 0.5041063015625 0.5140607109374999 0.49333800937500005 0.511243425 0.486576525 0.511243425 0.48206886718749997 0.51499980625 0.4800654640625 0.52288820625 0.4903329046875 0.5305887859375
0 0.4878286515625 0.49321279687499997 0.48332099531250006 0.4877660453125 0.47555780781249996 0.4857000359375 0.470298875 0.48739040781250004 0.464789515625 0.4903955125 0.46028185937500005 0.49565444531249997 0.4555237765625 0.5012890156250001 0.4535203734375 0.5059844921875001 0.44976399375 0.513121615625 0.44976399375 0.517065815625 0.45427165 0.5193196437500001 0.4615339859375 0.5227003859375 0.46879632187500003 0.5262689484374999 0.47280312812499997 0.527020225 0.47806206093750003 0.5234516625000001 0.481067165625 0.51499980625 0.48256971875000004 0.5084261390625 0.4863261 0.505233215625 0.48857992812499995 0.499410825 0.4878286515625 0.49321279687499997
0 0.5061097046875 0.5136850734375 0.5081131078125 0.5121825203125 0.501351621875 0.5059844921875001 0.49984907031250003 0.4980960921875 0.5071114062500001 0.49077114999999993 0.504857578125 0.48964423593750006 0.49909779375 0.49114678749999996 0.48757822656250005 0.4879538640625 0.4853243984375 0.48870514062500003 0.4880790765625 0.49377625468749997 0.488830353125 0.4999742828125 0.486576525 0.5044819390625 0.48432269687499996 0.5076748640625001 0.4873278 0.511243425 0.49433971093749995 0.511243425 0.4995986453125 0.5136850734375 0.5061097046875 0.5136850734375
0 0.5647092453125 0.9165569124999999 0.5729732828125 0.9137396265625 0.5754775359375001 0.9058512265625 0.5729732828125 0.8989019218750001 0.5632066921875001 0.8921404374999999 0.5489324453125 0.885942409375 0.5411692593749999 0.8840642187500001 0.5324043703125 0.8829373046875 0.52388990625 0.884627675 0.5178796984375 0.8910135234375 0.5163771453125 0.8987141031249999 0.5246411828124999 0.9052877703125001 0.5341573484375 0.906226865625 0.53966670625 0.9052877703125001 0.5439239375 0.9114857984375 0.5516871250000001 0.9148665406250001 0.5647092453125 0.9165569124999999
0 0.516877996875 0.8996531984375 0.5158762953125 0.8955211796875 0.5158762953125 0.89270389375 0.5151250187499999 0.8932673515625 0.5076122562500001 0.894769903125 0.5038558765625 0.894394265625 0.5041063015625 0.8977750078125 0.5023533234374999 0.9007801125 0.5023533234374999 0.9019070265625 0.5033550250000001 0.910734521875 0.504857578125 0.9180594640624999 0.513372040625 0.922567121875 0.521636078125 0.9214402078124999 0.5243907578125 0.91712036875 0.5273958624999999 0.9137396265625 0.528898415625 0.9124248937500001 0.529148840625 0.90885633125 0.5278967140625 0.9054755890624999 0.5243907578125 0.9060390453125 0.520884803125 0.9039730359375 0.516877996875 0.8996531984375
0 0.53966670625 0.9351509968749999 0.5444247890625 0.92932860625 0.5486820203125 0.92482095 0.5539409531249999 0.922567121875 0.557697334375 0.9197498359375 0.5539409531249999 0.9197498359375 0.5491828703125 0.9174960078125001 0.545927340625 0.9148665406250001 0.5401675578125 0.9124248937500001 0.5374128781249999 0.9124248937500001 0.5326547953125 0.9118614359375 0.5283975640625 0.914303084375 0.5256428843750001 0.9199376546875 0.5241403328125 0.926699140625 0.528898415625 0.933460625 0.53966670625 0.9351509968749999
0 0.4915850328125 0.9362779109374999 0.49884736875 0.94116120625 0.5076122562500001 0.943415034375 0.5116190640625 0.947171415625 0.521135228125 0.94942524375 0.5258933109374999 0.9482983296875 0.5346581984375 0.9430393968749999 0.537913728125 0.94116120625 0.533406071875 0.9402221109375001 0.5283975640625 0.9364657296875001 0.5241403328125 0.9306433406249999 0.521135228125 0.9255722265624999 0.513121615625 0.9238818546875001 0.5051080031249999 0.9218158453124999 0.496593540625 0.9193741984375 0.48857992812499995 0.9193741984375 0.487077375 0.9229427593749999 0.4863261 0.9313946156249999 0.4915850328125 0.9362779109374999