0 0.44896900625 0.07582778125 0.443828140625 0.08533838437499999 0.4427999671875 0.0933067265625 0.4455417625 0.1012750703125 0.4451990375 0.111556803125 0.447255384375 0.11335610625 0.453424425 0.11052862968749999 0.458222565625 0.1100145421875 0.46439160625 0.10898636875 0.4705606453125 0.10847228281250001 0.477072409375 0.10487367656249999 0.48324144999999996 0.09793350625 0.4863259703125 0.0935637703125 0.4842696234375 0.0871376875 0.477415134375 0.0822538640625 0.47158881875 0.0755707375 0.46096436093750004 0.07300030468749999 0.44896900625 0.07582778125
0 0.4496544546875 0.0760848234375 0.45650894375 0.07325734687499999 0.4671334015625 0.0727432609375 0.47193154374999996 0.07531369375 0.4726169921875 0.0727432609375 0.4743306140625 0.0562924875 0.47330244062500004 0.051665707812499996 0.46781885 0.050123448437499996 0.4633634328125 0.051151621875 0.458222565625 0.0537220546875 0.45068262812500004 0.062204484375 0.4445135890625 0.068373525 0.44142906875000004 0.0763418671875 0.438001825 0.0786552578125 0.43354640624999996 0.08482429687500001 0.43560275312499996 0.09125037968750001 0.44245724218750004 0.09562011718749999 0.443828140625 0.08636655625 0.4455417625 0.0804545609375 0.4496544546875 0.0760848234375
0 0.5007203953125 0.0840531671875 0.50243401875 0.07711299687499999 0.5031194671875 0.069401696875 0.5014058453125 0.0634897015625 0.4969504265625 0.062461528125 0.49009593906250004 0.0601481375 0.484955071875 0.059119964062499995 0.4760442359375 0.0614333546875 0.473645165625 0.06426083125 0.47330244062500004 0.07351439062500001 0.477072409375 0.0804545609375 0.484955071875 0.085081340625 0.49009593906250004 0.08688064375 0.5007203953125 0.0840531671875
0 0.4972931515625 0.10641593593750001 0.5027767421875 0.107444109375 0.5134012 0.1069300234375 0.515457546875 0.10641593593750001 0.522312034375 0.10024689687499999 0.522654759375 0.0943349 0.5274529015625 0.0891940328125 0.530194696875 0.08096864687500001 0.5295092484375 0.0755707375 0.52436838125 0.0706869140625 0.5209411375 0.068373525 0.507917609375 0.069658740625 0.503804915625 0.0765989109375 0.5007203953125 0.08456725312499999 0.496607703125 0.0871376875 0.4955795296875 0.0894510765625 0.4972931515625 0.10641593593750001
0 0.49420863125 0.111299759375 0.488725040625 0.1174688 0.4839268984375 0.12800757499999998 0.4753587875 0.1385463515625 0.4726169921875 0.1516555609375 0.4763869609375 0.15474008125 0.4798142046875 0.15474008125 0.483584175 0.1544830375 0.49078138750000005 0.1503703453125 0.4990067734375 0.1424020015625 0.5048330890625 0.1331484421875 0.5089457828125 0.122352621875 0.511344853125 0.10950045625 0.5086030578125 0.107187065625 0.503804915625 0.107958196875 0.49420863125 0.111299759375
0 0.549387265625 0.133919571875 0.5511008875 0.12775053281249998 0.5504154390625 0.12106740625000001 0.5459600203125 0.11721175625 0.5411618796875 0.1146413234375 0.5411618796875 0.1100145421875 0.5387628078125 0.111556803125 0.5308801453124999 0.114898365625 0.522312034375 0.11798288593749999 0.5161429953125001 0.1246660125 0.51717116875 0.13340548593749998 0.526767453125 0.13931748125 0.533621940625 0.1403456546875 0.5408191546875 0.13983156875 0.549387265625 0.133919571875
0 0.503804915625 0.156282340625 0.5086030578125 0.1632225109375 0.511687578125 0.16579294375 0.515114821875 0.1706767671875 0.51751389375 0.171447896875 0.5253965546875 0.1699056375 0.533621940625 0.16630703125 0.5391055328125 0.1583386875 0.541504603125 0.152683734375 0.537734634375 0.141887915625 0.530537421875 0.139574525 0.5216265859375 0.13674704843750002 0.511687578125 0.137775221875 0.5068894359375 0.13983156875 0.5014058453125 0.1447153921875 0.503804915625 0.156282340625
0 0.5463027453125 0.1614232078125 0.5538426828125 0.16682111718749998 0.560354446875 0.16630703125 0.5689225578125 0.162708425 0.571664353125 0.15859573124999998 0.571664353125 0.15474008125 0.5723498015625 0.1485710421875 0.5740634250000001 0.1442013046875 0.57714794375 0.1390604390625 0.57749066875 0.135718875 0.5768052203125 0.13340548593749998 0.5723498015625 0.126208271875 0.5682371093749999 0.122609665625 0.5600117234375 0.12081036249999999 0.552814509375 0.126208271875 0.5469881937500001 0.1390604390625 0.5445891234375 0.1439442625 0.54356095 0.1477999109375 0.5463027453125 0.1614232078125
0 0.5103166796874999 0.47630127968749997 0.49969222343749997 0.4765583234375 0.496607703125 0.4781005828125 0.49489408125 0.4842696234375 0.488725040625 0.49249500937499996 0.483584175 0.49917813593749993 0.477072409375 0.5048330890625 0.4798142046875 0.5125443890625 0.4904386625 0.51665708125 0.5000349468749999 0.5184563859375 0.5051758140625 0.51280143125 0.511344853125 0.50174856875 0.5209411375 0.48966753281250003 0.5205984124999999 0.48272736250000003 0.5164857203125 0.477586496875 0.5103166796874999 0.47630127968749997
0 0.5648098640625 0.5094598687499999 0.5665234875 0.50611830625 0.56241079375 0.5020056125 0.5593262734375 0.49686474531249997 0.5555563046875001 0.49300909531250003 0.5449318484375001 0.49686474531249997 0.53979098125 0.4937802265625 0.5356782875 0.49146683593749996 0.52813835 0.4958365734375 0.526767453125 0.49917813593749993 0.5253965546875 0.504061959375 0.5332792171875 0.5135725625 0.5439036749999999 0.5164000390625 0.5538426828125 0.5143436921875 0.5648098640625 0.5094598687499999
0 0.507574884375 0.5349071578125 0.5051758140625 0.5446748046875001 0.518884790625 0.552643146875 0.5353355640624999 0.5521290609375 0.5582981 0.5469881937500001 0.56960800625 0.53927689375 0.5723498015625 0.5323367250000001 0.5692652828125 0.5292522046875 0.5658380375000001 0.5233402078125 0.5596689984375 0.5215409046875 0.5534999578125 0.5220549921875001 0.5456172968749999 0.5235972515625 0.537734634375 0.526938815625 0.53225104375 0.5271958578125 0.5240256578125 0.5277099453125 0.507574884375 0.5349071578125
0 0.5730352515625 0.53207968125 0.571664353125 0.5387628078125 0.5785188421874999 0.5361923749999999 0.5822888109375 0.534136028125 0.583316984375 0.5295092484375 0.5891433 0.5241113375 0.593941440625 0.519227515625 0.5959977875 0.51280143125 0.5935987171875 0.5071464796875 0.5901714734375 0.5012344828125 0.58468788125 0.49917813593749993 0.57783339375 0.499692221875 0.5709789046875 0.504319003125 0.5651525890625 0.5120303015625 0.558640825 0.5202556890625 0.5630962421875 0.522312034375 0.5675516609375 0.5235972515625 0.5730352515625 0.53207968125
0 0.5610398953125 0.5521290609375 0.55898355 0.55084384375 0.5555563046875001 0.5567558406249999 0.553157234375 0.5598403609375 0.5445891234375 0.5582981 0.5391055328125 0.557012884375 0.541847328125 0.564210096875 0.5387628078125 0.5703791375 0.5370491859375 0.5770622624999999 0.5421900515625 0.5824601734375 0.5555563046875001 0.586829909375 0.5672089359375 0.5798897390625 0.5689225578125 0.5750059171874999 0.5644671406249999 0.56986505 0.5648098640625 0.5670375734374999 0.57029345625 0.56960800625 0.5713216296875 0.5626678375 0.5672089359375 0.5582981 0.5610398953125 0.5521290609375
0 0.5534999578125 0.6043088562500001 0.5651525890625 0.6066222453125001 0.5672089359375 0.6050799859375 0.571664353125 0.6012243359375 0.57783339375 0.5991679890625 0.5822888109375 0.5971116421875 0.5946268906250001 0.590428515625 0.602166828125 0.586829909375 0.605936796875 0.5847735625 0.60765041875 0.5806608703125 0.6055940718749999 0.5747488734374999 0.602166828125 0.572178440625 0.590514196875 0.571664353125 0.5764624953124999 0.5770622624999999 0.5685798328125 0.5814320000000001 0.5613826203125 0.58451651875 0.5504154390625 0.594798253125 0.5534999578125 0.6043088562500001
0 0.5273958624999999 0.92606806875 0.5302607296875 0.9194267875 0.5289585171875 0.9133715015625 0.52635409375 0.9090742015625001 0.5211452453125001 0.9063395562500001 0.5078626828125 0.900674934375 0.49353835 0.896572965625 0.48442286562500003 0.8969636296875001 0.47660959375 0.900674934375 0.4734842859375 0.905167565625 0.47244251562499995 0.912004178125 0.47791180625 0.91981745 0.48494375156249997 0.923138090625 0.49848675625 0.9268493953125001 0.5060395859375 0.9280213859374999 0.5151550703125001 0.92860738125 0.5273958624999999 0.92606806875
0 0.5289585171875 0.954195846875 0.5349486921875 0.9467732390625001 0.5336464796875 0.940717953125 0.530521171875 0.93700665 0.5247914390624999 0.9344673359375 0.5198430328125 0.9334906765625 0.5141133 0.9334906765625 0.50577914375 0.9313420265625 0.49796587187499997 0.93075603125 0.48832950156250005 0.9336860078125 0.48233932656249995 0.9389599671875001 0.47973490312499995 0.9473592343749999 0.48572507812500004 0.9543911796875 0.4982263140625 0.9565398296875 0.5052582578125 0.954977175 0.5143737421875 0.955953834375 0.521926571875 0.9561491656250001 0.5289585171875 0.954195846875
0 0.46723366874999994 0.9223567640624999 0.457857740625 0.924896078125 0.4516071234375 0.9268493953125001 0.448481815625 0.92391941875 0.44379385156250006 0.92391941875 0.43389704062499995 0.92391941875 0.4331157140625 0.924896078125 0.43858500312500004 0.9323186859374999 0.444835621875 0.9416946125000001 0.4560346453125 0.9487265578124999 0.46879632187500003 0.948531225 0.4776513640625 0.9457965796875 0.48103711562499996 0.93974129375 0.482078884375 0.9303653687500001 0.48233932656249995 0.9274353906249999 0.47791180625 0.9237240874999999 0.46723366874999994 0.9223567640624999
0 0.4799953453125 0.97060371875 0.4859855203125 0.9735336953125 0.49249658125 0.9731430328125 0.4969241015625 0.9725570375 0.500309853125 0.9700177234374999 0.5029142765625 0.9653297609375 0.5016120640625 0.962985778125 0.49744498593750003 0.960641796875 0.49301746562500004 0.9608371281249999 0.4854646359375 0.9602511328125001 0.4776513640625 0.9622044515624999 0.4703589765625 0.9620091203125 0.4740051703125 0.9653297609375 0.4799953453125 0.97060371875
0 0.46462924375 0.9866209265625001 0.47192163125000003 0.98818358125 0.4794744609375 0.9874022531250001 0.48832950156250005 0.989160240625 0.497705428125 0.994043534375 0.5052582578125 0.995801521875 0.5089044515625 0.9965828484375001 0.5096857796875 0.994043534375 0.50317471875 0.9874022531250001 0.49301746562500004 0.9790029859375 0.4854646359375 0.9745103546875 0.475567825 0.9719710421875 0.466973225 0.9707990499999999 0.460462165625 0.9715803781250001 0.45811818437499996 0.975877678125 0.45863906875 0.982518959375 0.46462924375 0.9866209265625001
0 0.5065604703125001 0.982909621875 0.5130715296874999 0.9766590046875001 0.5198430328125 0.9752916812500001 0.5253123234375 0.9690410640625 0.5289585171875 0.9635717734375 0.52843763125 0.960446465625 0.5247914390624999 0.9600558015624999 0.5177594937500001 0.9618137875 0.507602240625 0.9645484328125 0.500309853125 0.9702130546875001 0.4964032171875 0.9768543359375 0.4969241015625 0.982518959375 0.5000494109375 0.9854489359375 0.5065604703125001 0.982909621875