0 0.10248180468750001 0.5386609421874999 0.1000845109375 0.5394123875 0.0976872109375 0.5416667187499999 0.09585398125 0.5454239296875001 0.09585398125 0.55218691875 0.0952899109375 0.556131996875 0.093738725 0.5612042374999999 0.09557194531249999 0.5681550875 0.09853331875 0.5694701109375 0.09937941875 0.56477359375 0.10135366875 0.558386328125 0.10262282656249999 0.55218691875 0.1030458765625 0.5426060203125 0.1033279125 0.5396002484375 0.10248180468750001 0.5386609421874999
0 0.1184167875 0.560452796875 0.1198269578125 0.557259159375 0.1198269578125 0.5550048328125 0.1186988140625 0.549181146875 0.1174296578125 0.5448603515625 0.11686559375000001 0.54147885625 0.1160194859375 0.5386609421874999 0.11432727812500001 0.53715805625 0.11207099218750001 0.5362187546875 0.1082635203125 0.5373459171875 0.10558419062499999 0.539788109375 0.1040329984375 0.5442967671875001 0.10487910468749999 0.548053984375 0.10558419062499999 0.5550048328125 0.10939166250000001 0.560640659375 0.11418625625 0.561767821875 0.1184167875 0.560452796875
0 0.119967971875 0.5574470203125 0.12194222343750001 0.55782274375 0.12448053750000002 0.5568834421875 0.12645478125 0.5555684125 0.12673681718750002 0.55444125 0.1265957953125 0.550496171875 0.1274419015625 0.5463632375 0.1284290234375 0.543357465625 0.1271598671875 0.539788109375 0.12448053750000002 0.5375337796874999 0.119967971875 0.5379095015625001 0.1174296578125 0.542230296875 0.11813475 0.5474904 0.11898085 0.5519990625 0.12010899374999999 0.55538055625 0.119967971875 0.5574470203125
0 0.099097390625 0.568718665625 0.1014946828125 0.5722880265625 0.10502011874999999 0.5741666296875 0.1088275921875 0.5722880265625 0.11136590625000001 0.5705972796875 0.11178896406250001 0.5674036421875 0.1131991359375 0.56345856875 0.10939166250000001 0.5597013515625 0.1064302984375 0.5557562734375 0.10572520468749999 0.5525626406249999 0.10340061250000002 0.5459275921875 0.1033279125 0.5518112000000001 0.1020587546875 0.5563198578125 0.0996614546875 0.5625192625000001 0.099097390625 0.568718665625
0 0.5169890234375 0.5287867375 0.5184075531250001 0.5298665875 0.5223591562500001 0.529731603125 0.52539885 0.5274369296875 0.5266147328125 0.52338750625 0.5262094375 0.5212278109375 0.524081653125 0.5158285796875 0.5222578359375001 0.5106993078125 0.5207379859375 0.5065149015625 0.5187115203125 0.5031403812499999 0.516077115625 0.5024654796875 0.5133413890625 0.5027354374999999 0.5121255125 0.504085246875 0.51030169375 0.5070548265625 0.5095924328125 0.5105643265625 0.5107069890625 0.5154236359375 0.5131387421875 0.5189331375 0.5151652062500001 0.5227126 0.516077115625 0.5260871234375 0.5169890234375 0.5287867375
0 0.502094515625 0.518393215625 0.5010812796875 0.5206878890625 0.5012839265625 0.5224426390625 0.5035130390625 0.52595214375 0.50533685625 0.5271669703125 0.506654059375 0.53013655 0.50878184375 0.5335110703125 0.510808309375 0.534725896875 0.513442715625 0.5339160093750001 0.51587446875 0.5320262796875 0.5165837359375 0.5293266625 0.516178440625 0.5251422546875 0.5146585921875 0.5217677359375 0.5124294796875 0.517583328125 0.5096218343750001 0.5139360640625 0.5078699359375001 0.514073828125 0.5065527390625 0.5152886546875 0.502094515625 0.518393215625
0 0.9154857156249999 0.5157185109375 0.9156922937499999 0.5115905265625 0.9154857156249999 0.5080129359375001 0.91424625 0.50471054375 0.913006778125 0.50278415 0.9118705984375 0.5000321578125 0.90980481875 0.4972801640625 0.9076357515625 0.4970049671875 0.90577655 0.4989313609375 0.90267788125 0.5031969468749999 0.9028844609375 0.5093889296875 0.9055699703125001 0.5118657265625 0.9088752171875001 0.512691321875 0.9125936203125 0.515443315625 0.9141429578125001 0.5165441109375 0.9154857156249999 0.5157185109375
0 0.8941048953124999 0.515168115625 0.895447653125 0.5202593015625 0.8994759218749999 0.5238368906249999 0.9036074828125 0.5263136828125 0.907532465625 0.5290656765625 0.9094949531250001 0.5290656765625 0.913006778125 0.5260384828125 0.91424625 0.5234240906250001 0.914556115625 0.5205345015625 0.9144528281250001 0.5170945078125 0.9129034921875 0.5158561109375001 0.9090817953125001 0.51406731875 0.9073258859375001 0.512553721875 0.9037107687500001 0.5107649249999999 0.9025745890625 0.5091137328124999 0.9022224640625 0.50705450625 0.8988561859375 0.506224140625 0.8951377828125 0.5091137328124999 0.8943114734375 0.5118657265625 0.8941048953124999 0.515168115625
0 0.8850154640625 0.5238368906249999 0.8818135046875 0.5253504875 0.88109048125 0.5270016796875 0.881916790625 0.5314048687499999 0.88460230625 0.533881665625 0.884912171875 0.5364960546875001 0.884912171875 0.5395232484375 0.8855319078124999 0.5440640296875 0.888630575 0.5470912234374999 0.8911095140624999 0.545027234375 0.8937950234375001 0.540348840625 0.8949312031250001 0.5348448625 0.8943114734375 0.53154246875 0.8923489796874999 0.5283776765625 0.8909029343749999 0.5259008828125 0.8880108453125001 0.5253504875 0.8850154640625 0.5238368906249999
0 0.89420818125 0.51337931875 0.8941048953124999 0.5095265296875 0.8928654234375 0.5092513328125 0.8900766203125 0.5093889296875 0.88811413125 0.5103521296875 0.8859450656250001 0.512278521875 0.8852220375 0.5159937109375 0.887907553125 0.5202593015625 0.890386490625 0.5212224984375 0.8943228453125001 0.5213048015624999 0.895241075 0.5187457046875 0.89420818125 0.5162689109375 0.89420818125 0.51337931875
0 0.9055699703125001 0.49631696875 0.9029877468749999 0.493427375 0.89823645625 0.4909505828125 0.8950344953125 0.49067538437499997 0.891935821875 0.49136338281249997 0.88966346875 0.49452817343750005 0.88966346875 0.4989313609375 0.8916259562500001 0.49989455781250003 0.8941048953124999 0.49975695781249996 0.897513428125 0.4972801640625 0.9006121015625 0.49948175937499995 0.9025942125 0.5017261359375 0.9046403703125 0.5011329546875001 0.90618970625 0.499619359375 0.9055699703125001 0.49631696875