0 0.5572983578125 0.170870871875 0.5603082781250001 0.1651404453125 0.5593821484375 0.1611465125 0.5554460984375 0.1564579828125 0.5505839203125 0.1535059453125 0.549194725 0.14812281875 0.5478055312500001 0.1432606390625 0.5429433515625 0.138398459375 0.5380811734375001 0.137182915625 0.53206133125 0.139961303125 0.5290514109375 0.15246405000000002 0.53206133125 0.16062556562500002 0.5348397203124999 0.1632303046875 0.5487316609375 0.17156546875 0.5572983578125 0.170870871875
0 0.5188639890625 0.15680528124999998 0.5160856 0.1601046171875 0.5116864859375 0.1639249015625 0.5137702765625 0.16566139375 0.5170117296875001 0.1680924828125 0.5204847140625 0.1712181703125 0.52534689375 0.17173911875 0.52812528125 0.1691343796875 0.5306721375000001 0.1642722 0.529977540625 0.1594100203125 0.5302090734375 0.1580208265625 0.5244207640625 0.154547840625 0.5188639890625 0.15680528124999998
0 0.5665596515625 0.1944871703125 0.569569571875 0.1889303953125 0.5700326359375001 0.1845891625 0.5686434421875 0.182505371875 0.56239206875 0.18128982656249998 0.5540569046875 0.181637125 0.5459532734375 0.18285267031250002 0.5468794015625 0.1871939015625 0.5519731140624999 0.192924328125 0.56077134375 0.195702715625 0.563086665625 0.195702715625 0.5665596515625 0.1944871703125
0 0.521873909375 0.1864993046875 0.5216423765625 0.1906668875 0.5237261671875 0.1946608203125 0.52812528125 0.20021759687500001 0.5309036703125 0.204558828125 0.5322928640625 0.2082054625 0.537849640625 0.2128939921875 0.5487316609375 0.216193328125 0.5566037609375 0.21532508125 0.5619290046875001 0.2116784484375 0.5660965874999999 0.204558828125 0.5665596515625 0.2012594921875 0.5640127953125 0.19796015625000002 0.5600767453125 0.19552906718750002 0.55289924375 0.193445275 0.5429433515625 0.1903195890625 0.5318298 0.185457409375 0.5244207640625 0.1845891625 0.521873909375 0.1864993046875
0 0.4991837390625 0.17000262500000002 0.49802607656250003 0.173649259375 0.4991837390625 0.1785114390625 0.5026567234375 0.18319996875 0.5070558390625 0.186846603125 0.5107603562499999 0.1915351328125 0.5158540671875 0.19188243124999999 0.523263103125 0.19413987187499998 0.520716246875 0.18910404375 0.523263103125 0.1842418640625 0.5318298 0.1852837609375 0.5362289140625001 0.18702025312499998 0.5318298 0.181116178125 0.52812528125 0.1778168421875 0.521873909375 0.1753857515625 0.5133072125 0.17226006562500001 0.5058981765625 0.170870871875 0.4991837390625 0.17000262500000002
0 0.581267909375 0.55790604375 0.58476704375 0.5565166828125 0.5862078640624999 0.5542010796875 0.5903244921875 0.5515767281249999 0.5905303234375 0.5480261375000001 0.589295334375 0.5440124234375 0.58517870625 0.5413880734375 0.5816795734375 0.539535590625 0.580238753125 0.5359849984375 0.57715128125 0.5322800328125 0.572417159375 0.5276488265625 0.5674772046875 0.52517885 0.5621255890625 0.5244069812500001 0.5580089609375001 0.5256419703125 0.55265734375 0.5278031999999999 0.549364040625 0.530581925 0.549775703125 0.5344412640625 0.5528631749999999 0.5421599421875001 0.5606847687500001 0.5474086421875 0.565007228125 0.550341740625 0.5746813046875 0.5571341765625 0.581267909375 0.55790604375
0 0.5508048609375 0.5290381890625 0.5551273203125 0.526876959375 0.56109643125 0.52517885 0.5633605765625 0.5236351140625 0.5596556109375 0.5199301484375 0.549981534375 0.514835821875 0.534132515625 0.507425890625 0.5289867312500001 0.5064996500000001 0.522400125 0.5066540234375 0.5154018578125 0.5092783734374999 0.5112852296875 0.51514456875 0.5112852296875 0.5219370046875 0.5201359796875 0.5282663203125 0.532897528125 0.534904384375 0.54504158125 0.5399987109375 0.5512165234374999 0.540307459375 0.549775703125 0.5372199875 0.549158209375 0.5327431546875 0.5508048609375 0.5290381890625
0 0.5462765703125 0.5424686890625 0.53742581875 0.5426230624999999 0.532897528125 0.5440124234375 0.52981005625 0.54864363125 0.5300158875000001 0.551885475 0.5320742015625 0.5537379578125 0.533926684375 0.55806041875 0.53763165 0.5588322859375 0.5448357500000001 0.5577516703125001 0.5518340171875 0.551885475 0.5528631749999999 0.5467911484375 0.5510106921875 0.5447842921875 0.5462765703125 0.5424686890625
0 0.56912385625 0.562382878125 0.5740638109375 0.5622285046875 0.576122125 0.559604153125 0.5732404843750001 0.5582147921875 0.565007228125 0.5540467062500001 0.55986144375 0.5506504875 0.5543039953125 0.5511136078125001 0.5512165234374999 0.5528117171875 0.5510106921875 0.5554360671875 0.5501873671874999 0.5568254296874999 0.5481290515625 0.5588322859375 0.5470998953125 0.56469848125 0.548746546875 0.5662422171875 0.5588322859375 0.56469848125 0.5625372515625 0.56330911875 0.56912385625 0.562382878125
0 0.5201359796875 0.548334884375 0.5193126546875 0.551885475 0.5211651374999999 0.554972946875 0.52054764375 0.5588322859375 0.5193126546875 0.564389734375 0.5226059578125 0.5651616015625 0.532897528125 0.5648528546875 0.5372199875 0.5657790953124999 0.5396899640624999 0.5665509640625 0.5384549765625 0.562691625 0.536808325 0.5605303953125 0.5343383484374999 0.55667105625 0.5316625390625 0.5540467062500001 0.5291925625 0.5481805109375 0.5283692359375001 0.5461736546875 0.524870103125 0.5461736546875 0.5201359796875 0.548334884375
0 0.5279575734375 0.5437036765625 0.5277517421875 0.5390724703124999 0.526105090625 0.5350587578125 0.5221942937499999 0.5318169125 0.518077665625 0.5299644296875 0.5141668687500001 0.528883815625 0.50552195 0.5291925625 0.5005819953125 0.5307362984374999 0.4964653671875 0.5293469359375 0.49625953593750005 0.534904384375 0.49317206562499993 0.5379918546875 0.4921429078125 0.5421599421875001 0.4923487390625 0.5470998953125 0.494818715625 0.5506504875 0.501199490625 0.5546642 0.5075802640625 0.55528169375 0.5141668687500001 0.5521942234375 0.518077665625 0.548952378125 0.5211651374999999 0.5481805109375 0.5252817656250001 0.5457105328125 0.5279575734375 0.5437036765625
0 0.5121085546875 0.5747327624999999 0.5119027234375 0.581370825 0.5149901953125 0.5872370203124999 0.522400125 0.5886263828125 0.525899259375 0.5881632625 0.529604225 0.5869282734375 0.5359849984375 0.587854515625 0.5503931984375 0.5881632625 0.5608906 0.5852301640625 0.565624721875 0.5816795734375 0.56788886875 0.5773571125 0.5672713734375 0.5751958828125 0.5666538796875 0.5717996640624999 0.564389734375 0.5688665671875001 0.55986144375 0.56608784375 0.55224568125 0.565624721875 0.54545324375 0.56732283125 0.53660249375 0.5671684578125 0.5279575734375 0.5665509640625 0.5184893296875 0.5685578203125 0.5141668687500001 0.5708734234375 0.5121085546875 0.5747327624999999
0 0.47608805781249997 0.5497242453125 0.47567639531249994 0.552348596875 0.47670555156249994 0.5602216484375 0.477117215625 0.567940325 0.48102801093750003 0.573652146875 0.49070208906249996 0.581062078125 0.502022815625 0.583840803125 0.5119027234375 0.5827601875 0.51252021875 0.5809077046875 0.5116968921875 0.5748871359375001 0.5139610375 0.5696384343750001 0.516636846875 0.567940325 0.5038752984375 0.5586779125 0.49728869375 0.5528117171875 0.4874087859375 0.5484892578125 0.485144640625 0.5472542687499999 0.4808221796875 0.5470998953125 0.47608805781249997 0.5497242453125
0 0.5643112390625 0.8788032359375 0.5702810328125001 0.8779326421875 0.576250825 0.8728334437499999 0.576416653125 0.8674855046875001 0.575255859375 0.8638787546875 0.570778515625 0.8610182296875 0.5618238265625 0.8577845906249999 0.5555223781249999 0.8576602203125001 0.5533666203125 0.8560434015625 0.5455727234375 0.8557946609375 0.534628103125 0.856540884375 0.527000034375 0.8590282984375 0.524512621875 0.8643762374999999 0.5256734140625 0.8679829874999999 0.5304824140625 0.872584703125 0.5382763109375001 0.8745746328124999 0.5492209296875 0.87357966875 0.5530349640625001 0.8761914515625 0.55734648125 0.8778082703125 0.5643112390625 0.8788032359375
0 0.5482259640625 0.8841511750000001 0.5570148265625 0.8873848140625 0.560331378125 0.8896234859375 0.5618238265625 0.8912403046874999 0.5641454125 0.891115934375 0.5664669984375 0.8888772625 0.5684569296875 0.88614110625 0.574095065625 0.8825343562500001 0.575255859375 0.8810419093749999 0.5727684453124999 0.88042005625 0.5692860671875 0.8779326421875 0.55817561875 0.8788032359375 0.55170834375 0.8753208578124999 0.5495525859375 0.8744502625000001 0.5480601375 0.8774351593749999 0.547065171875 0.8802956843749999 0.545904378125 0.8831562109375 0.5482259640625 0.8841511750000001
0 0.52036693125 0.8744502625000001 0.5145629671874999 0.8765645640624999 0.514894621875 0.8807931671875 0.51953779375 0.8873848140625 0.5271658625 0.8942252015625 0.537447171875 0.89982188125 0.547065171875 0.9026824078125 0.5528691359375 0.904050484375 0.55734648125 0.9025580375000001 0.563150446875 0.899573140625 0.5646428953125 0.8960907609375001 0.5626529640625 0.89335460625 0.5608288609375001 0.8906184515625 0.5548590671875 0.8870117015625001 0.5493867578125 0.8848974000000001 0.5439144484375 0.8824099859375 0.535457240625 0.8768133062500001 0.527995 0.8743258921875 0.525341759375 0.8737040390624999 0.52036693125 0.8744502625000001