0 0.547839465625 0.0430654546875 0.5519409375000001 0.038011856249999997 0.547546503125 0.036693525 0.531726540625 0.033617421875 0.5252813703125 0.0351554734375 0.5185432375000001 0.038231578125 0.52000805 0.046141559375 0.52674618125 0.050755715624999996 0.5334843140625 0.04965710625 0.5452028046875 0.047459889062499996 0.547839465625 0.0430654546875
0 0.531726540625 0.079099815625 0.5372928234375001 0.08305480625 0.548132428125 0.082835084375 0.5536987109375 0.0766828765625 0.5633664671874999 0.0667954 0.5660031265625001 0.0610826359375 0.568346825 0.0573473671875 0.5636594296874999 0.052513489062499995 0.56043684375 0.048778220312499995 0.5586790703125 0.046581003125 0.5536987109375 0.04548239375 0.5457887296874999 0.048338776562500005 0.5390505984375 0.05383181875 0.534949125 0.056907923437499994 0.5264532187500001 0.0652573484375 0.5229376718750001 0.07294760781250001 0.5252813703125 0.0771223203125 0.531726540625 0.079099815625
0 0.515027690625 0.036034360937499996 0.51034029375 0.041527403125 0.5074106703125 0.04504295 0.4997936515625 0.0476796109375 0.49481329374999994 0.0518543234375 0.49627810468750005 0.0575670875 0.498328840625 0.0643784609375 0.4965710671875 0.074485659375 0.5000866140625 0.0742659375 0.50213735 0.0643784609375 0.5047740109375 0.058885418749999995 0.51063325625 0.052513489062499995 0.513855840625 0.0478993328125 0.5188362 0.038671021875 0.522644709375 0.03295825625 0.5203010109374999 0.033177978125 0.515027690625 0.036034360937499996
0 0.515613615625 0.0815167546875 0.50975436875 0.0819561984375 0.5024303125 0.083274528125 0.49510625468749997 0.0863506328125 0.48661034843750006 0.09228311875 0.47635666875 0.103488925 0.47079038593750006 0.11447501093750001 0.472841121875 0.11403556875000001 0.486024425 0.10898196874999999 0.498328840625 0.10458753437499999 0.5126839921874999 0.09294228437499999 0.5170784265624999 0.0859111890625 0.5176643515625 0.0826153625 0.515613615625 0.0815167546875
0 0.530847653125 0.1127172375 0.5411013328125 0.10986085625 0.5460816921875 0.10173115156250001 0.547839465625 0.096897275 0.5440309562500001 0.0951395 0.5369998609375 0.0896464578125 0.5314335781249999 0.08569146718750001 0.5258672953125 0.0859111890625 0.519422125 0.0876689625 0.50975436875 0.0942606140625 0.5082895578125 0.099533934375 0.50975436875 0.10612558593750002 0.5123910296874999 0.1100805765625 0.52000805 0.11491445468749999 0.530847653125 0.1127172375
0 0.489247009375 0.11821028125 0.48836812343749997 0.1272188703125 0.49393440625 0.13205274843749998 0.5003795765625 0.1351288515625 0.5050669734375 0.1368866265625 0.506531784375 0.13952328593750002 0.5123910296874999 0.132931634375 0.519422125 0.125900540625 0.5208869359375 0.11930888906249999 0.5191291625 0.11403556875000001 0.5129769546875 0.11095946406249999 0.51034029375 0.1094214125 0.5024303125 0.1105200203125 0.49627810468750005 0.11095946406249999 0.49159070781249997 0.11293695937499999 0.489247009375 0.11821028125
0 0.5132699171875 0.1575404671875 0.5252813703125 0.1527065890625 0.5334843140625 0.1441374421875 0.5375857859375001 0.1406218953125 0.5425661453124999 0.1362274609375 0.54344503125 0.1318330265625 0.54432391875 0.1276583140625 0.540515409375 0.12480193125000001 0.5369998609375 0.1226047140625 0.5328983890625001 0.12128638437499999 0.5214728609375 0.1243624890625 0.5170784265624999 0.12897664375 0.5118051046875001 0.1351288515625 0.5079965953125 0.137545790625 0.506824746875 0.1397430078125 0.5027232749999999 0.13842467812499998 0.49950068906249995 0.1351288515625 0.49334848124999997 0.14128106093749998 0.4956921796875 0.14919104218749998 0.505652896875 0.15556297187499998 0.5132699171875 0.1575404671875
0 0.5499990359375 0.51261060625 0.556427815625 0.5119761859375 0.5630257734375 0.50956539375 0.56556345 0.5049975765625 0.5648867359375 0.5011910625 0.562010703125 0.4968770125 0.5555819234375 0.493324265625 0.5427243640625 0.48774137812499996 0.535111334375 0.48621877187500007 0.5296976250000001 0.4872338421875 0.52377638125 0.489010215625 0.52073116875 0.4943393359375 0.5215770609375 0.497638315625 0.52377638125 0.5016985968750001 0.5281750203125 0.5047438093750001 0.53680311875 0.5070277171875001 0.540355865625 0.509438509375 0.5442469703125 0.511849303125 0.5499990359375 0.51261060625
0 0.5043208625 0.52161935625 0.5066893609374999 0.526440940625 0.5112571781249999 0.5293592687500001 0.5175167796875 0.53151629375 0.5198852765625 0.532277596875 0.5234380234375 0.5348152734375 0.5317277671875 0.5374798328125 0.53866408125 0.537226065625 0.5445853265625 0.5346883890624999 0.5456003968750001 0.53151629375 0.5444161484375 0.5291055015625 0.53984833125 0.5241570328125 0.5361264046875001 0.5221268921875 0.5286825546875 0.517939725 0.5165017093750001 0.514386978125 0.5097345718749999 0.5145138625000001 0.5053359328125 0.5170515390625 0.5043208625 0.52161935625
0 0.5227613109375 0.5008104109375 0.522084596875 0.5009372937500001 0.5171784234375 0.5039825062500001 0.5143023890625 0.5043631578125 0.5154866390625 0.5077890203125001 0.5159941734375 0.5105804640625 0.5159941734375 0.5140063265625 0.520561990625 0.51514828125 0.5264832359375 0.5170515390625 0.5283441984375 0.5166708875 0.53308119375 0.5140063265625 0.5352805140625 0.511088 0.535111334375 0.5065201828125 0.5337579078125 0.50613953125 0.5283441984375 0.50525134375 0.5227613109375 0.5008104109375
0 0.579835134375 0.8554553968749999 0.5803646640625 0.84896865625 0.5764814453125 0.8453943296875 0.5715391671875001 0.8443352703125001 0.56624386875 0.8447324187499999 0.56236065 0.8456590953124999 0.5547707234375 0.849365803125 0.547180796875 0.8549258671875 0.5427680484375 0.86075069375 0.5431210671875 0.8649869328124999 0.548416365625 0.871076525 0.5565358234375 0.8709441437500001 0.5653613187500001 0.86829649375 0.5687150078125 0.8630011953125001 0.573304265625 0.8628688140625 0.5764814453125 0.8604859296875 0.579835134375 0.8554553968749999
0 0.5755988953125 0.88338809375 0.575245875 0.8911986578125 0.5759519156249999 0.8931843953125 0.5794821140625 0.8931843953125 0.584071371875 0.8918605703125 0.5921908296875 0.8873595671875 0.6004867968750001 0.8806080625 0.6071941734374999 0.8717384375 0.60842974375 0.8655164624999999 0.6064881343749999 0.8635307265625001 0.6048995453125 0.863795490625 0.6022518953125 0.8632659609375001 0.6031344453124999 0.861677371875 0.602781425 0.8591621046875 0.6010163265624999 0.8579706625 0.5967800875 0.8567792203125 0.5913082796875 0.8577058984375 0.5842478828125001 0.861015459375 0.5801881546875001 0.866178375 0.574186815625 0.871076525 0.5694210484375 0.8757099109375 0.5717156765625 0.8774308828124999 0.5736572859375 0.8791518546875 0.5755988953125 0.88338809375
0 0.55335864375 0.9105264953125 0.5598895109375001 0.9129093796875001 0.56589085 0.9117179375 0.5701270875 0.9094674359375 0.573304265625 0.9024511671875001 0.5759519156249999 0.8877567140625 0.5745398359375 0.881269975 0.5727747359375 0.87782803125 0.5694210484375 0.8757099109375 0.565184809375 0.8741213218749999 0.5597130015625 0.8742537046875001 0.5549472328125 0.8755775296874999 0.5515935453125 0.8791518546875 0.5501814656249999 0.883123328125 0.5508875046874999 0.8865652718750001 0.55247609375 0.8905367453125 0.552123075 0.8974206328125 0.550534484375 0.9015244890625 0.551240525 0.9066874046875 0.55335864375 0.9105264953125
0 0.54559220625 0.883123328125 0.5440036171875 0.8821966515625 0.5401203984375 0.8819318859375 0.5348251 0.8825937984375001 0.5312949015624999 0.8819318859375 0.529529803125 0.88140235625 0.529529803125 0.8837852406250001 0.5323539609375 0.890007215625 0.534648590625 0.8949053671874999 0.5390613390625 0.898876840625 0.5425915375 0.9000682828125001 0.54735730625 0.8976853984375 0.551417034375 0.89093389375 0.550534484375 0.887889096875 0.5487693859375 0.8853738296874999 0.54559220625 0.883123328125
0 0.53182443125 0.9000682828125001 0.53182443125 0.9019216359375 0.5320009421874999 0.9054959625000001 0.5272351734375 0.9068197874999999 0.5339425515625 0.9142332046874999 0.5420620078125 0.9183370609375 0.5468277765625 0.9192637375 0.5545942140625 0.9166160890624999 0.556182803125 0.9144979687499999 0.556182803125 0.9122474671875 0.5549472328125 0.9118503203125 0.5519465640625 0.90827599375 0.5501814656249999 0.907216934375 0.546651265625 0.9045692859375001 0.5436505984375 0.9015244890625 0.5381787890624999 0.897553015625 0.5311183921875 0.8933167765625001 0.529529803125 0.8938463062500001 0.5311183921875 0.8959644265625 0.53182443125 0.9000682828125001