0 0.06710939375 0.49939572656250003 0.0700626515625 0.49939572656250003 0.0724443109375 0.49711131093749994 0.07206324374999999 0.4939385109375 0.07044371875 0.4907657078125 0.06768099375 0.4882274671875 0.066251996875 0.4834048109375 0.0644419375 0.48188186718750003 0.062631875 0.4827702515625 0.0600596828125 0.484166284375 0.059488082812499996 0.4865776125 0.0595833515625 0.488988940625 0.060339032812500006 0.4935004671875 0.0620602796875 0.49533454062500004 0.0639656015625 0.49787278125 0.06710939375 0.49939572656250003
0 0.05300997187499999 0.48568922968750006 0.0499614484375 0.48810055781250006 0.04919931875 0.4930501234375 0.05015198125 0.49533454062500004 0.0526289046875 0.49812660624999994 0.05482003437500001 0.50104558125 0.056344296875 0.50104558125 0.058725954687500005 0.50129940625 0.0609170796875 0.5011724937500001 0.0625366109375 0.500157196875 0.0638703375 0.49939572656250003 0.063203475 0.49825351875 0.062631875 0.4960960140625 0.0609170796875 0.4936846859375 0.059739006250000004 0.49007174062500003 0.0578685578125 0.48670452500000005 0.0568206265625 0.48594305000000004 0.05300997187499999 0.48568922968750006
0 0.0592022859375 0.5044722046875 0.0573922265625 0.5018070546875 0.0527241734375 0.5009186718749999 0.049389851562499996 0.49914190156249993 0.0463413265625 0.5011724937500001 0.041578009375 0.504218384375 0.04119694375 0.5076450078125 0.0438644015625 0.5090410375000001 0.047008190625 0.5085333921874999 0.0510093796875 0.5084064796875001 0.0561537625 0.5077719203125 0.05882121875 0.5070104468750001 0.0592022859375 0.5044722046875
0 0.0451981296875 0.523509009375 0.047484523437499995 0.5238897437500001 0.04891351875 0.52122459375 0.050628312499999995 0.521097684375 0.0521525734375 0.5189401765625 0.0543436984375 0.520336209375 0.0578685578125 0.5191940015625 0.0601549515625 0.5164019359375 0.061965010937499995 0.5134829609375 0.062250807812499996 0.5110716328125 0.061393410937500004 0.5090410375000001 0.058725954687500005 0.5078988296875 0.054438968750000004 0.508914128125 0.053486301562500005 0.508914128125 0.050342515624999994 0.5094217750000001 0.0463413265625 0.5111985453125001 0.04491233125 0.51449825625 0.04395966875 0.5189401765625 0.0451981296875 0.523509009375
0 0.054438968750000004 0.530864990625 0.05729695781250001 0.5309919062499999 0.0603454796875 0.5304842562500001 0.061869746875 0.5292151390625001 0.061869746875 0.52705763125 0.061679212500000004 0.5254077734375 0.061012348437499996 0.524138653125 0.059488082812499996 0.5228695359375 0.0583448875 0.52198115 0.056249026562500005 0.5224888 0.05453423281250001 0.5212196796875 0.05159578124999999 0.5204731140625001 0.050533048437500006 0.5228695359375 0.050342515624999994 0.5278191062500001 0.05177150781249999 0.53073808125 0.054438968750000004 0.530864990625
0 0.0699673828125 0.5262961609375 0.0705389828125 0.524900128125 0.0705389828125 0.5223618875 0.0706342515625 0.5204582078125 0.0693957875 0.5179199671875 0.06663306249999999 0.516016284375 0.06482299999999999 0.5148740765625 0.0629176765625 0.5144933421875 0.061393410937500004 0.5141126046875 0.0601549515625 0.5177930546875 0.057487490625000005 0.5207120296875 0.06158394375 0.524900128125 0.06453720156250001 0.52731145625 0.0683478578125 0.52693071875 0.0699673828125 0.5262961609375
0 0.39724144375 0.509733796875 0.39505525 0.5111899984375 0.3921963859375 0.5136543375 0.3904306171875 0.519591159375 0.39152370937500003 0.5249678984374999 0.395643840625 0.531800840625 0.40043664687499997 0.53482525625 0.404472690625 0.5356093640624999 0.40733155468750004 0.5354973515625 0.40884507187499997 0.5330330109375 0.40867690312500005 0.5310167328125 0.40766789374999995 0.5310167328125 0.4047249421875 0.530232625 0.4032955109375 0.528328365625 0.402538753125 0.524071775 0.4019501640625 0.519927203125 0.4019501640625 0.5169027859375 0.4018831921875 0.51163513125 0.40136157499999997 0.51006984375 0.3999321390625 0.509509765625 0.39724144375 0.509733796875
0 0.4031273421875 0.5267601453124999 0.4047249421875 0.5295605296875 0.40741564218750004 0.53034464375 0.4108630953125 0.53034464375 0.413301540625 0.5287764234375001 0.41489913906250003 0.524407821875 0.4147309703125 0.520375265625 0.4138901296875 0.5155586015625 0.41380604375 0.51387836875 0.4135537921875 0.5127582140625 0.4106108453125 0.5133182921875 0.40800423124999996 0.5130942609375 0.4053976171875 0.5113020140625 0.4032955109375 0.509509765625 0.401613825 0.51242216875 0.402370584375 0.5184710031249999 0.402875090625 0.522503559375 0.4031273421875 0.5267601453124999
0 0.398250453125 0.491255584375 0.3976618640625 0.495512171875 0.397745946875 0.499320696875 0.40136157499999997 0.5051455015624999 0.404640859375 0.5110823203125 0.40733155468750004 0.5130985984375 0.410442675 0.5135466609375 0.4146468875 0.5113063515625 0.417169415625 0.5079458875 0.41641265625 0.5048094546875 0.41523547812499995 0.5021210843749999 0.4124606953125 0.4986486046875 0.40975150156250006 0.49650376874999996 0.40682705312499995 0.49136759999999996 0.404809028125 0.4894633375 0.4015297390625 0.4877831046875 0.398250453125 0.491255584375
0 0.41565589843749995 0.50156100625 0.417169415625 0.4992086828125 0.4212895453125 0.49203969374999995 0.4211213765625 0.48968736875 0.41817842968749996 0.487447059375 0.41616040468750004 0.487447059375 0.413301540625 0.4884551984375 0.4123766125 0.48979938437500004 0.41187210625 0.49203969374999995 0.41153576718749996 0.4931598453125 0.41012978437500003 0.4956967625 0.411199434375 0.497416434375 0.4140582984375 0.5004408515625001 0.41565589843749995 0.50156100625
0 0.411367603125 0.4931598453125 0.41220844375 0.4904714765625 0.413301540625 0.48789512031250004 0.413049284375 0.48543078125 0.41220844375 0.483414503125 0.41069492656250006 0.48195830156249997 0.40901324062500005 0.48072613124999997 0.40758381093749996 0.48016605468750007 0.407079303125 0.4817342703125 0.407079303125 0.48498271875 0.40682705312499995 0.487447059375 0.40640662812499995 0.4904714765625 0.40766789374999995 0.49159163125000005 0.41002225000000003 0.49596023437500003 0.411367603125 0.4931598453125
0 0.81572755625 0.4980922109375 0.8209746499999999 0.5018911671875 0.8254232796875 0.5006755015625 0.8279327625 0.49961179375000003 0.8283890265625 0.49854808281249996 0.827020221875 0.493837378125 0.8241685390625 0.49201387656250006 0.8233700687500001 0.49049429375000003 0.8198339796875 0.49079821093750003 0.8154994203125 0.4898864625 0.81105079375 0.490342334375 0.8099101234375 0.49170995937499995 0.81572755625 0.4980922109375
0 0.824967009375 0.48973450312500005 0.8266780218750001 0.4871512125 0.8267920859375 0.4835042109375 0.8255373453124999 0.480313084375 0.823940403125 0.48000917187500003 0.8201761796874999 0.47940133593749995 0.8174385671875 0.47985721249999996 0.8139024796875001 0.48137679687499996 0.8101382546875 0.4885188375 0.810594525 0.49125408750000005 0.8135602796875 0.4900384171875 0.8160412359375 0.4890798765625 0.820062115625 0.49049429375000003 0.8215449921875001 0.49049429375000003 0.824967009375 0.48973450312500005