0 0.543130925 0.12717727968749998 0.5425666328125 0.12231026250000002 0.54002731875 0.1176548546875 0.52958791875 0.1119414 0.51830208125 0.11257622812500001 0.508991265625 0.1155387609375 0.5047590765625001 0.12019416875 0.5005268875 0.12231026250000002 0.49601255312500003 0.12315670000000001 0.4878303203125 0.1252727953125 0.483880278125 0.1343720015625 0.487548175 0.1449524734375 0.4954482609375 0.149819490625 0.501655471875 0.149819490625 0.5109662875 0.1455873015625 0.5219699796875 0.13754614375000002 0.5312807953124999 0.1347952203125 0.5388987359375 0.1328907359375 0.543130925 0.12717727968749998
0 0.5623168484375001 0.183253784375 0.569370496875 0.18092608125 0.5744491234375 0.1771171109375 0.5769884359375 0.16717146562500002 0.5741669765624999 0.1595535265625 0.56429186875 0.15489811874999998 0.5583668046875 0.149396271875 0.554134615625 0.14601052187500002 0.5482095515625 0.1449524734375 0.5425666328125 0.1443176453125 0.5355129843750001 0.14516408281249998 0.5293057734375 0.148126615625 0.526766459375 0.1538400703125 0.53833444375 0.16695985625 0.5476452593750001 0.1760590625 0.5561096375 0.181560909375 0.5623168484375001 0.183253784375
0 0.53918088125 0.1426247703125 0.5335379625 0.1432595984375 0.5273307515625001 0.1443176453125 0.5214056874999999 0.148338225 0.5197128109375 0.15108914843750001 0.5143520390625 0.1519355859375 0.508426975 0.1534168515625 0.496858990625 0.1599767453125 0.5022197640625 0.16039996406249998 0.507298390625 0.16336249687499999 0.512094871875 0.1692875609375 0.514634184375 0.17542423437500002 0.5219699796875 0.1726733125 0.5332558171875 0.1656902 0.5341022546875 0.163785715625 0.5273307515625001 0.1534168515625 0.529023628125 0.148973053125 0.538052296875 0.1445292546875 0.5434130703125 0.1430479890625 0.5425666328125 0.1426247703125 0.53918088125 0.1426247703125
0 0.48444457031250004 0.1680179046875 0.4804945265625 0.173731359375 0.48105881874999995 0.17923320468749998 0.483880278125 0.19129494375 0.484726715625 0.20081736874999997 0.4898053421875 0.207165653125 0.5019376171875 0.2109746234375 0.5075805359375 0.20780048125 0.5123770171875 0.20526116718749998 0.5168913515625 0.1970083984375 0.5160449140625001 0.189813678125 0.5123770171875 0.182830565625 0.5132234546875 0.175212625 0.5106841421875 0.1680179046875 0.5033483484375 0.1612464015625 0.49629469843749996 0.16061157343750002 0.49008748906250005 0.1627276671875 0.48444457031250004 0.1680179046875
0 0.5219699796875 0.1970083984375 0.5357951296875 0.206742434375 0.5434130703125 0.21012818437499997 0.5456702375 0.2107630125 0.5476452593750001 0.2037799015625 0.5527238859375 0.198066446875 0.5566739296875001 0.18431183125 0.5535703234375 0.182407346875 0.546516675 0.1766938921875 0.5422844859375 0.1716152640625 0.5335379625 0.1762706734375 0.526766459375 0.17563584375000002 0.5214056874999999 0.1790215953125 0.5180199359375 0.1885440203125 0.5219699796875 0.1970083984375
0 0.53748800625 0.6394837609375 0.5451059453125 0.6350399624999999 0.5451059453125 0.6295381171875001 0.5442595078125 0.6236130515625 0.538052296875 0.6153602828125 0.52789504375 0.6052030296875001 0.5188663734375 0.60118245 0.5047590765625001 0.601394059375 0.5019376171875 0.6030869359375 0.49826972031250005 0.61112809375 0.5022197640625 0.618534425 0.5109662875 0.626152365625 0.517737790625 0.633981915625 0.52874148125 0.6396953703125 0.53748800625 0.6394837609375
0 0.5453880921875001 0.6341935249999999 0.5544167609375 0.6369444468750001 0.5631632859375 0.6384257140625 0.5713455171875 0.635674790625 0.5741669765624999 0.6310193828124999 0.570216934375 0.6234014421875 0.5648561609375 0.6136674078125 0.5527238859375 0.6136674078125 0.5352308375 0.6117629234375 0.5417201953124999 0.618746034375 0.5442595078125 0.62424788125 0.5467988218750001 0.6299613359375 0.5453880921875001 0.6341935249999999
0 0.4991161578125 0.6132441890625 0.49573040781250005 0.6113397046875 0.49036963437500003 0.610916484375 0.479930234375 0.6064726874999999 0.48134096406250004 0.6140906265625 0.48134096406250004 0.6200156921875 0.48105881874999995 0.6297497265625001 0.4898053421875 0.6369444468750001 0.49601255312500003 0.6373676671874999 0.50278405625 0.634405134375 0.5101198499999999 0.6303845546875 0.5109662875 0.6263639750000001 0.50616980625 0.6225550046875 0.50363049375 0.6206505203125 0.4991161578125 0.6132441890625
0 0.46751581406250003 0.64413916875 0.466105084375 0.6485829671875 0.47146585625000004 0.653238375 0.48190525624999997 0.6581053921875 0.4937553859375 0.6604330968750001 0.5030662015625 0.662125971875 0.5098377046875 0.659163440625 0.51830208125 0.6564125171875 0.5191485203124999 0.6547196421875 0.51830208125 0.6485829671875 0.5135056015624999 0.645408825 0.5047590765625001 0.642657903125 0.494319678125 0.6384257140625 0.479083796875 0.63377030625 0.47315873281250004 0.636098009375 0.46977298125000005 0.6396953703125 0.46751581406250003 0.64413916875
0 0.543130925 0.650910671875 0.5442595078125 0.643927559375 0.542848778125 0.6377908859375 0.5343844 0.6405418078125 0.523945 0.63715605625 0.5188663734375 0.633558696875 0.50532336875 0.6409650265625 0.5160449140625001 0.6462552640625 0.5264843140625 0.652603546875 0.5355129843750001 0.653449984375 0.543130925 0.650910671875
0 0.5208413953125001 0.671225178125 0.5250735843750001 0.6743993203125 0.5307165031250001 0.6743993203125 0.53833444375 0.670801959375 0.5473631140624999 0.6691090843749999 0.5578025125 0.6669929890625 0.564574015625 0.660009878125 0.5676776203125 0.6553544703124999 0.566266890625 0.65196871875 0.564574015625 0.651757109375 0.54002731875 0.6530267656250001 0.52874148125 0.6583170015625 0.5225342703125 0.662972409375 0.5199949578124999 0.6674162078125 0.5208413953125001 0.671225178125