0 0.19994675625 0.5331913515625 0.20587924375000002 0.5261602562500001 0.20587924375000002 0.519422125 0.20434119062499997 0.5123910296874999 0.2025834171875 0.51121918125 0.1981889828125 0.5077036328125 0.1948931578125 0.505359934375 0.18874095 0.4992077265625 0.18061124687500002 0.5018443875 0.17621681250000001 0.5118051046875001 0.1773154203125 0.5197150875000001 0.1821492984375 0.5220587859375 0.18830150625 0.5246954453125 0.19071844531249998 0.530847653125 0.19401427031250001 0.5326054265625 0.19994675625 0.5331913515625
0 0.17248154375 0.5328983890625001 0.1744590390625 0.52762506875 0.171822378125 0.5270391437499999 0.1700646046875 0.5232306343750001 0.1654504484375 0.518250275 0.16347295312500001 0.515027690625 0.159298240625 0.514441765625 0.15490380625 0.5126839921874999 0.15072909375000001 0.5120980671875001 0.15028965 0.5176643515625 0.1518277015625 0.5249884078125 0.1566615796875 0.5285039546875 0.1608362921875 0.5287969171875 0.1669885 0.5358280125 0.16874627343749998 0.5358280125 0.17248154375 0.5328983890625001
0 0.14743326875 0.5326054265625 0.150069928125 0.5352420875 0.151388259375 0.5419802203125 0.1538051984375 0.54490984375 0.1575404671875 0.5454957671875 0.15995740625 0.547253540625 0.1617151796875 0.5501831640625 0.16501100468750002 0.5510620515625 0.1691857171875 0.5498902015625 0.1705040484375 0.5469605796875 0.170943490625 0.5413942953124999 0.1696251609375 0.5384646734375 0.1654504484375 0.5364139375 0.1608362921875 0.5334843140625 0.1566615796875 0.5299687671875 0.15226714531250002 0.5285039546875 0.1478727109375 0.52791803125 0.14743326875 0.5326054265625
0 0.1645715609375 0.5680538640624999 0.166768778125 0.573620146875 0.1691857171875 0.5780145812499999 0.171822378125 0.5800653171875 0.1733604296875 0.5841667890625 0.175337925 0.5873893734375 0.179292915625 0.5859245625 0.1810506890625 0.5824090156249999 0.1810506890625 0.5747919953125 0.1788534734375 0.5698116375 0.1770956984375 0.5662960890625001 0.17511820312499998 0.5595579578125001 0.1711632125 0.5548705609375 0.1658898921875 0.5504761265625 0.16149545781250002 0.5507690890625 0.159298240625 0.5542846359375 0.163912396875 0.5592649953125 0.16413211875 0.5627805421875001 0.1645715609375 0.5680538640624999
0 0.1775351421875 0.56102276875 0.1786337515625 0.5703975609375 0.183907071875 0.573034221875 0.18764234062500001 0.5718623734375 0.192256496875 0.5692257125 0.192695940625 0.5668820140624999 0.1898395578125 0.56072980625 0.18830150625 0.557800184375 0.18940011406249999 0.556335371875 0.18742261875 0.5525268624999999 0.1863240109375 0.5498902015625 0.1865437328125 0.5457887296874999 0.18500568125 0.5416872578125 0.18083096875 0.54490984375 0.18061124687500002 0.5452028046875 0.1795126375 0.539636521875 0.17577736875 0.534949125 0.17138293437500002 0.540515409375 0.170943490625 0.5504761265625 0.17423931718750002 0.557800184375 0.1775351421875 0.56102276875
0 0.1909381671875 0.5870964109375 0.19752981875 0.5812371656249999 0.1992875921875 0.572741259375 0.2012650875 0.565710165625 0.20214397343749999 0.56043684375 0.20104536562500003 0.5536987109375 0.1951128796875 0.5501831640625 0.1898395578125 0.5545775984375 0.1900592796875 0.5592649953125 0.191817053125 0.564538315625 0.192036775 0.5674679390625 0.1909381671875 0.5718623734375 0.1898395578125 0.573034221875 0.1854451234375 0.573327184375 0.18324790625 0.5739131093750001 0.1823690203125 0.5797723546875 0.1861042890625 0.5847527140625 0.1909381671875 0.5870964109375
0 0.1929156625 0.5923697328124999 0.19423399218749998 0.597350090625 0.1951128796875 0.599107865625 0.20016647812500002 0.5996937890625 0.2076370171875 0.599107865625 0.21159200781249998 0.59354158125 0.2146681109375 0.5870964109375 0.21950198906249999 0.5806512406250001 0.221040040625 0.573327184375 0.22082031875000002 0.564538315625 0.2190625453125 0.55985091875 0.2153272765625 0.5583861078125001 0.20961451250000002 0.5592649953125 0.20500035625000002 0.5630735046875001 0.20214397343749999 0.5721553359375 0.2003862 0.5791864296875 0.1951128796875 0.586217525 0.1929156625 0.5923697328124999
0 0.507815021875 0.5684558078124999 0.5127652890625 0.5670807328125 0.5148279015624999 0.5610304046875 0.5148279015624999 0.5533299875 0.513590334375 0.55112986875 0.5109089390625 0.5470046453124999 0.5088463265625001 0.5401292734375 0.5069899765625 0.5340789453125 0.502864753125 0.527203571875 0.4962643953125 0.5280286171874999 0.49399552187499995 0.52967870625 0.4929642171875 0.5346289750000001 0.4927579546875 0.5409543171875 0.49461430625 0.5472796609375 0.4975019625 0.5522299281249999 0.4991520515625 0.5599303453125 0.501420925 0.564330584375 0.507815021875 0.5684558078124999
0 0.4826511578125 0.5376541390625 0.4799697625 0.5437044656250001 0.479350978125 0.553605003125 0.4822386359375 0.5648806140625 0.487188903125 0.5753311796875 0.49399552187499995 0.5833066125 0.4987395296875 0.5830315984375 0.5036897984375 0.5753311796875 0.5030710140625 0.5684558078124999 0.49543935 0.5544300484375 0.4948205671875 0.5459045859375 0.49131412656249995 0.5390292125 0.4880139484375 0.5362790640624999 0.4826511578125 0.5376541390625
0 0.4739881875 0.5483797203125 0.4737819265625 0.5437044656250001 0.4737819265625 0.539304228125 0.474606971875 0.5338039296875 0.47522575468749995 0.52967870625 0.47295688281250003 0.525003453125 0.47006922500000003 0.5217032734375 0.46738783125000005 0.522803334375 0.463881390625 0.52830363125 0.46326260625 0.5332539 0.462850084375 0.53545401875 0.46223130156250003 0.5398542578125001 0.46346886875 0.547554675 0.4651189578125 0.5552550921875 0.4719255765625 0.558555271875 0.4739881875 0.5483797203125
0 0.467800353125 0.584406671875 0.47006922500000003 0.5877068515625 0.47295688281250003 0.587981865625 0.4766695828125 0.5874318359374999 0.4791447171875 0.5816565234375 0.4787321953125 0.573681090625 0.47687584375 0.5676307625 0.4737819265625 0.55965533125 0.4719255765625 0.5563551515625 0.4655314796875 0.5560801375 0.46181877812499994 0.5560801375 0.45954990625000003 0.5673557484375 0.46429391249999996 0.5734060765625 0.465737740625 0.5802814484375001 0.467800353125 0.584406671875
0 0.47522575468749995 0.553605003125 0.479350978125 0.5588302859375001 0.479557240625 0.5552550921875 0.479557240625 0.5467296296875 0.48100106875000004 0.537929153125 0.4873951640625 0.5349039890625 0.48677638125 0.5305037515625 0.485332553125 0.5274785875 0.481413590625 0.522803334375 0.477494628125 0.5244534234375 0.47440071093749997 0.5269285578125 0.47419445 0.530778765625 0.4733694046875 0.541504346875 0.4737819265625 0.5483797203125 0.47522575468749995 0.553605003125
0 0.47811341250000006 0.5734060765625 0.479350978125 0.5819315390625001 0.48100106875000004 0.5838566421875 0.48368246406250004 0.5849567015625 0.4855388140625 0.584406671875 0.48842647031249997 0.5827565828125 0.4894577765625 0.5805564640624999 0.48842647031249997 0.5769812703125 0.48492003125 0.5698308828124999 0.4820323734375 0.5637805546875 0.4812073296875 0.560755390625 0.47563827812500004 0.5563551515625 0.47419445 0.560480375 0.47563827812500004 0.564330584375 0.47708210624999997 0.5684558078124999 0.47811341250000006 0.5734060765625
0 0.48038228437499997 0.5217032734375 0.48326994062499995 0.5233533640625 0.4845075078125 0.5255534828124999 0.4865701203125 0.5294036906249999 0.487188903125 0.52830363125 0.490076559375 0.5261035125 0.49172665000000004 0.520053184375 0.496058134375 0.5162029765625 0.49708944062500005 0.5126277828125 0.4962643953125 0.5090525890625 0.4933767390625 0.5052023796875 0.4909016046875 0.5041023203125 0.4873951640625 0.504377334375 0.4840949859375 0.506027425 0.4787321953125 0.5118027374999999 0.4719255765625 0.5219782890625 0.47563827812500004 0.5255534828124999 0.47687584375 0.5241784078125 0.48038228437499997 0.5217032734375
0 0.4956456125 0.528578646875 0.501008403125 0.5266535421875 0.502864753125 0.5274785875 0.5074024984375 0.532153840625 0.51029015625 0.5412293328125 0.5131778125 0.5360040484375 0.515446684375 0.528578646875 0.5162717296875 0.5244534234375 0.5123527671875 0.519228140625 0.50822754375 0.5195031546875 0.5059586703125001 0.5184030953125001 0.502864753125 0.5156529453124999 0.4987395296875 0.5140028562500001 0.496058134375 0.514277871875 0.49440804531250004 0.51537793125 0.4923454328125 0.517853065625 0.4909016046875 0.5225283187499999 0.4896640375 0.5266535421875 0.4880139484375 0.5340789453125 0.48883899375000006 0.5373791234375 0.4927579546875 0.5409543171875 0.4933767390625 0.5327038703125 0.493583 0.5318788249999999 0.4956456125 0.528578646875
0 0.84844824375 0.5431651343749999 0.8548068375 0.55107805 0.8594698046874999 0.5524910703125 0.867524021875 0.556164925 0.8719750375 0.5558823203125 0.87663800625 0.5502302375 0.8787575375 0.5454259671874999 0.8798173015625 0.5411869046875 0.8791814421874999 0.53525221875 0.8753662875 0.530730553125 0.868371834375 0.5267740953125 0.8605295703125 0.52366545 0.8514155875 0.5245132625 0.8480243375000001 0.5338391984374999 0.84844824375 0.5431651343749999
0 0.890203003125 0.5287523234375 0.8938062062500001 0.5250784703125 0.896137690625 0.5160351375000001 0.8959257375 0.5106656593750001 0.894018159375 0.5061439937500001 0.8897790984375 0.49879628593750003 0.8865998015625 0.4959702453125 0.8796053484374999 0.4906007671875 0.87494238125 0.4906007671875 0.8711272250000001 0.4928616 0.8677359750000001 0.49625284843750006 0.8634969140625 0.5024701406250001 0.8620132421875001 0.5101004515625001 0.8639208203125 0.516600346875 0.8719750375 0.5216872203125 0.8764260531250001 0.5267740953125 0.8832085515625 0.5312957609375 0.890203003125 0.5287523234375
0 0.893170346875 0.548252009375 0.89677355 0.5553171125 0.900800659375 0.5553171125 0.9044038609375 0.552773675 0.9071592515625 0.546556384375 0.9073712046875 0.5400564890624999 0.9067353453125 0.5341218015625 0.9063114390625 0.5270566984375 0.9058875328125 0.5222524296875 0.9054636265625 0.5180133671875 0.9027082359374999 0.515752534375 0.89889308125 0.5134917015625 0.895713784375 0.5171655546875 0.8948659718749999 0.52366545 0.892322534375 0.528187115625 0.8912627687500001 0.529882740625 0.892746440625 0.5349696140625 0.892746440625 0.5375130515625 0.892746440625 0.5423173218749999 0.893170346875 0.548252009375
0 0.8798173015625 0.54203471875 0.8781216765625001 0.5476867999999999 0.874518475 0.553904090625 0.8751543343750001 0.558143153125 0.877909725 0.5643604437499999 0.8810890203125 0.56520825625 0.8827846453125 0.56520825625 0.8893551921875 0.561534403125 0.8921105812500001 0.5567301328125 0.892746440625 0.5505128421875 0.892322534375 0.546556384375 0.8908388625000001 0.5428825296875 0.8895671437500001 0.5383608640624999 0.8897790984375 0.53101315625 0.8887193328125 0.53101315625 0.8853280828125 0.5321435734375 0.8806651140625 0.5304479484375 0.8764260531250001 0.525361075 0.8721869906249999 0.528187115625 0.8789694890625 0.5324261781249999 0.8802412078125 0.5377956562499999 0.8798173015625 0.54203471875
0 0.9035560484375 0.5536214875 0.898469175 0.5570127359375 0.9031321421875 0.5604039859375 0.9069472984375 0.5592735703125 0.9099146421875 0.5567301328125 0.91521346875 0.5516432578125 0.9219959687499999 0.5428825296875 0.9255991703124999 0.53355659375 0.9241154999999999 0.53016534375 0.9203003437499999 0.5304479484375 0.917121046875 0.53016534375 0.915001515625 0.53016534375 0.9120341734374999 0.53270878125 0.9092787828125 0.5355348234374999 0.9071592515625 0.538926071875 0.9080070640625 0.5428825296875 0.9080070640625 0.545708571875 0.9035560484375 0.5536214875