0 0.1285022828125 0.5091270812500001 0.12780052343749998 0.5061328281249999 0.1270987640625 0.5018285875 0.12344962968749999 0.49677578125000005 0.120502253125 0.49677578125000005 0.11376538750000001 0.50164144375 0.107589925 0.5046356984375 0.107309221875 0.5080042390624999 0.1088530875 0.5126827609375 0.1118004640625 0.5126827609375 0.114326790625 0.515115590625 0.1164320609375 0.5147413109375 0.11842075 0.51481009375 0.1219057625 0.5132441812499999 0.12499349374999999 0.5104370687500001 0.1285022828125 0.5091270812500001
0 0.11657241562500001 0.5405667578125 0.12457244687499999 0.5424381687500001 0.1269584171875 0.5420638875 0.133695284375 0.5358882359375 0.14043215 0.531958275 0.1425374203125 0.5250340625 0.1432391796875 0.5214783828125 0.1436602375 0.5184841312499999 0.14281813125 0.5154898718750001 0.1414146125 0.5115599109375 0.13832688124999998 0.508939940625 0.13116895625 0.5087528 0.1261163125 0.5095013609375 0.1238706875 0.5111856312499999 0.119660146875 0.5164255796874999 0.11811628125 0.5173612828125 0.11685311875 0.517922709375 0.11116519218750001 0.519955878125 0.1157303015625 0.5313968546875001 0.11741452187500001 0.5364496578125 0.11727416718749999 0.53963105625 0.11657241562500001 0.5405667578125
0 0.09860743281249999 0.5061328281249999 0.08681791250000001 0.5018285875 0.0819056125 0.503699996875 0.0800810453125 0.5083785187500001 0.0812038578125 0.5128699 0.08218631562499999 0.5145541703125 0.083449478125 0.5192326921875 0.088361778125 0.5229755125 0.09453724062499999 0.5244726421875 0.0965021625 0.5255954843749999 0.1014144625 0.5317711359375 0.1047828953125 0.5340168265624999 0.1099758953125 0.5366368046875001 0.11601100312499998 0.5405667578125 0.117695225 0.5379467859375 0.11657241562500001 0.533081125 0.11208116562499999 0.522788371875 0.1065339859375 0.5129576109375 0.10562500156250001 0.5111856312499999 0.103660078125 0.508939940625 0.09860743281249999 0.5061328281249999
0 0.483092240625 0.47606909374999995 0.4887358421875 0.469798425 0.4893002015625 0.4630261046875 0.487607121875 0.45775874375000003 0.484032840625 0.45224055625000004 0.4806466796875 0.4489798078125 0.475755559375 0.44822732812500005 0.46503271718750006 0.449230634375 0.453369275 0.4547488234375 0.4494187546875 0.4605178375 0.4465969546875 0.47155421249999996 0.44904251562499997 0.4788281859375 0.4575079171875 0.48083479999999995 0.4682307578125 0.4795806671875 0.475755559375 0.4790790140625 0.47989420000000005 0.47832653281250004 0.483092240625 0.47606909374999995
0 0.4554385953125 0.48233976093750003 0.4520524359375 0.48785794843749997 0.448666275 0.49262365625 0.45073559531249996 0.495884403125 0.45261679531250004 0.5031583765625001 0.4567554359375 0.5071716046875 0.4618346765625 0.507924084375 0.4654089578125 0.5016534171875 0.46559707812499995 0.4956335765625 0.4663495578125 0.4911186953125 0.4648445984375 0.4861021609375 0.46390399687499995 0.483092240625 0.4623990375 0.48133645312500006 0.4554385953125 0.48233976093750003
0 0.470300078125 0.516953846875 0.47462683906249997 0.5199637671875 0.4810229203125 0.52197038125 0.4896764421875 0.518960459375 0.49287448281249996 0.5187096328125 0.49287448281249996 0.513442271875 0.490428921875 0.50742243125 0.489488321875 0.5021550703125001 0.48892396250000003 0.49663688281249996 0.48723088125 0.49036621562500005 0.48271600000000003 0.48534968125000005 0.47782487968750004 0.4838447203125 0.4718050390625 0.48534968125000005 0.4701119578125 0.4873562953125 0.4691713578125 0.49412861562500004 0.46597331718749996 0.5056666437499999 0.46597331718749996 0.51118483125 0.470300078125 0.516953846875
0 0.4960725234375 0.5172046734375 0.50002304375 0.5154488859375 0.503221084375 0.513442271875 0.5035973234375 0.5089273921874999 0.5024686046875 0.50366003125 0.50190424375 0.500399284375 0.49720124375 0.495884403125 0.4943794421875 0.4956335765625 0.48892396250000003 0.49412861562500004 0.48911208124999994 0.5014025906249999 0.4917457625 0.508676565625 0.4938150828125 0.5149472328125 0.4960725234375 0.5172046734375
0 0.48083479999999995 0.5425381703125 0.478389240625 0.5437923046875001 0.48328036093750004 0.5473038781249999 0.48892396250000003 0.548307184375 0.494191321875 0.5485580109375 0.49663688281249996 0.5475547046875 0.5007755234375 0.5435414765625 0.5007755234375 0.5365183296875 0.4983299625 0.5320034484375 0.4953200421875 0.5287427015625 0.49155764218750003 0.5267360875 0.4864784015625 0.5254819546875 0.48290412031249996 0.5242278203125 0.47782487968750004 0.5244786484375 0.48177539999999996 0.5297460078125 0.4819635203125 0.5355150234375 0.48083479999999995 0.5402807296875001 0.48083479999999995 0.5425381703125
0 0.44603259375000004 0.5159505390625 0.442646434375 0.5232245140625 0.4447157546875 0.5337592359375 0.44810191406250005 0.539026596875 0.4548742359375 0.5415348640625 0.4599534765625 0.5412840375 0.4648445984375 0.5442939578125 0.47161691875 0.5478055312500001 0.477636759375 0.544544784375 0.4810229203125 0.5352641953124999 0.48045856093749995 0.5299968359375 0.477636759375 0.5249803015625 0.472181278125 0.5192112859375 0.4640921171875 0.5151980593750001 0.4590128765625 0.5139439265625 0.4548742359375 0.5144455796875 0.44603259375000004 0.5159505390625
0 0.8562589062500001 0.4275335875 0.8540244093749999 0.422170796875 0.8482147187500001 0.41710593906250004 0.8424050296875001 0.41651007343749996 0.8383829374999999 0.41919146874999996 0.8281042546874999 0.4242563265625 0.8251994093749999 0.42872531875000003 0.8243056109375001 0.436471571875 0.8238587125000001 0.4457074890625 0.8211773171875001 0.4564330703125 0.8220711156249999 0.46894624843750005 0.8245290609374999 0.47788423281250003 0.8301153015624999 0.482949090625 0.8399470843750001 0.48712015 0.847320921875 0.4838428890625 0.8540244093749999 0.4713297109375 0.8546947578124999 0.4641793234375 0.8538009593749999 0.453155809375 0.8558120062500001 0.4457074890625 0.857823053125 0.436471571875 0.8562589062500001 0.4275335875
0 0.8538009593749999 0.47103177812499997 0.8573761531249999 0.4838428890625 0.8591637499999999 0.48831188125 0.8591637499999999 0.4933767390625 0.8607278984375 0.4942705375 0.8689955328125001 0.48950361249999996 0.8743583234375001 0.48860981406250004 0.8810618124999999 0.4799697625 0.8828494093750001 0.47371317343749997 0.8832963078124999 0.4704359125 0.8803914640625001 0.46268965937499995 0.8759224718749999 0.4585186 0.8714534796875 0.4585186 0.8678782859374999 0.454347540625 0.8609513468750001 0.4558372046875 0.8555885562500001 0.46447725625 0.8538009593749999 0.47103177812499997
0 0.8806149124999999 0.46268965937499995 0.8877653000000001 0.46328552500000003 0.8951391375 0.46209379375 0.8987143312500001 0.4516661453125 0.8946922390625 0.44213229531250003 0.8906701453125001 0.4373653703125 0.8884356500000001 0.43587570624999994 0.886648053125 0.4355777734375 0.8837432078124999 0.43408810937500003 0.8808383624999999 0.43081084843750006 0.8777100687500001 0.4275335875 0.8732410765624999 0.42723565468749997 0.8665375875000001 0.42783152031249994 0.86340929375 0.432896378125 0.8643030921875001 0.43825916875 0.8649734406249999 0.446005421875 0.8707831296874999 0.4534537421875 0.873687975 0.45464547343749995 0.8750286734375001 0.45822066718750004 0.8806149124999999 0.46268965937499995
0 0.8850839046875001 0.5049961187500001 0.8937984406249999 0.5005271265625 0.8980439828125 0.49546226875 0.9000550296875 0.49129120937500004 0.9083226640625 0.4844387546875 0.9150261531250001 0.4713297109375 0.9172606484375001 0.46358345781250004 0.9156965015624999 0.4564330703125 0.9098868124999999 0.4540496078125 0.9018426265624999 0.4594123984375 0.8929046421875 0.4647751890625 0.8853073546875001 0.4701379796875 0.8765928203125 0.4862263515625 0.8721238281250001 0.499633328125 0.8774866187500001 0.504400253125 0.8850839046875001 0.5049961187500001
0 0.95636433125 0.4370674375 0.94921394375 0.4337901765625 0.9411697578125 0.43319431093749994 0.9333490203125001 0.43527984062499997 0.9255282843750001 0.44153642968750006 0.9208358421874999 0.4498785484375 0.9156965015624999 0.45494340624999996 0.9181544468749999 0.4558372046875 0.9228468890625001 0.4588165328125 0.9255282843750001 0.46447725625 0.9315614234374999 0.472819375 0.9375945640625 0.47699043437500005 0.9449683999999999 0.47788423281250003 0.9503311906249999 0.47699043437500005 0.9556939812499999 0.47371317343749997 0.9590457265625 0.46894624843750005 0.959492625 0.45762480156249996 0.959492625 0.44928268281249994 0.9588222765625 0.4427281609375 0.95636433125 0.4370674375
0 0.959939525 0.4665627859375 0.9628443687500001 0.4731173078125 0.9695478578125 0.47877803124999996 0.9746871984375 0.4799697625 0.9782623921875 0.47907596406249997 0.986753478125 0.4749049046875 0.9896583234375 0.46894624843750005 0.993680415625 0.45732686874999995 0.993680415625 0.44898475 0.9909990203125 0.4451116234375 0.9836251828125 0.4403446984375 0.972005803125 0.440046765625 0.9655257640625001 0.44540955625 0.961280221875 0.454347540625 0.9610567734375 0.461497928125 0.9606098734374999 0.46566898749999996 0.959939525 0.4665627859375
0 0.9782623921875 0.43945090000000003 0.9858596796875 0.442430228125 0.9907755703125 0.4409405640625 0.99926665625 0.4290232515625 0.9997135546875 0.4206811328125 0.9983728578125 0.4159142078125 0.997032159375 0.4141266109375 0.9932335171875 0.40876382031249997 0.988094175 0.40638035781250004 0.9800499890625 0.3992299703125 0.97088855625 0.393569246875 0.96373816875 0.39178165 0.9554705328124999 0.3926754484375 0.9476497953124999 0.40042170156249995 0.94563875 0.40935968593750005 0.94854359375 0.418595603125 0.954576734375 0.425745990625 0.9639616171875 0.43319431093749994 0.9693244078125 0.43796123593749997 0.9735699500000001 0.43945090000000003 0.9782623921875 0.43945090000000003
0 0.935892471875 0.501814721875 0.934890446875 0.506090034375 0.934690040625 0.5106325515625 0.937295309375 0.5146406578125 0.9433074671874999 0.5162439 0.944710303125 0.5162439 0.9497204343750001 0.5149078640625 0.9581374546875001 0.5165111062500001 0.9629471796875 0.515442278125 0.9689593375 0.5141062437499999 0.97877919375 0.5100981390625 0.98499175625 0.50502120625 0.9871962140624999 0.5002114796875 0.9865949984375 0.492729684375 0.9813844625 0.4863167171875 0.9755727109375 0.4844462671875 0.9709633890625 0.48337743906249997 0.9627467749999999 0.48284302500000004 0.9543297546874999 0.48417906093749996 0.9517244859374999 0.4844462671875 0.9419046296875001 0.49406571875000005 0.9380969296874999 0.497272203125 0.935892471875 0.501814721875