0 0.10151143124999999 0.5079965953125 0.1001931 0.5170784265624999 0.103708646875 0.5249884078125 0.109201690625 0.5296758046875001 0.11843000156250001 0.531140615625 0.13161330468750002 0.5337772765625 0.13798523437500002 0.5334843140625 0.1450163296875 0.530554690625 0.146993825 0.5249884078125 0.1485318765625 0.5203010109374999 0.146774103125 0.5123910296874999 0.1397430078125 0.506238821875 0.132931634375 0.5050669734375 0.12677942656250002 0.5050669734375 0.117990559375 0.5006725390625 0.11293695937499999 0.5006725390625 0.1059058640625 0.5038951234375 0.10151143124999999 0.5079965953125
0 0.141940225 0.507117709375 0.1454557734375 0.5044810484375 0.1483121546875 0.4959851421875 0.1483121546875 0.4921766328125 0.1461149375 0.489247009375 0.1386444 0.484852575 0.130514696875 0.4854385 0.1274385921875 0.49100478281250004 0.1261202625 0.4965710671875 0.1280977578125 0.5036021609375 0.133810521875 0.5044810484375 0.1368866265625 0.505359934375 0.141940225 0.507117709375
0 0.142159946875 0.4745988953125 0.1450163296875 0.4713763109375 0.141940225 0.4704974234375 0.13952328593750002 0.4710833484375 0.13732606875 0.471962234375 0.1335908 0.47518482031250003 0.13073441875 0.47635666875 0.1278780359375 0.47752851874999996 0.12524137500000002 0.47782148125 0.12084694062500001 0.47840740468750004 0.11205807187500001 0.47840740468750004 0.107883359375 0.48016517968750005 0.1052467 0.4842666515625 0.103708646875 0.488954046875 0.10458753437499999 0.4907118203125 0.11293695937499999 0.48983293437500003 0.1243624890625 0.4907118203125 0.12897664375 0.4828018390625 0.133810521875 0.47928629218749996 0.142159946875 0.4745988953125
0 0.405569196875 0.42851653125 0.40332434843750004 0.42652111093749995 0.4010795 0.427019965625 0.3971510171875 0.42826710312499994 0.39602859218750003 0.4287659578125 0.391538896875 0.435001646875 0.39004233125 0.44447989374999997 0.390416471875 0.45345928593749996 0.3883586953125 0.4584478359375 0.38592677656249996 0.467926084375 0.387236271875 0.47615719375000004 0.3898552609375 0.4816445984375 0.3975251578125 0.483889446875 0.400705359375 0.4806468890625 0.4036984890625 0.46842493906250005 0.406878690625 0.4522121484375 0.4091235390625 0.43774535 0.4072528328125 0.4320085171875 0.405569196875 0.42851653125
0 0.40949767968749995 0.463685815625 0.41136838750000004 0.46393524375000006 0.414174446875 0.4681755109375 0.4188512125 0.4671778015625 0.42783060468749995 0.4609421125 0.43119787656249997 0.459694975 0.43699706718750003 0.46144096718750005 0.439803128125 0.4609421125 0.44148676406250004 0.4537087140625 0.440551409375 0.4477224515625 0.43624878437500003 0.43974077031250003 0.4332556546875 0.43974077031250003 0.4263340390625 0.4424844734375 0.41791585937500003 0.4427339015625 0.41062010468750004 0.4452281765625 0.4061304078125 0.45345928593749996 0.405569196875 0.458198409375 0.40669162031250006 0.4599444015625 0.40949767968749995 0.463685815625
0 0.4005182875 0.4816445984375 0.4023889953125 0.48214345468750003 0.4076269734375 0.48364001874999996 0.40968475 0.48289173593749996 0.411742528125 0.4806468890625 0.41323909375 0.47366291718750003 0.41267788124999993 0.4711686421875 0.41005889218749997 0.464683525 0.40538212500000004 0.459694975 0.40463384375 0.46667894531250004 0.4027631359375 0.47640662031250003 0.4005182875 0.4816445984375
0 0.4418609046875 0.4537087140625 0.4422350453125 0.4589466921875 0.45084029687499994 0.4562029890625 0.4558912046875 0.45420756874999996 0.45663948750000005 0.44722359687499996 0.45345928593749996 0.4399901984375 0.449717871875 0.43026252343750004 0.445976459375 0.42851653125 0.4418609046875 0.42926481406250006 0.436809996875 0.432507371875 0.432507371875 0.4382442046875 0.43587464374999996 0.44023962499999997 0.44036433906249994 0.4477224515625 0.4418609046875 0.4537087140625
0 0.447847165625 0.4928688390625 0.4523368625 0.4878802875 0.45607827500000003 0.4833905921875 0.4616903953125 0.48189402656249997 0.46356110156249997 0.48289173593749996 0.466180090625 0.48538601249999996 0.470108575 0.4789008953125 0.47235342343750003 0.47765375781249997 0.46767665625 0.4739123453125 0.46206453593749997 0.4654318078125 0.45607827500000003 0.462438678125 0.4512144375 0.4631869609375 0.4457893890625 0.4671778015625 0.4446669640625 0.471667496875 0.445415246875 0.47640662031250003 0.445976459375 0.4803974609375 0.4463506 0.48812971562499996 0.447847165625 0.4928688390625
0 0.4027631359375 0.499852809375 0.404446771875 0.5078344921875 0.40968475 0.5128230421875 0.4182900015625 0.512573615625 0.42652111093749995 0.5075850640625 0.43175908906249993 0.4981068171875 0.43419100781250003 0.48912742500000006 0.439241915625 0.484138875 0.44036433906249994 0.47765375781249997 0.43961605625000005 0.4711686421875 0.4379324203125 0.46393524375000006 0.43568757343750003 0.4616903953125 0.43175908906249993 0.46044325781250006 0.42914009999999997 0.460692684375 0.42315383906250004 0.46518238125 0.4197865671875 0.46892379375 0.4182900015625 0.4711686421875 0.41604515312499996 0.47840204062499997 0.41118131562500004 0.48488715625 0.406878690625 0.4886285703125 0.4036984890625 0.4943654046875 0.4027631359375 0.499852809375
0 0.43044959374999997 0.5198070140625 0.43493929062500003 0.5235484265625 0.43774535 0.5252944203125 0.44485403593750006 0.5255438484375 0.45420756874999996 0.5223012890625001 0.457574840625 0.520555296875 0.46112918281250004 0.5140701796875 0.4650576671875 0.5063379265625 0.4693602921875 0.49760796249999995 0.4693602921875 0.49212055625 0.46524473750000006 0.484138875 0.46112918281250004 0.48189402656249997 0.455142921875 0.483889446875 0.45009201406250005 0.49087341875 0.4463506 0.4988551 0.432507371875 0.508582775 0.429514240625 0.5118253328125 0.4283918171875 0.5155667453125 0.43044959374999997 0.5198070140625
0 0.7926287359375 0.512550165625 0.7929023390625 0.5172926234374999 0.7948175625 0.5211230687499999 0.7987848093750001 0.5258655265625001 0.805488090625 0.52732474375 0.8115073625000001 0.5247711125000001 0.816705825 0.5203934609374999 0.818484246875 0.5205758625 0.8217674859375 0.5209406671875 0.8271027500000001 0.518204634375 0.8336692296875 0.510908546875 0.835174046875 0.5016060343750001 0.8339428328125 0.49832279531249996 0.8288811718750001 0.49321553281249997 0.8191682546875001 0.495404359375 0.8142433953125 0.49868759999999995 0.8011104375 0.5039772625000001 0.7972799921875 0.505801284375 0.7939967515624999 0.508354915625 0.7926287359375 0.512550165625
0 0.7927655375 0.4747929125 0.7894822984375 0.4799001734375 0.785241446875 0.4848250328125 0.787567075 0.4866490546875 0.79016630625 0.4902970984375 0.7949543640625001 0.495951565625 0.79960561875 0.495951565625 0.8022048500000001 0.495951565625 0.8056248921875 0.49303313125 0.806582503125 0.4884730765625 0.8058984953125 0.48373061875 0.8042568749999999 0.47588732499999997 0.8015208421875 0.4736984984375 0.7975535953125 0.47278648749999996 0.7927655375 0.4747929125
0 0.8134225859375 0.48336581562500003 0.816979428125 0.47698173906249997 0.8176634375 0.47351609687499996 0.8165690234375 0.470415259375 0.818484246875 0.46968565 0.8194418578124999 0.4685912375 0.8199890640625 0.4658552046875 0.8195786593750001 0.46129515000000004 0.8178002375 0.4591063234375 0.8124649734375 0.45728230156249994 0.8072665109375 0.45801190937499997 0.8028888593750001 0.46165995468750004 0.8024784546875001 0.46421358437500004 0.8041200734375 0.4685912375 0.8052144875 0.46913844375 0.8075401140625 0.4682264328125 0.8079505203125 0.4693208453125 0.8075401140625 0.47351609687499996 0.8043936765625 0.4757049234375 0.8058984953125 0.4842778265625 0.8082241234374999 0.4851898375 0.8134225859375 0.48336581562500003
0 0.815885015625 0.49722838124999996 0.8235459078125 0.49321553281249997 0.8298387828125 0.4933979359375 0.8324380140625 0.4957691640625 0.8359948578124999 0.49303313125 0.8364052624999999 0.491756315625 0.8339428328125 0.487561065625 0.8321644109375 0.4828186078125 0.8298387828125 0.47698173906249997 0.8277867578125001 0.47242168281249997 0.8246403203125 0.4705976609375 0.8176634375 0.4705976609375 0.81821064375 0.47351609687499996 0.8172530312499999 0.47917056406249997 0.8100025437499999 0.48555464062500003 0.8100025437499999 0.49193871875 0.8130121812500001 0.49850519687499995 0.815885015625 0.49722838124999996
0 0.86089275625 0.4521750390625 0.8593879390625 0.447067778125 0.857472715625 0.442872528125 0.8522742531249999 0.43885967968750006 0.8436557499999999 0.43922448437500006 0.8409197171875 0.4443317453125 0.8387308906250001 0.4492566046875 0.8379100796875001 0.45235744218749996 0.8369524687500001 0.45655269218749994 0.834079634375 0.4591063234375 0.829428378125 0.4718744765625 0.8324380140625 0.47807615156249994 0.8394148984375001 0.48245380468750004 0.8450237656249999 0.48135939062500005 0.8520006499999999 0.47388090156249996 0.8532318640625001 0.46603760625 0.856925509375 0.46421358437500004 0.8591143359375 0.46093034531250004 0.86089275625 0.4521750390625
0 0.847622996875 0.47971777031249996 0.8414669234375 0.48245380468750004 0.84009890625 0.488655478125 0.8485806078125 0.48993229375 0.85364226875 0.4892026859375 0.8558310953125 0.4871962609375 0.858567128125 0.48500743437500005 0.8588407312499999 0.48245380468750004 0.8578831203125 0.47625212968749997 0.8555574921875 0.471692075 0.8543262781250001 0.467861628125 0.8533686656249999 0.4713272703125 0.851727046875 0.4747929125 0.847622996875 0.47971777031249996
0 0.8623975749999999 0.4840954234375 0.8648600046875 0.4835482171875 0.8714264828125 0.48190659687500004 0.8729313015625 0.47917056406249997 0.873615309375 0.4744281078125 0.8738889125 0.4674968234375 0.8758041359375 0.46129515000000004 0.8747097234375 0.45928872500000006 0.8704688718750001 0.4549110734375 0.8682800453124999 0.4539990609375 0.8633551859375 0.45691749687499994 0.8573359140625 0.4633015734375 0.8570623109375 0.47023285625 0.85774631875 0.47296889062499997 0.858567128125 0.48099458593750005 0.8623975749999999 0.4840954234375
0 0.8563783031250001 0.5074429046875 0.8584303265625 0.50762530625 0.8602087484375 0.5037948609375 0.8645864015625 0.5017884359375 0.866364821875 0.5027004484375001 0.866775228125 0.5030652515625 0.8689640531249999 0.5017884359375 0.8696480624999999 0.5030652515625 0.8692376562499999 0.5048892734375 0.8715632843750001 0.5054364796875 0.873615309375 0.5043420671875001 0.87539373125 0.5014236328125 0.8766249453125001 0.49613396875 0.8784033671874999 0.488655478125 0.8759409375 0.48373061875 0.8715632843750001 0.48154179375000006 0.8634919875 0.4840954234375 0.8565151046875 0.4879258703125 0.8515902453124999 0.49686357656249996 0.8509062359374999 0.5003292187499999 0.8526846578124999 0.5048892734375 0.8563783031250001 0.5074429046875