0 0.046593568749999995 0.309901415625 0.052914403124999995 0.3106237953125 0.056887496875 0.307975065625 0.0581516640625 0.3024368125 0.057609878125 0.29400903437500003 0.055262140625 0.2853404640625 0.0530949984375 0.2783574484375 0.0482189265625 0.2759495109375 0.042620475000000005 0.2766718921875 0.0393697609375 0.2785982421875 0.038286189062499996 0.2829325265625 0.0386473796875 0.2901563359375 0.042620475000000005 0.293768240625 0.0417174984375 0.2971393515625 0.042620475000000005 0.30436316093750004 0.046593568749999995 0.309901415625
0 0.0326877375 0.2918418921875 0.032145951562500004 0.295453796875 0.031423570312499996 0.30123284375 0.033229521875 0.3038815734375 0.035396665625000004 0.3050855421875 0.0352160703125 0.307734271875 0.035396665625000004 0.3106237953125 0.037022021875 0.31447649375000003 0.0406339265625 0.3156804625 0.04569059375 0.3135133203125 0.046593568749999995 0.3118277640625 0.0433428546875 0.307252684375 0.0411757125 0.3038815734375 0.0411757125 0.29858411406249996 0.0420786890625 0.294249828125 0.039008570312500004 0.2906379234375 0.0361190453125 0.2872668125 0.0341324984375 0.28798919375 0.0326877375 0.2918418921875
0 0.0200460703125 0.33494395312499997 0.017698332812500002 0.334462365625 0.013725237500000001 0.3325360171875 0.010293928125 0.3327768109375 0.0090297609375 0.3332583984375 0.0046954765625 0.337592684375 0.00307011875 0.3465020484375 0.0081267859375 0.3467428421875 0.007946190625 0.3469836359375 0.0068626187500000005 0.350595540625 0.0104745234375 0.3539666515625 0.015711784375000003 0.349632365625 0.0180595234375 0.3448164921875 0.022574403125 0.34240855625 0.0231161890625 0.33662950937499997 0.02293559375 0.335184746875 0.0200460703125 0.33494395312499997
0 0.47098779375 0.2792578109375 0.46965186875000003 0.27985155625 0.4674253265625 0.28123695937500004 0.4647534765625 0.2816327890625 0.463269115625 0.282820278125 0.46119100937499996 0.28737231875 0.45940977656250004 0.290341040625 0.459855084375 0.2946951671875 0.46223006250000004 0.2978618046875 0.4656440921875 0.297268059375 0.4671284546875 0.2944972515625 0.4702456125 0.2891535515625 0.47143310156249996 0.28499734062500004 0.4715815375 0.279653640625 0.47098779375 0.2792578109375
0 0.6614886296875 0.3333072390625 0.66568250625 0.3338155875 0.66974929375 0.330596046875 0.6702576437500001 0.32263191875 0.6692409453125 0.317040084375 0.66568250625 0.31263439531250004 0.662124065625 0.30907595468750004 0.6588198000000001 0.307889809375 0.65653223125 0.30873705625 0.655134271875 0.3104315515625 0.6533550515625001 0.31517613906249997 0.6548800984375001 0.3192429265625 0.6555155328125 0.3221235703125 0.65831145 0.3273765046875 0.6614886296875 0.3333072390625
0 0.6438235156250001 0.3216152203125 0.643569340625 0.32466531249999997 0.6448402125 0.32754595468750003 0.648398653125 0.33313778906249997 0.6524654421875 0.338560175 0.65653223125 0.3402546703125 0.6593281484375 0.338560175 0.6602177578124999 0.33500173437499997 0.659709409375 0.3299182484375 0.657548928125 0.3273765046875 0.6548800984375001 0.3217846703125 0.6520841796875 0.31873457968749996 0.648144478125 0.3185651296875 0.6467465203125 0.318904028125 0.6438235156250001 0.3216152203125
0 0.787714984375 0.328578340625 0.78930231875 0.33140027031249997 0.793402934375 0.3312239 0.79723899375 0.3312239 0.7988263296875 0.3310475296875 0.8001491078124999 0.327343746875 0.8001491078124999 0.3231108546875 0.7990908859375 0.3188779609375 0.7980326625 0.31764336718749997 0.7949902703125 0.319407071875 0.7926092671875 0.3185252203125 0.789434596875 0.3183488484375 0.7885086515624999 0.32381633593750003 0.787714984375 0.328578340625
0 0.8025412187500001 0.316408784375 0.804246859375 0.3143323515625 0.8048401265624999 0.3119592859375 0.8045142796875 0.30829572656250004 0.803059221875 0.3058265390625 0.801075053125 0.30565016875 0.7992231624999999 0.3060029109375 0.7971067171875 0.307061134375 0.7961807703125 0.30811935625000003 0.7945934359375 0.30794298593749997 0.792529846875 0.30513672187499996 0.7907573765625 0.304415575 0.7887732078125 0.304768315625 0.7850694265625 0.30776661562499996 0.7842241171875 0.3101794859375 0.7848915421875 0.313046940625 0.787450428125 0.317290625 0.791947878125 0.3178197375 0.795651659375 0.3179961078125 0.7992231624999999 0.3171142546875 0.8025412187500001 0.316408784375
0 0.44530466406249997 0.8016041984375001 0.44886207968749997 0.7971399906250001 0.448025040625 0.7935128234375 0.446141703125 0.793233809375 0.4448861453125 0.789327628125 0.444258365625 0.7843053953125 0.44195650937500003 0.7803992140625 0.43651575625000005 0.7798411890625 0.434004640625 0.78346835625 0.43337686093750005 0.7904436796875001 0.434423159375 0.79909308125 0.436306496875 0.8049523531249999 0.4398639125 0.8057893921874999 0.44530466406249997 0.8016041984375001
0 0.4218675765625 0.7882115765625 0.42082127812500003 0.79100170625 0.421239796875 0.7940708484375001 0.4218675765625 0.7976980171875 0.422286096875 0.8041153156249999 0.42354165468750005 0.8088585343749999 0.4260527703125 0.812206690625 0.4312842640625 0.8096955734375 0.43463241874999997 0.8069054437500001 0.434423159375 0.8029992625 0.4329583421875 0.7979770296875001 0.4329583421875 0.7901646671875 0.4277268484375 0.7876535515625 0.42668055000000005 0.7876535515625 0.4218675765625 0.7882115765625
0 0.5332742640625 0.8451029171875 0.5361748296875 0.8483973859375 0.5382159671875 0.8509756656249999 0.5405793906249999 0.8499730015625 0.543372528125 0.8458191062499999 0.5455210953125 0.841521971875 0.5457359515625 0.838370740625 0.5460582359374999 0.835076271875 0.5474548046875001 0.8310656140624999 0.5480993749999999 0.8279143828125 0.54831423125 0.8239037250000001 0.5474548046875001 0.8211822078125 0.5464879500000001 0.8200363046874999 0.5443393828125 0.8194633546875 0.54143881875 0.8210389687499999 0.5388437546875 0.824204246875 0.5354956 0.8289474671875 0.53219998125 0.8355059859375 0.5319851250000001 0.8403760703125001 0.5332742640625 0.8451029171875
0 0.5343485484375 0.8250496265624999 0.5324148375 0.8239037250000001 0.530695984375 0.822471346875 0.52897713125 0.8231875359374999 0.528010275 0.8253361031249999 0.527902846875 0.8274846703125001 0.5272582781249999 0.8294899984375 0.526076565625 0.8304926625 0.5238205703125 0.83335741875 0.5239279984375 0.841235496875 0.5268285640625 0.844386728125 0.530481128125 0.8439570140624999 0.5316628390625 0.83951664375 0.5337039781249999 0.831638565625 0.5361748296875 0.8274846703125001 0.5372491125 0.8264820046875 0.5372491125 0.8237604875000001 0.5343485484375 0.8250496265624999