0 0.0790242046875 0.5341450875 0.09073149375 0.5351206953125 0.09548758125 0.5321938734375 0.099146109375 0.5229256015625 0.0973168453125 0.516584153125 0.09548758125 0.5112183124999999 0.0925607578125 0.5019500406249999 0.09219490625 0.4926817703125 0.0903656421875 0.4829256953125 0.08670711406250001 0.47902326562499997 0.0830485859375 0.4775598546875 0.07390226562499999 0.47804765781249997 0.0680486203125 0.48146228437499994 0.06621935625 0.49024275156249997 0.0643900921875 0.5029256484375 0.0702437375 0.511706115625 0.0680486203125 0.5180475640625 0.0720730015625 0.5273158359375001 0.0790242046875 0.5341450875
0 0.0468291578125 0.483901303125 0.035487721875 0.4897549484375 0.03182919375 0.4970720046875 0.0336584578125 0.5034134531250001 0.036951132812499995 0.5078036859374999 0.03914625 0.5131695265625 0.0413413671875 0.519510975 0.0471950109375 0.5239012093750001 0.050487685937500006 0.5351206953125 0.054877920312499995 0.5419499484375 0.06292668125 0.5419499484375 0.06621935625 0.5326816765625 0.0684144734375 0.526340228125 0.06768276875 0.5185353687500001 0.0654876515625 0.5151207421875 0.0607315640625 0.50877929375 0.0603657125 0.49755980781250003 0.0570730375 0.4897549484375 0.053414509374999995 0.48487691093749996 0.0468291578125 0.483901303125
0 0.5143788609375 0.46404115468749996 0.5149781578125 0.4587139546875 0.5137795640625 0.4568494375 0.5077866546875 0.4555176375 0.501593975 0.4600457546875 0.49040720625 0.4725646734375 0.49180555625 0.4784245921875 0.4938031890625 0.48188726875 0.4950017671875 0.48641538281249996 0.5007949218750001 0.481620909375 0.5045904296875 0.479490028125 0.5069876015625 0.47656006875 0.50736053125 0.47229181875000004 0.507387128125 0.47016743281249995 0.5101838265625 0.4669711140625 0.5143788609375 0.46404115468749996
0 0.5023930265625001 0.4888126234375 0.5007949218750001 0.49094350625 0.49819799218750005 0.49600434687500006 0.4989970453125 0.5010651796875 0.5055892515625 0.49786886093750005 0.5109828796875 0.49440618281250004 0.5137795640625 0.48907898281250006 0.515577440625 0.4810881921875 0.5141791046875 0.47549463281250004 0.5127807546875001 0.474162828125 0.50998405625 0.47815823281250003 0.505789021875 0.478957309375 0.49923082656249995 0.48313142343750004 0.49859751875 0.4866817515625 0.49839776249999995 0.48827990625 0.5029923234375 0.485882665625 0.5023930265625001 0.4888126234375
0 0.4934036625 0.46723747343750005 0.49679964375 0.46111119531250006 0.49859751875 0.459246678125 0.5019935 0.456583078125 0.5043906734375 0.44726048125 0.50179374375 0.43793788125 0.49819799218750005 0.43660608125 0.4924048390625 0.43873696406249996 0.48621215937500006 0.449391359375 0.4824166515625 0.4555176375 0.48061877500000005 0.46057847812499997 0.4834108640625 0.46613961093749995 0.486012403125 0.4683029140625 0.4890088578125 0.46990107343750004 0.4934036625 0.46723747343750005
0 0.4824166515625 0.49866794687500005 0.4898079109375 0.5007988203125 0.4932038921875 0.49893430624999996 0.494602240625 0.49627070624999997 0.4958008203125 0.490144428125 0.4934036625 0.4840181515625 0.4916057859375 0.4784245921875 0.48920861406249994 0.47070015156249995 0.48261640781250004 0.46297571406250004 0.47722279375000004 0.4595130375 0.46883271249999997 0.4595130375 0.46483743437499997 0.4621766375 0.46483743437499997 0.47043379218750003 0.466635309375 0.4757609921875 0.4716294109375 0.48375179218750003 0.4748417171875 0.48518215937500003 0.475624675 0.4888126234375 0.47742255 0.493873465625 0.4824166515625 0.49866794687500005
0 0.46283979531249997 0.4757609921875 0.458444990625 0.47602735156250003 0.45704664062499994 0.48295270625000003 0.456846878125 0.49334074687499996 0.458444990625 0.49760250156249997 0.46064239218749997 0.49946702500000006 0.4614414453125 0.5053269421875 0.463239321875 0.5098550562499999 0.4660360203125 0.5130513750000001 0.469831534375 0.5138504609375001 0.473427271875 0.5133177421874999 0.4770230234375 0.5117195796875 0.4788209 0.5055933015625 0.47902066874999993 0.499200665625 0.47722279375000004 0.49413982343749996 0.475624675 0.491209865625 0.47374310937499997 0.48840474375 0.47242846250000003 0.4866817515625 0.4720289375 0.48375179218750003 0.4680336515625 0.47815823281250003 0.46283979531249997 0.4757609921875
0 0.898713890625 0.41849562812499996 0.8948069249999999 0.4175484546875 0.8900120093749999 0.42133714375000003 0.8893016546875 0.4277305546875 0.8878809328124999 0.43601830937499997 0.88770335 0.44738437343750004 0.8916103156249999 0.44927872031250005 0.8958724578125 0.44549002812499994 0.897825940625 0.43980699687499997 0.8985468203125 0.43575269375000003 0.9006673718749999 0.43294000156249995 0.901377728125 0.4274937625 0.9006673718749999 0.42181073125 0.898713890625 0.41849562812499996
0 0.9012001328125001 0.45732968124999995 0.9059950484374999 0.4570928890625 0.9086588859375 0.45259382031250006 0.9106123671875 0.44762116562500004 0.9122106734375001 0.44264851250000004 0.9132762062499999 0.4324664171875 0.9113227234375 0.42275790156250004 0.9095468359375 0.41494373281249997 0.904219159375 0.41375977031250005 0.901377728125 0.41375977031250005 0.898713890625 0.41967959375 0.9010225500000001 0.42157393593750003 0.901377728125 0.425362625 0.9010225500000001 0.43151924375000006 0.9010861328124999 0.4354922515625 0.900489778125 0.4393334125 0.8994242453125001 0.44833154375 0.9012001328125001 0.45732968124999995
0 0.8964052296875 0.47840425781249996 0.9015553109375001 0.47082688125 0.9015553109375001 0.4641966734375 0.899601828125 0.4570928890625 0.8953396859374999 0.45235702812499995 0.8912551375 0.4495155125 0.883618790625 0.4469107890625 0.8756272765625001 0.44880513593750004 0.8688788796875 0.453304196875 0.866037446875 0.4599344046875 0.8667478140625 0.4663278109375 0.8701220078125 0.4715372578125 0.8772255812499999 0.47532595000000005 0.8813576218750001 0.47481905312499995 0.8853946890625 0.47674670468749997 0.8894792375 0.480061803125 0.8964052296875 0.47840425781249996
0 0.8614201265625001 0.4935590109375 0.8619529 0.497110903125 0.8642615593749999 0.49971562656249996 0.8718978953125 0.5018467656250001 0.8807773687499999 0.5042146953125 0.88770335 0.503741103125 0.894274153125 0.49853165781250003 0.8965828124999999 0.49426938906249995 0.8967604078125 0.48953352656250004 0.8964052296875 0.4833769109375 0.8932086203124999 0.4807721890625 0.8850395125 0.480061803125 0.879013640625 0.4813301140625 0.8688788796875 0.48385049531249996 0.8644391421875 0.486928803125 0.8621304828125 0.48953352656250004 0.8614201265625001 0.4935590109375
0 0.8821980796875 0.44570586093750003 0.8875257546875 0.447837 0.8866378171875 0.444048315625 0.8850395125 0.4386020765625 0.8834412078125 0.433866215625 0.880244596875 0.4303143234375 0.8765152265625 0.43102470000000004 0.8736737953124999 0.4326822453125 0.8729634390625 0.438365284375 0.869589234375 0.4374181078125 0.8635512046875 0.43765489999999996 0.8617753046875001 0.440496415625 0.8617753046875001 0.44546906875000003 0.8623080765625 0.45257286093750004 0.86390638125 0.45872947656249996 0.8665702203125001 0.458492684375 0.8688788796875 0.4530464453125 0.8733490171874999 0.4479934859375 0.87456174375 0.44665303749999996 0.877580759375 0.44594265312500003 0.8821980796875 0.44570586093750003