2 0.19562773125 0.063337896875 0.1949799578125 0.06863524843749999 0.1966641703125 0.070708125 0.1999030390625 0.073241640625 0.20158725156249999 0.07255068125 0.2035305734375 0.0704778046875 0.20443745781249997 0.0631075765625 0.20158725156249999 0.059883103125 0.20003259375 0.05596766875 0.1980892734375 0.058731504687500005 0.197052834375 0.0610347015625 0.19562773125 0.063337896875
2 0.20547389531250002 0.0849879421875 0.208194546875 0.082454425 0.2088423203125 0.08038155 0.208194546875 0.0760054765625 0.20767632656249999 0.07370227968750001 0.207546771875 0.0704778046875 0.20676944375 0.0690958875 0.20469656718749998 0.0727810015625 0.20288279999999997 0.076696434375 0.2030123546875 0.0808421890625 0.20443745781249997 0.0840666625 0.20547389531250002 0.0849879421875
2 0.2098787578125 0.0679442890625 0.20845365624999998 0.068404928125 0.2079354375 0.069786846875 0.2088423203125 0.0723203625 0.2107856421875 0.0760054765625 0.213117628125 0.0762357953125 0.21532005937499998 0.0762357953125 0.217004271875 0.0750841984375 0.2195953671875 0.071629403125 0.22115002499999997 0.0693262078125 0.22011358749999999 0.0644894953125 0.21946581250000002 0.0626469375 0.2185589296875 0.06057406093749999 0.217522490625 0.059422462499999995 0.21583827812499998 0.06057406093749999 0.2135062921875 0.064259175 0.21156297031250001 0.06633205156250001 0.21130386093750003 0.0690958875 0.2098787578125 0.0679442890625
2 0.175158075 0.22709514999999997 0.1783969453125 0.2257132328125 0.18034026718750001 0.2199552421875 0.1808584859375 0.21534884999999998 0.1816358140625 0.213045653125 0.18176536875 0.2100514984375 0.17891516406250002 0.2065967046875 0.1774900609375 0.2059057453125 0.1752876296875 0.20728766250000003 0.172048759375 0.21166373593749999 0.17101232187499998 0.21373661249999998 0.17036454843749999 0.218573325 0.172048759375 0.2247919546875 0.175158075 0.22709514999999997
2 0.12139021093749999 0.4542327515625 0.12282874531250002 0.45974098750000003 0.12559515937500002 0.4622983828125 0.1276976328125 0.4640688875 0.12935748125 0.46465905625000004 0.13168126875 0.46308527499999996 0.1327878328125 0.4615114921875 0.133230459375 0.4599377109375 0.133341115625 0.4579704828125 0.133119803125 0.4534458609375 0.130574703125 0.4510851890625 0.1288041984375 0.449314684375 0.1269230375 0.44892123906250003 0.1252631890625 0.4475441796875 0.12360334218749999 0.4459703984375 0.1222754640625 0.4491179609375 0.12139021093749999 0.4542327515625
2 0.1398698515625 0.43652770781249994 0.1409764171875 0.4316096390625 0.140423134375 0.42728174062499996 0.1399805078125 0.425117790625 0.138320659375 0.4219702265625 0.13522227656250002 0.42078989062499994 0.1312386421875 0.42216695 0.1302427328125 0.424527621875 0.1284722296875 0.42708501718749997 0.12714435 0.429839134375 0.1249312203125 0.4318063625 0.12360334218749999 0.4361342625 0.123160715625 0.44144577500000004 0.12338202812500002 0.4459703984375 0.1252631890625 0.44793762499999995 0.1288041984375 0.44852779375 0.13212389375 0.4469540109375 0.1334517734375 0.444986784375 0.135443590625 0.44105232968749997 0.1372140953125 0.4394785484375 0.13854197343750002 0.4381014890625 0.1398698515625 0.43652770781249994
2 0.061324331249999996 0.739043940625 0.0628887265625 0.7355211515625 0.0625758484375 0.73070049375 0.062054382812499996 0.7269922953125 0.0610114515625 0.7251381953125 0.058508417187499995 0.724581965625 0.0552753328125 0.7255090156249999 0.05454528125 0.726436065625 0.05360664375 0.7290318046875 0.0517293671875 0.729402625 0.050582143749999996 0.7290318046875 0.049122040625 0.730515084375 0.045784662500000003 0.7353357421875 0.0453674890625 0.7412688593750001 0.04755764375 0.746645746875 0.0493306265625 0.7464603375000001 0.0514164875 0.7453478765625 0.052980884375 0.7440500078125 0.0538152296875 0.742195909375 0.054753867187500006 0.7401563999999999 0.055901090625000004 0.7401563999999999 0.0567354359375 0.7407126296875 0.0581955390625 0.7416396796875 0.059759934375000004 0.7412688593750001 0.061324331249999996 0.739043940625
2 0.0567354359375 0.7544329640625 0.0593427625 0.7566578828125 0.061115745312500004 0.7572141125 0.0625758484375 0.7572141125 0.062680140625 0.7551746031250001 0.062158675 0.752764275 0.060385693750000004 0.7494268953125001 0.057986953125 0.7479436171875 0.05642255625 0.7470165671875 0.055066746875 0.745718696875 0.05360664375 0.7442354171875001 0.051207901562500005 0.7459041078124999 0.049122040625 0.7468311562500001 0.0474533515625 0.74775820625 0.046306128125 0.7488706656249999 0.045158903125 0.750168534375 0.043698799999999996 0.752022634375 0.045263196875 0.752949684375 0.04568036875 0.752022634375 0.0498520921875 0.7533205046875 0.052146540625 0.7533205046875 0.054128107812500006 0.752764275 0.0567354359375 0.7544329640625
2 0.042238696874999995 0.7640742796875 0.043177334375 0.7696365765625 0.044846025 0.77556969375 0.0467233 0.777609203125 0.0483919890625 0.7779800234375001 0.049434920312500005 0.77835084375 0.0507907296875 0.77835084375 0.052042246874999996 0.7777946140625 0.053293764062500006 0.7759405140625 0.0546495734375 0.7757551046875 0.05642255625 0.7759405140625 0.057986953125 0.775198875 0.0600728140625 0.7707490359375 0.0610114515625 0.7670408375 0.0615329171875 0.764630509375 0.060489985937500004 0.7598098515625 0.0586127109375 0.756101653125 0.055901090625000004 0.752949684375 0.0527722984375 0.7535059140625 0.0495392125 0.75498919375 0.048079109375 0.7566578828125 0.0473490578125 0.7570287015625 0.0454717828125 0.7568432921875 0.0435945078125 0.7570287015625 0.0424472828125 0.7601806718749999 0.042238696874999995 0.7640742796875
2 0.48205789374999997 0.3850800203125 0.48205789374999997 0.3796268171875 0.4811140703125 0.3758515234375 0.4789904671875 0.3737541375 0.4768668640625 0.3741736140625 0.47663090781250006 0.3787878640625 0.47663090781250006 0.3825631578125 0.47663090781250006 0.385918975 0.47946237812500003 0.3888553140625 0.48205789374999997 0.3850800203125
2 0.7642856250000001 0.004647396874999999 0.7634538453124999 0.0038024156250000005 0.7610773359375 0.0027461890625 0.758582 0.001267471875 0.7560866640625 0 0.752640725 0.000422490625 0.7507395171875 0.0016899625 0.748957134375 0.0038024156250000005 0.74812535625 0.006548604687499999 0.7496700875 0.007182340625 0.7522842484375001 0.0069710953125 0.7552548859375 0.00591486875 0.7581066984375 0.0061261140625 0.7616714625000001 0.0052811328125000005 0.7633350203125 0.0050698875 0.7642856250000001 0.004647396874999999
2 0.7499077390625 0.010984757812499999 0.7495512625 0.012674720312500002 0.7500265640625 0.0158434 0.7514524703125 0.01837834375 0.7537101546875 0.019223325 0.7577502218750001 0.0194345703125 0.7623844156249999 0.0168996265625 0.7654738796875 0.012463475 0.7655927046875 0.0088723046875 0.763691496875 0.0069710953125 0.7620279390625 0.00591486875 0.7603643828125 0.00591486875 0.75691844375 0.0073935859375 0.7558490140624999 0.006337359375 0.7529972015624999 0.007182340625 0.75109599375 0.00823856875 0.7499077390625 0.010984757812499999
2 0.76000790625 0.01837834375 0.75988908125 0.020490796875 0.7610773359375 0.0213357796875 0.7627408921875001 0.0202795515625 0.76606800625 0.0194345703125 0.7684445171875 0.0194345703125 0.771296328125 0.0164771359375 0.7729598859375 0.0147871734375 0.774148140625 0.0135197015625 0.7747422687500001 0.012885965625 0.77486109375 0.0118297390625 0.7742669656250001 0.0107735125 0.7728410609374999 0.010351021875 0.7721281078125 0.0101397765625 0.771177503125 0.00908355 0.7691574703125 0.00908355 0.7673750874999999 0.0101397765625 0.766662134375 0.01330845625 0.7647609265625 0.013097210937500001 0.7627408921875001 0.0156321546875 0.7611961609375 0.0173221171875 0.76000790625 0.01837834375
2 0.760720859375 0.027039403125 0.760720859375 0.0302080828125 0.7625032421875 0.03422174375 0.7649985765625 0.034010498437499995 0.766543309375 0.0331655171875 0.768325690625 0.0323205359375 0.7708210265625 0.0323205359375 0.7734351875 0.031475554687500004 0.7752175703125 0.029151856250000004 0.775574046875 0.026828157812499996 0.7752175703125 0.024504459375000003 0.774029315625 0.0209132890625 0.7730787109375 0.0194345703125 0.7715339796875 0.0190120796875 0.7702269 0.0190120796875 0.7674939125 0.022814496875 0.7658303562500001 0.0213357796875 0.7640479734375 0.021547025 0.7617902890625 0.0242932140625 0.760720859375 0.027039403125
2 0.77486109375 0.021969515624999998 0.775574046875 0.0217582703125 0.776999953125 0.0202795515625 0.7796141140625 0.0181670984375 0.78056471875 0.016054645312499997 0.7819906234375 0.0147871734375 0.7819906234375 0.014575928125000002 0.7812776703125001 0.013942192187499999 0.7798517656249999 0.0105622671875 0.77652465 0.0078160765625 0.7745046171875 0.0084498140625 0.7728410609374999 0.0092947953125 0.7743857921874999 0.010351021875 0.7749799187499999 0.012252229687500001 0.77486109375 0.013097210937500001 0.7721281078125 0.0175333625 0.7734351875 0.019645815625 0.7739104890624999 0.0202795515625 0.77486109375 0.021969515624999998
2 0.7924472687499999 0.1516741515625 0.7898331062499999 0.15653279375 0.788288375 0.1609689453125 0.7899519328125 0.16730630625 0.7919719656249999 0.1700524953125 0.794704953125 0.16984125 0.796249684375 0.16857377812500002 0.797675590625 0.166038834375 0.7981508921875 0.1618139265625 0.797913240625 0.1592789828125 0.7974379390624999 0.15822275624999999 0.79553673125 0.15484283125 0.7956555562500001 0.1525191328125 0.794942603125 0.150195434375 0.79422965 0.150195434375 0.7924472687499999 0.1516741515625
2 0.8052804218749999 0.1713199671875 0.8070628046874999 0.175333628125 0.8087263625000001 0.1768123453125 0.8106275703125 0.17744608125 0.8124099515625 0.1768123453125 0.8143111609375 0.1759673640625 0.815737065625 0.1755448734375 0.817044146875 0.1766011 0.8189453546875001 0.1776573265625 0.8204900859375 0.177868571875 0.8221536437499999 0.1763898546875 0.82357955 0.1717424578125 0.8232230734374999 0.16751755156249998 0.8217971671875001 0.16456011718750002 0.8200147843750001 0.16223641718749998 0.8179947500000001 0.1605464546875 0.8146676375 0.1605464546875 0.8130040796875001 0.15970147343750002 0.8081322343749999 0.162025171875 0.80456746875 0.16688381562500001 0.8052804218749999 0.1713199671875
2 0.959600215625 0.5743543921875001 0.9570761984375 0.572952159375 0.9521859125000001 0.572952159375 0.9487153875000001 0.5737934984375 0.94792663125 0.5757566234375 0.9471378749999999 0.57715885625 0.9460336171874999 0.57715885625 0.9425630921874999 0.5763175171875 0.9401968249999999 0.5780001953125 0.93751505625 0.5819264468750001 0.9379883093749999 0.5875353765625 0.9395658203125 0.5892180546875 0.9417743375000001 0.5889376093750001 0.9442983546875 0.5886571625 0.949188640625 0.5869744828125001 0.9556564375000001 0.584450465625 0.959442465625 0.5791219812499999 0.9600734703124999 0.5757566234375 0.959600215625 0.5743543921875001
2 0.946980125 0.603520825 0.9471378749999999 0.6057643984375 0.949188640625 0.6071666296875 0.9515549078125 0.6124951140625 0.9537634234375 0.6164213640625 0.9564451937499999 0.61698225625 0.9597579671875 0.6144582390625 0.9637017453125001 0.6116537734375 0.967645525 0.6074470765625 0.97016954375 0.6049230578125 0.969854040625 0.6015577000000001 0.9684342812500001 0.5939856453125001 0.9674877734375 0.5900593953125 0.9670145203124999 0.5878158234375 0.9644905015624999 0.5866940375 0.9567606953125001 0.590339840625 0.9506084015624999 0.5979118953125 0.949188640625 0.6004359140625 0.9480843828125 0.6015577000000001 0.946980125 0.603520825
2 0.9572339484375 0.6301632406250001 0.9583382078125 0.6343699390624999 0.9624397374999999 0.6385766359375 0.9671722718750001 0.642222440625 0.9695385390625001 0.6450269046875 0.972378059375 0.6478313703125 0.9761640859374999 0.648672709375 0.9790036078125001 0.6447464578125001 0.980265615625 0.639417975 0.9797923624999999 0.6340894921875 0.9786881046874999 0.6324068140625 0.9772683437499999 0.6301632406250001 0.9684342812500001 0.624273865625 0.9632284921875 0.6211889546875 0.959600215625 0.62203029375 0.9572339484375 0.6251152046875 0.9572339484375 0.6301632406250001
2 0.9775838468750001 0.6214694 0.9753753312500001 0.619225828125 0.9714315515624999 0.6161409171875001 0.9671722718750001 0.613336453125 0.9621242343749999 0.612775559375 0.9611777281249999 0.6144582390625 0.9611777281249999 0.6167018109375 0.96165098125 0.61754315 0.9640172484375 0.6183844890625 0.9666990171875 0.6189453828125 0.9700117921875 0.6223107406249999 0.9717470546874999 0.62399341875 0.9750598281249999 0.6253956515625 0.9778993500000001 0.6270783296875 0.9796346125 0.6267978828125 0.979319109375 0.6253956515625 0.9775838468750001 0.6214694