2 0.1545834375 0.0247784015625 0.1587014390625 0.0225258203125 0.1637697484375 0.01802065625 0.16345297812499998 0.0140786375 0.1593349765625 0.009010328125 0.155216975 0.009010328125 0.1526828203125 0.0118260546875 0.1526828203125 0.01802065625 0.1545834375 0.0247784015625
2 0.1685212875 0.0045051640625 0.16186913125 0.006757745312500001 0.165036825 0.0118260546875 0.16788775 0.0146417828125 0.17058110937499998 0.014632343749999999 0.17058110937499998 0.0091452140625 0.1685212875 0.0045051640625
2 0.1397160109375 0.011340065625 0.141773684375 0.0076819796875 0.147329403125 0.0076819796875 0.1504159125 0.005487128125 0.150827446875 0.001097425 0.1442428921875 0 0.1370410359375 0.001097425 0.13354299218750001 0.0021948515625 0.1323083875 0.0069503625 0.1323083875 0.0128033 0.1370410359375 0.013900725 0.1397160109375 0.011340065625
2 0.096710640625 0.151078940625 0.09917985 0.1474208546875 0.0981510125 0.1415679171875 0.0971221765625 0.13973887499999998 0.0944472 0.1419337265625 0.09136069062499999 0.1401046828125 0.0901260875 0.1415679171875 0.0901260875 0.14705504687499998 0.09094915625 0.1514447484375 0.0938298984375 0.15071313125000002 0.096710640625 0.151078940625
2 0.1171243375 0.15984105937499998 0.1178760984375 0.16197940156249999 0.12013138125 0.1606429375 0.122085959375 0.1643850359375 0.1243412421875 0.1609102296875 0.126446171875 0.157970009375 0.12599511562500001 0.15396061875 0.12313842500000001 0.15155498437499998 0.1208831421875 0.1518222765625 0.1193796203125 0.15262415468749999 0.119680325 0.15583166875 0.11817680312500001 0.1587718875 0.1171243375 0.15984105937499998
2 0.11471870312500002 0.1587718875 0.1193796203125 0.157970009375 0.1193796203125 0.15262415468749999 0.118627859375 0.1494166421875 0.1153201125 0.14914935 0.1124634203125 0.14888205625 0.11050884218749998 0.149951228125 0.10885496875 0.1544952046875 0.10885496875 0.16037564375 0.110358490625 0.161444815625 0.11336553437500001 0.1617121078125 0.11471870312500002 0.1587718875
2 0.03598464375 0.3340011078125 0.040557278125 0.33082014531250004 0.0427441890625 0.3276391828125 0.0435394296875 0.3233978984375 0.0387679859375 0.320923815625 0.0365810734375 0.320216934375 0.0341953515625 0.320570375 0.031014389062499998 0.324104778125 0.0304179578125 0.3301132640625 0.0318096296875 0.3336476671875 0.03598464375 0.3340011078125
2 0.3989703625 0.13497825624999998 0.4009047640625 0.13039300781250002 0.40332276718750004 0.1298198515625 0.40316156718749996 0.1266674921875 0.3996151640625 0.12552118125 0.3978419625 0.124088290625 0.395746359375 0.125234603125 0.394295559375 0.135837990625 0.3965523609375 0.1392769265625 0.3988091625 0.1401366609375 0.3989703625 0.13497825624999998
2 0.3989703625 0.1372708796875 0.40025996406250003 0.14128297343750001 0.402355565625 0.1415695515625 0.40428996718750004 0.1392769265625 0.40686917031250003 0.13612456875 0.408964771875 0.134118521875 0.411705175 0.13383194375000002 0.412188775 0.1298198515625 0.4105767734375 0.125807759375 0.4076751703125 0.122941978125 0.40622436874999995 0.1226554 0.40445116875 0.1281003828125 0.402355565625 0.1298198515625 0.40025996406250003 0.1309661640625 0.3989703625 0.132972209375 0.3989703625 0.1372708796875
2 0.41509037812500005 0.1281003828125 0.41396197656249994 0.12322855625 0.412188775 0.1209359328125 0.41089917343750004 0.1209359328125 0.408481171875 0.1226554 0.4112215734375 0.12552118125 0.41283357499999995 0.1309661640625 0.4144455765625 0.13268563125 0.41509037812500005 0.1281003828125
2 0.3997763640625 0.167648153125 0.4034839671875 0.165928684375 0.40477356875000003 0.1630629046875 0.40445116875 0.1590508109375 0.4036451671875 0.155611875 0.40203316562499997 0.153605828125 0.3999375640625 0.15733134375 0.3978419625 0.15991054531249999 0.3976807625 0.163636059375 0.3997763640625 0.167648153125
2 0.4147679765625 0.1524595171875 0.4173471796875 0.1521729375 0.41912038125000006 0.14930715781249998 0.42057118281249994 0.14672795624999999 0.42250558437499997 0.144721909375 0.41976518125 0.14128297343750001 0.416218778125 0.1404232390625 0.4136395765625 0.1387037703125 0.41202757500000003 0.137557459375 0.4104155734375 0.1407098171875 0.40880357187499994 0.1450084875 0.4100931734375 0.1473011125 0.412511175 0.1507400484375 0.4147679765625 0.1524595171875
2 0.368019934375 0.5937896953124999 0.3710827375 0.5957957421875 0.375112740625 0.5957957421875 0.3762411421875 0.5943628515625 0.381077146875 0.5926433828125 0.38381755 0.588058134375 0.3826891484375 0.58060710625 0.3801099453125 0.5786010593750001 0.37753074375 0.579747371875 0.3754351421875 0.582326575 0.3710827375 0.581466840625 0.36834233437499997 0.5849057765625 0.367697534375 0.589204446875 0.368019934375 0.5937896953124999
2 0.387363953125 0.5874849796875 0.388975953125 0.5846191984375 0.3904267546875 0.582326575 0.3891371546875 0.5763084359375 0.388492353125 0.5722963421875 0.387525153125 0.569717140625 0.38542955 0.5717231859374999 0.3833339484375 0.5757352796874999 0.382044346875 0.579747371875 0.3831727484375 0.5840460421875 0.38510715 0.58777155625 0.387363953125 0.5874849796875
2 0.39219995625 0.6035333484375001 0.3930059578125 0.6063991296875 0.39477915937499997 0.6063991296875 0.394940359375 0.601240725 0.3938119578125 0.5955091640625 0.3938119578125 0.590923915625 0.3939731578125 0.5871984015625 0.39219995625 0.5828997296875 0.3897819546875 0.5837594640625 0.3892983546875 0.59006418125 0.3905879546875 0.5946494296875 0.39155515625000004 0.5969420546875 0.39219995625 0.6035333484375001
2 0.39236115625 0.5424922265625 0.388331153125 0.5444982734375 0.3865579515625 0.5462177406250001 0.3860743515625 0.5519493015625 0.38430115 0.55940033125 0.38413995 0.5654184703125 0.38559075 0.5619795328125 0.3892983546875 0.5508029890625 0.39139395625 0.547077475 0.3928447578125 0.547364053125 0.3934895578125 0.5430653828125 0.3970359609375 0.539626446875 0.39236115625 0.5424922265625
2 0.3931671578125 0.5860520890625 0.394295559375 0.5889178687500001 0.3960687609375 0.58777155625 0.3967135609375 0.5828997296875 0.39687476093749996 0.5777413250000001 0.3965523609375 0.571436609375 0.395585159375 0.5677110937500001 0.39219995625 0.566851359375 0.388814753125 0.5651318921875 0.38994315468749996 0.572009765625 0.38994315468749996 0.5763084359375 0.39171635625 0.58060710625 0.3931671578125 0.5860520890625
2 0.395101559375 0.6270327484375 0.3981643625 0.6267461703125 0.4009047640625 0.6244535453125 0.40428996718750004 0.61958171875 0.40525716875000006 0.6161427828125 0.4028391671875 0.612703846875 0.4004211640625 0.6115575343749999 0.3976807625 0.61127095625 0.394617959375 0.6144233140625001 0.3941343578125 0.6190085625 0.3939731578125 0.62416696875 0.395101559375 0.6270327484375
2 0.3999375640625 0.6072588640625 0.402355565625 0.6052528171875 0.4036451671875 0.600954146875 0.40541836875000004 0.5969420546875 0.40622436874999995 0.5929299625 0.40557956875 0.5874849796875 0.40203316562499997 0.5851923546875 0.3994539640625 0.58175341875 0.3971971609375 0.5791742156249999 0.3959075609375 0.5866252453125 0.39477915937499997 0.5946494296875 0.3959075609375 0.600954146875 0.3976807625 0.6058259734375 0.3999375640625 0.6072588640625
2 0.3991315625 0.5657050484374999 0.4004211640625 0.56169295625 0.4005823640625 0.55825401875 0.401388365625 0.5542419265625 0.40445116875 0.5533821921875 0.40557956875 0.54765063125 0.4034839671875 0.5427788046875001 0.40009876406249995 0.540772759375 0.3970359609375 0.539626446875 0.39477915937499997 0.5419190703125001 0.39219995625 0.5462177406250001 0.39203875625 0.5530956140625001 0.3931671578125 0.5642721578125001 0.3965523609375 0.5679976718749999 0.3991315625 0.5657050484374999
2 0.40670797031249994 0.5777413250000001 0.4096095734375 0.5743023890625001 0.4112215734375 0.569717140625 0.408158771875 0.5665647828125 0.40622436874999995 0.5614063765624999 0.4028391671875 0.5611198 0.4028391671875 0.5694305625 0.40316156718749996 0.5760218578125 0.40445116875 0.5791742156249999 0.40670797031249994 0.5777413250000001
2 0.412349975 0.5677110937500001 0.41299477500000004 0.5657050484374999 0.41299477500000004 0.5599734875 0.4133171765625 0.55710770625 0.41089917343750004 0.5551016609375 0.40864237187499997 0.5553882390625 0.40783637031250003 0.559686909375 0.4096095734375 0.5642721578125001 0.4100931734375 0.5691439843749999 0.412349975 0.5677110937500001
2 0.40993197343750004 0.582613153125 0.411543975 0.5763084359375 0.412511175 0.569717140625 0.412511175 0.566851359375 0.41073797343749996 0.5717231859374999 0.40928717187499997 0.5751621234375001 0.40654677031249997 0.5786010593750001 0.40606316875 0.5834728859375 0.40751397031250003 0.588058134375 0.40993197343750004 0.582613153125
2 0.41396197656249994 0.5869118234374999 0.415735178125 0.589491025 0.41815318125 0.589777603125 0.41944278125 0.5851923546875 0.4208935828125 0.579747371875 0.42040998281249997 0.5765950140625 0.41815318125 0.5725829203125 0.41589637812499997 0.5682842499999999 0.4147679765625 0.5677110937500001 0.41299477500000004 0.570576875 0.41299477500000004 0.5745889671875 0.412349975 0.578027903125 0.412672375 0.5840460421875 0.41396197656249994 0.5869118234374999
2 0.7321323234375 0.0723482 0.7354744953125001 0.07025115 0.7372438812500001 0.06570754375 0.7346881015625 0.056270821875 0.732328921875 0.05452328125 0.731542528125 0.056969837499999995 0.7295765453125 0.0601154125 0.7256445765625 0.062212460937500005 0.724858184375 0.06885311718750001 0.7274139625 0.07409574062499999 0.7321323234375 0.0723482
2 0.736850684375 0.07968787187500001 0.7407826515625 0.0754937734375 0.742945234375 0.07025115 0.7423554390625 0.06675606875 0.739799659375 0.0699016421875 0.7364574875 0.0716491828125 0.7335085125 0.0737462328125 0.73272211875 0.07794033125 0.733901709375 0.08423147812500001 0.736850684375 0.07968787187500001
2 0.749629578125 0.0824839375 0.749629578125 0.0782898390625 0.7482533890624999 0.0723482 0.74628740625 0.06920262499999999 0.7441248234375 0.0699016421875 0.7435350281249999 0.0733967234375 0.7441248234375 0.0775908234375 0.74628740625 0.081784921875 0.749629578125 0.0824839375
2 0.7610322828125 0.23906361562499998 0.7624084718749999 0.23486951718750002 0.7649642515624999 0.23417050156250002 0.7671268328124999 0.23417050156250002 0.7679132265625 0.2310249265625 0.7679132265625 0.2254327953125 0.7679132265625 0.2191416484375 0.767716628125 0.2159960734375 0.76516085 0.215646565625 0.7635880625 0.21774361562500003 0.7610322828125 0.22053968125 0.7582799062500001 0.2264813203125 0.7592628984375 0.23277246875 0.7604424890625 0.23801509062499998 0.7610322828125 0.23906361562499998
2 0.7635880625 0.24605377968750003 0.7655540453125 0.2498983703125 0.76732343125 0.251296403125 0.7698792109375 0.252344928125 0.771451996875 0.25059738593750003 0.7736145796875 0.24675279687499999 0.7736145796875 0.24395673125 0.7696826125 0.2359180421875 0.76732343125 0.23277246875 0.7641778578125 0.233471484375 0.76280166875 0.235219025 0.7622118734375001 0.2383646 0.7626050703125 0.24395673125 0.7635880625 0.24605377968750003
2 0.7848206859375 0.23626755 0.7867866703125 0.2383646 0.7881628578125001 0.244655746875 0.78993224375 0.2471023046875 0.7920948250000001 0.24675279687499999 0.7970097843749999 0.24290820625 0.7987791703125 0.2397626328125 0.7979927765625 0.234520009375 0.7972063828125 0.22997640156250002 0.7952404 0.22613181249999997 0.7934710140625 0.2257823046875 0.7917016296875 0.22263672968749998 0.7893424484375 0.22123869687500003 0.7846240875 0.222287221875 0.78246150625 0.226830828125 0.7826581046875 0.23172394375 0.7848206859375 0.23626755
2 0.7736145796875 0.244655746875 0.77479416875 0.2481508296875 0.777546546875 0.2453547640625 0.7806921203125 0.2464032890625 0.7830513 0.2464032890625 0.7832479 0.2432577140625 0.7836410953125 0.23906361562499998 0.7832479 0.234520009375 0.7814785140625 0.23242295937500002 0.7795125296875 0.2282288609375 0.7785295390625 0.2250832875 0.77636695625 0.2254327953125 0.7745975703125 0.22962689374999998 0.7728281859374999 0.23242295937500002 0.772238390625 0.234520009375 0.7736145796875 0.2387141078125 0.7736145796875 0.244655746875
2 0.8058567109375 0.2369665671875 0.8070363015625001 0.23172394375 0.8062499078125 0.227879353125 0.8029077359375 0.226830828125 0.7952404 0.22368525468749997 0.7968131875 0.228927878125 0.8001553593749999 0.23312197656250003 0.803104334375 0.2369665671875 0.8058567109375 0.2369665671875
2 0.7856070796875 0.270169846875 0.7891458499999999 0.26912132187500004 0.7901288421875 0.263529190625 0.7905220390625 0.2593350921875 0.788752653125 0.255840009375 0.785803678125 0.250247878125 0.7842308906250001 0.2464032890625 0.7814785140625 0.24745181249999998 0.7787261375 0.24745181249999998 0.776760153125 0.2488498453125 0.77636695625 0.2572380421875 0.780102325 0.260733125 0.7818717109375 0.26632525625 0.7856070796875 0.270169846875
2 0.7920948250000001 0.26143214062500003 0.794847203125 0.26178165 0.7946506046875 0.2572380421875 0.7926846203125 0.2516459109375 0.791111834375 0.2498983703125 0.78835945625 0.2471023046875 0.7867866703125 0.24954886250000002 0.788752653125 0.252344928125 0.7905220390625 0.25514099375 0.7920948250000001 0.26143214062500003
2 0.8284655234375 0.49665116718749996 0.8284655234375 0.49315608437499997 0.828268925 0.4882629703125 0.8284655234375 0.4847678875 0.82296076875 0.486515428125 0.8223709749999999 0.486515428125 0.8202083921875 0.4872144453125 0.818242409375 0.4882629703125 0.821191384375 0.49595215000000004 0.8235505640625 0.50154428125 0.8268927375 0.50049575625 0.8284655234375 0.49665116718749996
2 0.836919253125 0.4879134609375 0.8359362625 0.48546690468750003 0.833970278125 0.48546690468750003 0.8314145 0.4872144453125 0.833970278125 0.49175805156249996 0.83514986875 0.49665116718749996 0.835543065625 0.4910590359375 0.836919253125 0.4879134609375
2 0.8451763859374999 0.49490362499999996 0.848321959375 0.49315608437499997 0.8506811390625 0.49140854375 0.8532369187500001 0.489661003125 0.8526471234375 0.487563953125 0.8493049515625 0.4858164125 0.8467491718750001 0.4872144453125 0.84419339375 0.488612478125 0.841441015625 0.4879134609375 0.8386886390624999 0.4879134609375 0.8375090484375001 0.49210755937500006 0.838492040625 0.4945541171875 0.8416376140624999 0.49595215000000004 0.8451763859374999 0.49490362499999996
2 0.8251233515624999 0.529854446875 0.8284655234375 0.5316019875 0.83062810625 0.5319514953125 0.83062810625 0.5284564140625 0.829448515625 0.5246118234375 0.8302349093749999 0.519718709375 0.8302349093749999 0.5179711671875 0.8280723265625 0.51587411875 0.826499540625 0.51587411875 0.8243369578124999 0.5151751015625 0.821191384375 0.516573134375 0.8209947859375 0.522165265625 0.8221743765625 0.527757396875 0.8251233515624999 0.529854446875
2 0.83220089375 0.51377706875 0.834363475 0.5106314953125 0.8371158515625 0.5092334625 0.841441015625 0.5067869046875 0.8432104015625 0.5018937890624999 0.8410478187500001 0.49909772500000005 0.8380988437499999 0.49909772500000005 0.83514986875 0.49909772500000005 0.8325940890625001 0.499796740625 0.83062810625 0.5053888718749999 0.8292519171875 0.509932478125 0.8304315078125001 0.51272854375 0.83220089375 0.51377706875
2 0.8314145 0.5232137906250001 0.833970278125 0.5239128078124999 0.836919253125 0.5239128078124999 0.8392784343749999 0.52600985625 0.8424240078125 0.5274078890625 0.84556958125 0.52810690625 0.8496981484375 0.525310840625 0.8508777375 0.5207672328124999 0.852057328125 0.5183206765625 0.8487151562499999 0.5151751015625 0.8457661796875 0.513078053125 0.84419339375 0.5116800203125 0.840458025 0.512029528125 0.836919253125 0.513078053125 0.8331838843750001 0.513078053125 0.8308247046874999 0.5162236265625 0.8302349093749999 0.5204177249999999 0.8314145 0.5232137906250001
2 0.8553995000000001 0.5102819875 0.8575620828125 0.5102819875 0.8583484765625 0.5060878890625 0.8589382703125 0.5029423140625 0.8583484765625 0.49804919999999997 0.8571688859375 0.49350559218749995 0.8557926968749999 0.4889619859375 0.8544165078124999 0.4910590359375 0.8526471234375 0.496301659375 0.8532369187500001 0.50259280625 0.8550063031249999 0.5053888718749999 0.8553995000000001 0.5102819875
2 0.8475355656250001 0.546630840625 0.8495015499999999 0.5413882171875 0.85009134375 0.5357960859374999 0.8502879421875 0.5302039546875 0.8506811390625 0.52600985625 0.8477321640625 0.5295049390625 0.8443899921875 0.5336990375 0.8439967953125 0.53719411875 0.84556958125 0.5431357593749999 0.8475355656250001 0.546630840625
2 0.8547323875 0.5467733453125 0.8561689124999999 0.5472841093749999 0.8584673515624999 0.54805025625 0.8601911812499999 0.5467733453125 0.8622023171875 0.5447302875 0.863207884375 0.54141031875 0.863926146875 0.5375795859375 0.8630642328125001 0.5342596171875 0.8613404015624999 0.5319611765625 0.859616571875 0.5278750609375 0.85803639375 0.52506585625 0.8561689124999999 0.5214905046875 0.8550196921875 0.520979740625 0.8548760390625001 0.524810475 0.8553995000000001 0.5291554296875 0.8530403203124999 0.5323010046875 0.8515720312499999 0.538856496875 0.8527212515624999 0.543964140625 0.8547323875 0.5467733453125