2 0.5616881968749999 0.022504234375 0.56338630625 0.02264145625 0.5644669203125 0.022367014062500003 0.5657790953124999 0.021680909374999998 0.5671684578125 0.019897035937499998 0.56740001875 0.0177015015625 0.5661650296875 0.016192071875 0.5640037999999999 0.015094303125 0.5620741312499999 0.0156431875 0.5607619546875 0.01797594375 0.56060758125 0.0200342578125 0.5616881968749999 0.022504234375
2 0.5681718859375 0.084665321875 0.56863500625 0.08233256562499999 0.5681718859375 0.07807871562499999 0.567631578125 0.0764320640625 0.566782525 0.07711816875000001 0.5649300421875 0.07752983125 0.565084415625 0.0812347984375 0.5654703484375 0.0828814484375 0.5671684578125 0.08535142500000001 0.5681718859375 0.084665321875
2 0.5611478890625 0.077667053125 0.5599900875 0.0806859140625 0.5615338234375 0.0832931109375 0.562691625 0.083567553125 0.56338630625 0.0841164375 0.564312546875 0.08603753125 0.5649300421875 0.08535142500000001 0.5654703484375 0.082744228125 0.5648528546875 0.0798625875 0.5637722390625 0.0769809484375 0.5627688109375 0.0756087390625 0.562305690625 0.075745959375 0.5611478890625 0.077667053125
2 0.5648528546875 0.09276135625000001 0.5655475359375 0.090565821875 0.565084415625 0.087821403125 0.56338630625 0.0845281 0.5622285046875 0.0832931109375 0.5606847687500001 0.0830186703125 0.558600725 0.0830186703125 0.5569798031250001 0.083704775 0.557597296875 0.0848025421875 0.5599128999999999 0.0885075078125 0.5618425703125001 0.0911147046875 0.5630003718750001 0.09276135625000001 0.5648528546875 0.09276135625000001
2 0.5538923312499999 0.09509411250000001 0.5560535625 0.09852463593750001 0.55806041875 0.09825019375 0.5594497796875 0.09660354374999999 0.5602216484375 0.093310240625 0.5601444609375 0.090565821875 0.558291978125 0.0885075078125 0.5561307484375 0.08576308906249999 0.5542010796875 0.0849397625 0.5524257828125 0.08768418125 0.551653915625 0.09193803125 0.5538923312499999 0.09509411250000001
2 0.5598357140625 0.1302226734375 0.5627688109375 0.13186932499999998 0.5654703484375 0.1321437671875 0.566319403125 0.1307715578125 0.5663965906249999 0.1278899171875 0.5657790953124999 0.125968825 0.5640809875 0.1224010796875 0.56060758125 0.12445939375 0.558986659375 0.1272038140625 0.5598357140625 0.1302226734375
2 0.5602216484375 0.33289800468749997 0.5573657375 0.33495631875 0.55535888125 0.3379751796875 0.5552045078125001 0.34085682031250003 0.5562079359375 0.34318957499999997 0.56060758125 0.34085682031250003 0.56338630625 0.337837959375 0.5642353609375 0.3348190984375 0.5635406796875 0.332349121875 0.5620741312499999 0.3320746796875 0.5602216484375 0.33289800468749997
2 0.5595269671875001 0.3529322625 0.5627688109375 0.35375558749999997 0.5635406796875 0.35265782031250004 0.565084415625 0.3504622859375 0.5663965906249999 0.349638959375 0.5681718859375 0.3477178671875 0.5693296875 0.34209180781250004 0.56863500625 0.339072946875 0.5672456453125 0.338249621875 0.5653159750000001 0.337837959375 0.5620741312499999 0.34044515625 0.5595269671875001 0.343326796875 0.558291978125 0.3470317625 0.5595269671875001 0.3529322625
2 0.5675543921874999 0.39629407968749997 0.5695612484375 0.3945102078125 0.5698699953124999 0.3912169046875 0.5691753140625 0.38998191718749997 0.5672456453125 0.388746928125 0.566782525 0.3862769515625 0.5668597109375 0.38435585781250003 0.5659334687500001 0.3820231015625 0.563077559375 0.380925334375 0.5624600640625 0.380925334375 0.5614566359375 0.3821603234375 0.563077559375 0.3892958125 0.5644669203125 0.3943729875 0.56601065625 0.3958824171875 0.5675543921874999 0.39629407968749997
2 0.5578288578125 0.3849047421875 0.5572113640625 0.385179184375 0.5560535625 0.3866886140625 0.5558991875 0.3912169046875 0.5567482421875 0.395745196875 0.558369165625 0.39917572031250004 0.5602988343749999 0.3999990453125 0.5616881968749999 0.399861825 0.56330911875 0.3986268359375 0.5642353609375 0.3954707546875 0.5638494265625 0.3921774515625 0.5620741312499999 0.385453625 0.560993515625 0.3820231015625 0.55937259375 0.38229754374999997 0.559063846875 0.3827092078125 0.5578288578125 0.3849047421875
2 0.560376021875 0.4662767609375 0.560067275 0.4727261453125 0.56469848125 0.47615666875 0.5680175125 0.477940540625 0.5702559296875 0.47752887812499994 0.5718768515625 0.47588222656249995 0.5725715328125001 0.47107949375 0.5714909171875 0.4649045515625 0.5697928078125 0.46435566718750004 0.5677087656250001 0.46353234218750006 0.5653159750000001 0.46051348125 0.5628459984374999 0.46010181875 0.5613022625 0.463120678125 0.560376021875 0.4662767609375
2 0.5437808640624999 0.6826741859375 0.5434721171875 0.6885746859374999 0.545556159375 0.69255409375 0.5493383125 0.6926913140625001 0.5514223546875 0.68830024375 0.5530432765625 0.685281384375 0.55528169375 0.6830858484375 0.5574429234375 0.680615871875 0.5585235390625 0.678832 0.558291978125 0.6738920453125 0.55667105625 0.669638196875 0.5545098265624999 0.6682659875 0.551885475 0.66867765 0.5493383125 0.6707359640624999 0.549261125 0.6734803828125 0.5481805109375 0.6752642546875001 0.5465595875 0.6766364640625 0.545556159375 0.6780086734374999 0.5437808640624999 0.6826741859375
2 0.554278265625 0.6637376953125 0.5525029703125 0.661816603125 0.5504961140625 0.6605816140625 0.5490295640625 0.6600327312500001 0.5476402031250001 0.6611304984374999 0.5439352375000001 0.6630515906250001 0.542545875 0.6633260328125 0.5416968203125 0.6662076734375 0.539612778125 0.6699126375 0.5371428 0.675538696875 0.538840909375 0.6799297671875 0.5406933921875 0.6795181046875001 0.5447842921875 0.6744409296875 0.55134516875 0.6684032078125 0.554355453125 0.668128765625 0.5545870125000001 0.6662076734375 0.554278265625 0.6637376953125
2 0.566782525 0.807819684375 0.5661650296875 0.806584696875 0.5634634921874999 0.806996359375 0.562691625 0.8067219171875 0.5604532078125 0.805075265625 0.5599900875 0.805075265625 0.557056990625 0.8058985921874999 0.5572113640625 0.8071335796874999 0.5605303953125 0.8102896625 0.5634634921874999 0.8123479765624999 0.5661650296875 0.8131713015625 0.567014084375 0.8126224171875001 0.566782525 0.807819684375
2 0.5568254296874999 0.8181112562499999 0.559063846875 0.8219534421875 0.5625372515625 0.8245606406249999 0.5645441078125 0.823874534375 0.5659334687500001 0.8220906625 0.5669368984375 0.817150709375 0.5670912718750001 0.8139946265625 0.5651616015625 0.8124851968750001 0.5631547453125 0.8119363140625 0.5608391421875 0.8112502078125001 0.55937259375 0.8089174531250001 0.557056990625 0.8094663359375 0.5563623093750001 0.8150923953125 0.5568254296874999 0.8181112562499999
2 0.55929540625 0.879037353125 0.56137945 0.8821934359375 0.5645441078125 0.8838400859375 0.5677087656250001 0.8838400859375 0.5695612484375 0.8816445515625 0.5700243687500001 0.8782140281249999 0.570333115625 0.8771162609375001 0.570333115625 0.8745090624999999 0.5704874890625 0.8713529812499999 0.570333115625 0.868471340625 0.5691753140625 0.863394165625 0.568326259375 0.8616102937499999 0.56740001875 0.8609241890625 0.5661650296875 0.863394165625 0.5664737765625001 0.8686085625000001 0.5657790953124999 0.8708040968749999 0.5648528546875 0.8705296562499999 0.561070703125 0.8721763062500001 0.5595269671875001 0.8746462828125001 0.55929540625 0.879037353125
2 0.5538923312499999 0.879723459375 0.5557448140625 0.8794490171874999 0.5581376046875001 0.8760184921875 0.560376021875 0.870392434375 0.5616881968749999 0.8675107953125 0.562382878125 0.8655897015624999 0.561070703125 0.8624336203125 0.558600725 0.859826421875 0.5575201109375 0.8580425500000001 0.5567482421875 0.8573564453125 0.555590440625 0.8596892015625001 0.554972946875 0.8660013640625 0.5538151453125 0.8697063296875 0.5531204640625 0.8756068296875 0.5527345296874999 0.8783512484375 0.5538923312499999 0.879723459375
2 0.5521170359375 0.859003096875 0.5494926859375 0.8647663765625 0.5467911484375 0.870392434375 0.5453246 0.8723135281250001 0.5457105328125 0.8773907015625 0.5487980046875001 0.8798606796874999 0.5501101796875 0.8795862375000001 0.5511136078125001 0.8784884703125 0.5527345296874999 0.8754696093750001 0.553583584375 0.869980771875 0.5538923312499999 0.86586414375 0.5547413859375 0.8627080625 0.5557448140625 0.8601008640625001 0.556902615625 0.8529653749999999 0.5548185734375 0.8550236890624999 0.5538923312499999 0.8562586765625 0.5521170359375 0.859003096875
2 0.6604845046875 0.041517309375 0.662081325 0.04258185625 0.6629795359374999 0.04258185625 0.663977546875 0.041517309375 0.6653747640625001 0.0402753390625 0.6665723796874999 0.0402753390625 0.6673707890625 0.039210792187499996 0.668269 0.03672685 0.668468603125 0.034952606250000004 0.6676701921875 0.0333557875 0.6671711874999999 0.032823514062499996 0.6645763546875 0.0330009375 0.6615823187500001 0.034242909375000005 0.6596860953125 0.036194576562500004 0.6596860953125 0.03867851875 0.6604845046875 0.041517309375
2 0.6607368874999999 0.09127919375 0.6627465859375 0.092085953125 0.665988034375 0.0926622109375 0.667868075 0.09277746249999999 0.6690349953125 0.09231645625 0.6699426015625 0.0904724328125 0.670590890625 0.08770639687500001 0.67072055 0.086323378125 0.67072055 0.0844793546875 0.669164653125 0.0828658328125 0.6685811937499999 0.0824048265625 0.6670252984375 0.08263532968750001 0.665080428125 0.08205907343749999 0.6635893625 0.0830963359375 0.662163125 0.086092875 0.6609962031250001 0.0886284078125 0.6607368874999999 0.09127919375
2 0.6703964046875 0.12447162656249999 0.67123918125 0.12608514843750002 0.6727302468749999 0.12585464531249999 0.673637853125 0.12470212968750001 0.6744806296875 0.12274285468749999 0.6745454578125 0.1187090515625 0.6745454578125 0.1167497765625 0.6737675109375 0.1149057515625 0.6726005890625 0.1136379859375 0.6709150359375 0.1136379859375 0.67085020625 0.115943015625 0.670331575 0.11893955468749999 0.670331575 0.12205134531249999 0.6703964046875 0.12447162656249999
2 0.6984435078125 0.538278653125 0.700940921875 0.538278653125 0.703795109375 0.5363758609375 0.70462758125 0.5327816984375 0.7051032796875 0.5283418515625 0.706887146875 0.5258047953125 0.70771961875 0.5213649484375 0.7079574671875 0.5190393140625 0.70593575 0.5158679937499999 0.7042708078125 0.5137537812499999 0.702486940625 0.5131195171875 0.7003463 0.5143880453125 0.6983245828125 0.5211535265625 0.6972542625 0.5298218 0.6974921125 0.534684490625 0.6984435078125 0.538278653125
2 0.69035664375 0.5158679937499999 0.6876213796874999 0.5253819531249999 0.687978153125 0.5317245921875 0.69035664375 0.5363758609375 0.6934486796875 0.5351073328125 0.6961839421875 0.53024464375 0.6971353390624999 0.5234791609375 0.69868135625 0.5158679937499999 0.698205659375 0.509948196875 0.695232546875 0.5112167249999999 0.69297298125 0.5129080953125 0.69035664375 0.5158679937499999
2 0.7091467125 0.49599439062500006 0.706768221875 0.49599439062500006 0.7032004875 0.5002228171875001 0.7012976953125001 0.50297129375 0.6976110375 0.5063540343749999 0.6978488859375 0.5095253546875 0.700227375 0.5114281468749999 0.7014166203125 0.5107938828125 0.7048654296875 0.5076225625 0.70748176875 0.5042398218749999 0.71045488125 0.5008570812500001 0.7099791828125 0.4981086046875 0.7091467125 0.49599439062500006
2 0.7029626390625 0.5131195171875 0.7051032796875 0.514599465625 0.7071249953125001 0.51734794375 0.7079574671875 0.5207306843749999 0.71033595625 0.519250734375 0.7129522953125 0.5162908359375 0.713903690625 0.5143880453125 0.713903690625 0.5120624109375 0.7128333703124999 0.5067768781249999 0.7116441265625 0.5057197718750001 0.708433165625 0.5050855078125001 0.7052222031250001 0.5082568265625 0.7023680156250001 0.51015961875 0.700940921875 0.512485253125 0.7029626390625 0.5131195171875
2 0.696659640625 0.5771801734374999 0.698086734375 0.577603015625 0.7007030734375 0.5773915953125 0.7034383359375 0.5757002250000001 0.7051032796875 0.5733745890625 0.70462758125 0.5687233218750001 0.7033194125 0.5632263671875 0.7015355453125001 0.560055046875 0.6991570546875 0.5583636765625 0.6968974890624999 0.5573065703125 0.6977299609375 0.5621692609375 0.6985624328125 0.56703195 0.6964217921875 0.574220275 0.696659640625 0.5771801734374999
2 0.689405246875 0.55709515 0.687978153125 0.5615349968750001 0.6883349265625001 0.5659748437500001 0.6897620203125 0.5708375343750001 0.6917837375 0.5759116453125 0.693686528125 0.5782372796875 0.6948757734375001 0.5780258593750001 0.69594609375 0.5761230671875001 0.6970164140625 0.5725289046875 0.6970164140625 0.56745479375 0.696659640625 0.5613235750000001 0.6955893203125 0.5575179921875 0.694400075 0.5575179921875 0.692259434375 0.5564608859375 0.689405246875 0.55709515
2 0.7627816546874999 0.9695781234374999 0.7629005796875 0.966406803125 0.7613545609375 0.9604870062499999 0.75945176875 0.95689284375 0.7557651109375 0.95477863125 0.7533866203125 0.9552014734375 0.751721678125 0.9562585796875 0.7492242640625 0.9575271078125001 0.747202546875 0.9573156875000001 0.7462511515625 0.9566814234375001 0.7428023421875001 0.953721525 0.7392346062499999 0.9541443671875 0.737093965625 0.9577385296875001 0.73649934375 0.9626012203125001 0.7381642859374999 0.9661953828125001 0.7447051328125001 0.9704238078125 0.7526730734375 0.9719037578125 0.757311128125 0.9735951281249999 0.7599274671875 0.9727494421875 0.7627816546874999 0.9695781234374999
2 0.73507225 0.9824748234375 0.7378075125 0.994314415625 0.7431591156249999 0.9981199999999999 0.7489864140625 1 0.7611167125 0.9995999484375 0.7620681078125 0.994737259375 0.7624248812500001 0.989663146875 0.7615924109375001 0.9843776140625 0.758262525 0.9793035031249999 0.757311128125 0.9782463968749999 0.75088920625 0.975709340625 0.74518083125 0.972538021875 0.740186003125 0.9723266 0.73661826875 0.9752864984375 0.73507225 0.9824748234375
2 0.6702720359375001 0.1216470875 0.670425803125 0.118093353125 0.670425803125 0.11426625312500001 0.6681192921875 0.11289943124999999 0.6659665484375 0.1159064390625 0.6650439453125 0.1194601734375 0.6667353859375 0.1219204515625 0.6702720359375001 0.1216470875