2 0.4872089921875 0.07925655312499999 0.488303025 0.080229025 0.49067342812500003 0.0805531828125 0.491767459375 0.081363578125 0.49304383124999995 0.08152565625 0.4948672171875 0.0810394203125 0.4962347578125 0.080066946875 0.4962347578125 0.0768253703125 0.4958700796875 0.075042503125 0.49504955624999997 0.07358379375 0.4924056453125 0.07309755625 0.4913116125 0.0726113203125 0.48912354843749994 0.0727733984375 0.48739133125 0.07520458125 0.4872089921875 0.07925655312499999
2 0.48985290312499996 0.0690455859375 0.488303025 0.07018013749999999 0.48793834687500004 0.0719630046875 0.488303025 0.0734217140625 0.48921471875 0.072935478125 0.49122044374999996 0.0727733984375 0.492770321875 0.07212508281249999 0.49304383124999995 0.07147676875 0.493590846875 0.0703422171875 0.49258798437499995 0.06855934999999999 0.49167629062499996 0.06855934999999999 0.48985290312499996 0.0690455859375
2 0.4938643546875 0.21799603906249998 0.4944113703125 0.2194547484375 0.49605241875 0.219616828125 0.498331653125 0.2205893015625 0.49979036250000003 0.2205893015625 0.5021222390625 0.22000542343750001 0.502506565625 0.21863893124999997 0.5023431046875 0.215402778125 0.50170491875 0.21345783125 0.500793225 0.21248535937500002 0.4981493140625 0.2115128859375 0.496417096875 0.21070249218749998 0.4943202015625 0.211188728125 0.49322616874999997 0.214106146875 0.4938643546875 0.21799603906249998
2 0.49899216874999996 0.4878284046875 0.499682975 0.48905650312500004 0.500911075 0.489602325 0.501525125 0.48892004843750003 0.50267646875 0.488101315625 0.5039045671875 0.48905650312500004 0.5056699609375 0.49055751406250003 0.506821303125 0.49055751406250003 0.508509940625 0.48851068125 0.509123990625 0.48373473906250003 0.506744546875 0.48209727343750003 0.5055932046875 0.4818243625 0.5030602484375 0.4797775296875 0.5002202687499999 0.4797775296875 0.4989154125 0.48264309531249994 0.49899216874999996 0.4878284046875
2 0.49676623906249995 0.6871898859375001 0.49745704531249996 0.6843243203125 0.49807109531249993 0.6805035671875 0.4969965078125 0.6766828125 0.4956916515625 0.67559116875 0.494463553125 0.6747724359375 0.494003015625 0.673817246875 0.493388965625 0.6702694046875 0.4907024984375 0.6661757390624999 0.48786251875 0.6663121953125 0.48678793125 0.6672673828125 0.48632739375 0.669314215625 0.48686468749999995 0.6723162375 0.4899349359375 0.6806400218750001 0.491853840625 0.6871898859375001 0.494233284375 0.6884179859375 0.49676623906249995 0.6871898859375001
2 0.4829501203125 0.6701329484375 0.48187553281250006 0.6708152265625 0.480186896875 0.6735443359375 0.479265821875 0.676136990625 0.479419334375 0.6822774875000001 0.48202904531249996 0.6912835515625 0.4836409265625 0.695513671875 0.48456200000000005 0.69701468125 0.48694144375 0.6972875921874999 0.4886300796875 0.6972875921874999 0.48970466718749994 0.6957865828124999 0.4904722296875 0.69373975 0.49123979218749997 0.6889638078125 0.4906257421875 0.6850065984375 0.48955115468750005 0.6824139437500001 0.487939275 0.677365090625 0.486097125 0.672043325 0.48471551249999995 0.6702694046875 0.4837944390625 0.6701329484375 0.4829501203125 0.6701329484375
2 0.48586685625000003 0.7490042265625 0.48955115468750005 0.744091828125 0.4904722296875 0.7410898078125 0.4913165484375 0.7354951328125 0.49193059687499996 0.7319472890625 0.49223762187500003 0.729354634375 0.492007353125 0.726625525 0.49024196093750005 0.722531859375 0.4883230546875 0.7206214828124999 0.48663441875 0.7199392062500001 0.48471551249999995 0.7218495828125 0.4838711953125 0.7267619796875 0.4824128265625 0.730446278125 0.48133823906249995 0.737405509375 0.4812614828125 0.74259081875 0.4830268765625 0.747503215625 0.48586685625000003 0.7490042265625
2 0.4815685078125 0.7159819953125 0.47773069687499997 0.718028828125 0.47481396093750006 0.7223954046875 0.473125325 0.7275807140625 0.47281829999999997 0.7360409546875 0.4737393734375 0.7434095515625 0.4751977421875 0.744091828125 0.477116646875 0.74354600625 0.478191234375 0.7404075296875 0.4825663390625 0.7285359015624999 0.48509929375 0.7204850281249999 0.48525280625 0.7176194625 0.48433173125 0.71652781875 0.4815685078125 0.7159819953125
2 0.6215434546874999 0.11475318593749999 0.6235037171875 0.11301072968749999 0.62602405625 0.110770428125 0.62714420625 0.110770428125 0.62826435625 0.10877905000000002 0.6275642625 0.105045215625 0.627284225 0.1030538375 0.6257440187500001 0.101809225 0.6247638859375 0.101560303125 0.6236437359375 0.101560303125 0.6221035296874999 0.101809225 0.618463040625 0.1042984484375 0.617902965625 0.1077833609375 0.618883096875 0.1127618078125 0.6215434546874999 0.11475318593749999
2 0.6294426484375 0.1876718140625 0.630639534375 0.1876718140625 0.63147735625 0.1876718140625 0.6323151765625 0.1868206953125 0.6326742421875 0.18469289687499998 0.6326742421875 0.1832034375 0.631836421875 0.1812884203125 0.6307592234375 0.1802245203125 0.6290835828125 0.17958618125 0.628006384375 0.180011740625 0.626091365625 0.1806500796875 0.624056659375 0.178947840625 0.62250070625 0.17745838281249998 0.6207053765625 0.1763944828125 0.618311603125 0.176181703125 0.617593471875 0.17745838281249998 0.6179525375 0.178947840625 0.6203463109375 0.1817139796875 0.6229794609375 0.1842673375 0.626091365625 0.1859695765625 0.627407940625 0.1868206953125 0.6294426484375 0.1876718140625
2 0.6148406328125 0.1857567953125 0.61472094375 0.1900123921875 0.6154390750000001 0.19277853125 0.6178328484375 0.1953318890625 0.6191494234375 0.197885246875 0.6216628859375 0.199800265625 0.6226203953125 0.20065138437500002 0.6277670078125 0.1985235859375 0.6286048281250001 0.194906328125 0.6277670078125 0.189374053125 0.6271685640625 0.1868206953125 0.62501416875 0.1857567953125 0.6246551015625 0.185544015625 0.623458215625 0.1849056765625 0.6229794609375 0.1838417765625 0.6223810171874999 0.1834162171875 0.6210644421875 0.18235231875 0.618311603125 0.17937340156249998 0.6168753390624999 0.180011740625 0.6156784531249999 0.1812884203125 0.6148406328125 0.1857567953125
2 0.63159704375 0.2321428 0.6326742421875 0.2366111765625 0.634469571875 0.23767507656250003 0.636025525 0.23810063593750003 0.6372224109375 0.2370367359375 0.6394964953125 0.232568359375 0.6408130703125 0.228951103125 0.641531203125 0.225546625 0.6416508921874999 0.2244827265625 0.6406933828125 0.22192936875 0.6400949390624999 0.2183121109375 0.63806023125 0.2174609921875 0.63674365625 0.218524890625 0.6361452125 0.22022712968749997 0.63542708125 0.22341882656249998 0.6339908171874999 0.2249082859375 0.63291361875 0.22767442343750002 0.6320757984375 0.228951103125 0.63159704375 0.2321428
2 0.6469171921875 0.29321061249999997 0.6482337671875 0.29321061249999997 0.6491912765625 0.291508375 0.65098660625 0.284273859375 0.6520638046875 0.27895436406249996 0.6524228703125 0.276188225 0.651944115625 0.272145409375 0.6501487859374999 0.270230390625 0.6487125218750001 0.2685281515625 0.646677815625 0.2689537109375 0.6459596828125 0.271081509375 0.64452341875 0.27810324375 0.6440446640624999 0.282358840625 0.6441643531250001 0.2870399984375 0.645361240625 0.29087003437500003 0.6469171921875 0.29321061249999997
2 0.63806023125 0.2774649046875 0.639017740625 0.2810821625 0.639017740625 0.281507721875 0.639017740625 0.2817205015625 0.6385389859374999 0.2832099609375 0.6375814765625 0.2855505390625 0.637701165625 0.2878911171875 0.6385389859374999 0.2887422359375 0.6394964953125 0.2883166765625 0.6416508921874999 0.2874655578125 0.6426084000000001 0.2851249796875 0.6438052875 0.280656603125 0.6441643531250001 0.27852880468749996 0.6442840421875 0.2744859875 0.6441643531250001 0.271081509375 0.6426084000000001 0.272145409375 0.6406933828125 0.2732093078125 0.63806023125 0.2774649046875
2 0.6427280890625 0.31661639531249997 0.6448824859375 0.31768029375 0.6471565703125 0.31385025624999996 0.6478747015625 0.31108411875 0.6475156359375001 0.3089563203125 0.6469171921875 0.3066157421875 0.6469171921875 0.303636825 0.6475156359375001 0.3010834671875 0.6475156359375001 0.300232346875 0.6475156359375001 0.2968278703125 0.6450021734375 0.291508375 0.6426084000000001 0.29065725468750003 0.6404540046875 0.2921467140625 0.63937680625 0.2987428890625 0.63937680625 0.302572925 0.6410524484375 0.3112968984375 0.6427280890625 0.31661639531249997
2 0.63470895 0.29108281406250003 0.6320757984375 0.29384895312500003 0.6294426484375 0.29789176875 0.6294426484375 0.302147365625 0.6286048281250001 0.3070413015625 0.6286048281250001 0.309807440625 0.6295623375 0.31278635781249997 0.632434865625 0.3147013765625 0.63470895 0.31278635781249997 0.63674365625 0.31065855937500003 0.638299609375 0.3034240453125 0.63806023125 0.3008706859375 0.6381799203125 0.2991684484375 0.6387783640625 0.297466209375 0.639017740625 0.29235949375 0.6375814765625 0.28980613593750004 0.63674365625 0.28959335625 0.63470895 0.29108281406250003
2 0.6391374296875 0.356619003125 0.640334315625 0.36002348125 0.6441643531250001 0.3625768390625 0.647395946875 0.3621512796875 0.64955034375 0.3602362609375 0.6527819375 0.35938514062500004 0.65601353125 0.3564062234375 0.65744979375 0.3536400859375 0.65733010625 0.34895892968750003 0.655534775 0.3451288921875 0.6524228703125 0.34406499375 0.65098660625 0.34300109375 0.6482337671875 0.344490553125 0.64583999375 0.3447033328125 0.64189026875 0.346405571875 0.6397358734374999 0.34917170937500003 0.6387783640625 0.3527889671875 0.6391374296875 0.356619003125
2 0.6556544640624999 0.3376815984375 0.6546969546875 0.3368304796875 0.65350006875 0.3361921390625 0.6529016249999999 0.3355538 0.6518244281250001 0.333213221875 0.6501487859374999 0.33236210312500003 0.6464384375 0.3361921390625 0.6442840421875 0.3376815984375 0.641531203125 0.3389582765625 0.6398555625 0.339809396875 0.6402146281250001 0.34129885625 0.6416508921874999 0.34129885625 0.6446431078125 0.342575534375 0.6471565703125 0.34406499375 0.6524228703125 0.34129885625 0.6556544640624999 0.34023495625 0.6562529078125 0.3385327171875 0.6556544640624999 0.3376815984375
2 0.6477550125 0.32427646875 0.6461990609375 0.3236381296875 0.6439249765625 0.3240636890625 0.6424887125 0.32512758750000004 0.6408130703125 0.327680946875 0.6408130703125 0.33087264375 0.6414115140625001 0.3327876625 0.643565909375 0.33746881875 0.64703688125 0.335128240625 0.6511062953125 0.33214932343750003 0.64967003125 0.3261914875 0.6488322109375 0.32555314687500003 0.6477550125 0.32427646875
2 0.65350006875 0.39002543749999996 0.6537394453125 0.39002543749999996 0.6520638046875 0.38598262031249997 0.650029096875 0.382152584375 0.64703688125 0.3778969875 0.6448824859375 0.379173665625 0.6424887125 0.382152584375 0.6424887125 0.3861954015625 0.6461990609375 0.3861954015625 0.6491912765625 0.387684859375 0.65158505 0.3889615390625 0.65350006875 0.39002543749999996
2 0.6378208546875 0.3959832734375 0.639616184375 0.3991749703125 0.6424887125 0.4002388703125 0.6452415515625 0.4019411078125 0.6469171921875 0.40236666874999993 0.6482337671875 0.4025794484375 0.6517047390624999 0.40002609062500005 0.651944115625 0.397047171875 0.6517047390624999 0.3949193734375 0.6502684750000001 0.3921532359375 0.64835345625 0.38938709843749997 0.6478747015625 0.388748759375 0.6451218625 0.3883231984375 0.6429674671875001 0.3861954015625 0.63997525 0.3861954015625 0.63806023125 0.388748759375 0.6378208546875 0.3959832734375
2 0.6525425593749999 0.4015155484375 0.6533803796875 0.407047825 0.657689171875 0.4125801 0.6621176515625 0.4155590171875 0.6669051984375 0.413218440625 0.6679823953125 0.4096011828125 0.6678627078125 0.407047825 0.666785509375 0.4034305671875 0.6646311140625001 0.40130276875000004 0.6625964062499999 0.40002609062500005 0.66127983125 0.3998133109375 0.6591254359375001 0.3949193734375 0.655774153125 0.3940682546875 0.6536197578125 0.395344934375 0.6525425593749999 0.4015155484375
2 0.655056021875 0.46896675625000006 0.65481664375 0.466626178125 0.6543378890625 0.46492393906249996 0.65230318125 0.4632217015625 0.6507472296875 0.4632217015625 0.649909409375 0.46343448125000003 0.647994390625 0.4651367203125 0.646079371875 0.46598783906249996 0.6442840421875 0.46598783906249996 0.642129646875 0.4653495 0.6404540046875 0.464711159375 0.6384192984375 0.46683895781249996 0.63674365625 0.46811563749999996 0.6391374296875 0.4710945546875 0.6424887125 0.472371234375 0.648592834375 0.474073471875 0.651225984375 0.47130733437499994 0.6543378890625 0.47003065624999996 0.655056021875 0.46896675625000006
2 0.6353073921875 0.483010225 0.6375814765625 0.48939362031250006 0.63937680625 0.4906703 0.6423690234375 0.4906703 0.644762796875 0.4913086390625 0.6478747015625 0.4932236578125 0.649909409375 0.49343643750000005 0.6525425593749999 0.491095859375 0.65350006875 0.489180840625 0.6539788234375 0.4838613453125 0.6536197578125 0.481733546875 0.6526622484375 0.47896740937500004 0.6497897203125 0.47662683125000005 0.6482337671875 0.47577571093750004 0.64583999375 0.47535015156249993 0.6404540046875 0.47279679375 0.638299609375 0.47300957343750005 0.6362649015625 0.4776907296875 0.6353073921875 0.483010225
2 0.65481664375 0.4896064 0.6543378890625 0.4932236578125 0.6545772671875 0.49662813437500003 0.6562529078125 0.49918149375 0.659245125 0.49918149375 0.66127983125 0.496840915625 0.6621176515625 0.49386199687500004 0.66247671875 0.4906703 0.6613995203125 0.4855635828125 0.6610404546875001 0.482584665625 0.6608010765625 0.48152076718750003 0.6588860578125 0.47832906875000003 0.658287615625 0.483010225 0.6575694828125 0.48492524374999996 0.655534775 0.487265821875 0.65481664375 0.4896064
2 0.6704958578125 0.5491847546875 0.6721714984375 0.5472697359375001 0.6731290078125001 0.54046078125 0.6738471406250001 0.5340773859375 0.6712139890625 0.5274812109375 0.66846115 0.523012834375 0.6665461328125 0.52173615625 0.66510986875 0.5223744953125 0.6655886234375 0.525778971875 0.6669051984375 0.5340773859375 0.6672642640625 0.5393968828125 0.6676233296875 0.5481208546875 0.6704958578125 0.5491847546875
2 0.6606813875 0.525778971875 0.659604190625 0.527693990625 0.6593648125 0.5332262671875 0.6591254359375001 0.5398224421875 0.6591254359375001 0.5455674968750001 0.6618782750000001 0.5479080749999999 0.6629554718749999 0.5474825156249999 0.66522955625 0.5462058375 0.6655886234375 0.5430141390625 0.666187065625 0.534290165625 0.6659476890625 0.530672909375 0.66522955625 0.523651175 0.6630751609375001 0.5238639546875 0.6622373406250001 0.5238639546875 0.6606813875 0.525778971875
2 0.655056021875 0.5523764515625 0.65733010625 0.5504614328125 0.6581679265625 0.5476952953125 0.6585269921875 0.5440780375000001 0.6591254359375001 0.538971321875 0.6593648125 0.5319495875 0.65744979375 0.53109846875 0.656492284375 0.5319495875 0.655534775 0.5351412859375 0.65158505 0.5413119 0.650029096875 0.5468441765625001 0.65230318125 0.5523764515625 0.655056021875 0.5523764515625
2 0.6451218625 0.5651432421875 0.6439249765625 0.571952196875 0.64583999375 0.5740799953125 0.64703688125 0.575569453125 0.6484731453125 0.57982505 0.6501487859374999 0.5806761703125 0.6517047390624999 0.5806761703125 0.6537394453125 0.575569453125 0.6533803796875 0.5702499578125 0.6529016249999999 0.5685477203125 0.651225984375 0.5664199203125 0.650029096875 0.56195154375 0.6477550125 0.5628026640625 0.646079371875 0.5636537828125 0.6451218625 0.5651432421875
2 0.670017103125 0.6468506984375 0.667144575 0.6464251390625 0.6655886234375 0.6479145984375 0.6629554718749999 0.6549363328125 0.66379329375 0.661319728125 0.66642644375 0.663021965625 0.6678627078125 0.6666392234375 0.6718124328124999 0.6755759765625 0.6779165546875 0.675363196875 0.68007095 0.6700437015625 0.6804300171875 0.6649369843749999 0.6795921953125 0.6617452875 0.6782756203125 0.6585535890624999 0.6739668296875 0.6540852140625 0.6736077625 0.65046795625 0.6718124328124999 0.6485529375 0.670017103125 0.6468506984375
2 0.6738471406250001 0.7357926703125 0.677078734375 0.7366437890624999 0.6794725078125 0.7353671109375 0.6812678375 0.7332393125000001 0.6821056578125 0.732600971875 0.6839009875000001 0.730898734375 0.6852175625 0.729409275 0.6860553828125 0.7255792375000001 0.6858160062499999 0.7206853015625 0.684858496875 0.7174936046875 0.6837812984375 0.7155785859375 0.682345034375 0.71430190625 0.6812678375 0.71430190625 0.678754375 0.717706384375 0.6752834046875 0.7202597421875 0.6730093203124999 0.7234514390625 0.6721714984375 0.730685953125 0.6738471406250001 0.7357926703125
2 0.6775574890625 0.7060034921875 0.6749243375 0.7055779328125 0.6736077625 0.7066418328124999 0.6720518109375 0.710897428125 0.6719321218750001 0.713025228125 0.6714533671875 0.715791365625 0.6691792828125 0.716216925 0.6678627078125 0.7179191640625 0.670017103125 0.7249408984375 0.67288963125 0.7234514390625 0.6771984234375 0.7179191640625 0.6798315734375 0.7136635671875 0.680310328125 0.7089824109375 0.678754375 0.7068546125 0.6775574890625 0.7060034921875
2 0.6625964062499999 0.746644440625 0.6598435671875 0.7487722390625 0.657090728125 0.7513255984375 0.6537394453125 0.75941123125 0.6536197578125 0.7636668281250001 0.6546969546875 0.767922425 0.6562529078125 0.7700502234375 0.6578088609375 0.7696246640625 0.661638896875 0.7643051671875 0.663553915625 0.758985671875 0.6647508015625 0.7574962125 0.6665461328125 0.7549428546875 0.6679823953125 0.7521767171875 0.6666658203125 0.7491977999999999 0.6653492453125 0.7481339 0.6625964062499999 0.746644440625
2 0.6608010765625 0.7789869765625 0.6623570296875 0.7800508749999999 0.6666658203125 0.7766463984375 0.668102084375 0.7732419203124999 0.6689399046875 0.7721780218750001 0.669298971875 0.76983744375 0.6703761687500001 0.7657946265625 0.6718124328124999 0.76324126875 0.672530565625 0.76132625 0.6727699421875 0.758985671875 0.6709746125 0.755155634375 0.6696580375 0.7545172953125 0.6669051984375 0.7564323140625 0.6653492453125 0.758134553125 0.6625964062499999 0.7606879109375 0.659604190625 0.7704757828125001 0.6593648125 0.7736674796874999 0.659723878125 0.7764336187499999 0.6608010765625 0.7789869765625
2 0.6804300171875 0.798349940625 0.6846191187499999 0.802179978125 0.6889279109374999 0.802179978125 0.6914413734375 0.8017544187500001 0.695271409375 0.7987755015625 0.6979045609375001 0.7970732625 0.7005377109375 0.794307125 0.7031708609375 0.78962596875 0.7038889937499999 0.7828170140624999 0.70329055 0.781114775 0.701614909375 0.77813585625 0.698383315625 0.7772847374999999 0.692997325 0.7772847374999999 0.6892869765625 0.777710296875 0.6804300171875 0.7809019953125 0.6782756203125 0.7855831515625 0.6785149984375 0.792817665625 0.6804300171875 0.798349940625
2 0.6969470515625 0.7606879109375 0.696468296875 0.7579217734375 0.6943139 0.7555811953125 0.6915610609375 0.754730075 0.6890476 0.755155634375 0.6874916468750001 0.7568578734375 0.6858160062499999 0.7583473328125 0.6841403640625 0.7591984515625 0.681626903125 0.7568578734375 0.679711884375 0.7574962125 0.677078734375 0.759836790625 0.6750440265625001 0.762815709375 0.6749243375 0.7711141234375 0.676480290625 0.7755824984374999 0.6795921953125 0.776008059375 0.6873719578124999 0.7738802609375 0.6959895421875 0.767496865625 0.697186428125 0.764730728125 0.6980242484375 0.76217736875 0.6969470515625 0.7606879109375
2 0.6883294671875 0.8440976062500001 0.6862947609375001 0.8472893031250001 0.6828237890625 0.84686374375 0.681387525 0.8519704593749999 0.682345034375 0.8575027359374999 0.6834222328124999 0.8583538546874999 0.6872522703125 0.8568643953124999 0.68976573125 0.8515449 0.692039815625 0.8481404234375001 0.691321684375 0.845374284375 0.6901247984375 0.843672046875 0.6883294671875 0.8440976062500001
2 0.6404540046875 0.853034359375 0.6386586750000001 0.8560132765624999 0.63674365625 0.8568643953124999 0.6351877046875 0.8568643953124999 0.6335120625 0.8558004968749999 0.633392375 0.8534599187499999 0.6345892609375 0.8511193406249999 0.6345892609375 0.8498426609375 0.633392375 0.8492043218750001 0.630519846875 0.8487787625 0.6290835828125 0.8502682203124999 0.6277670078125 0.8532471390625 0.6277670078125 0.85728995625 0.6278866953125 0.860481653125 0.6286048281250001 0.8645244703125 0.632434865625 0.8664394890624999 0.6339908171874999 0.8645244703125 0.635068015625 0.8615455531249999 0.63794054375 0.8617583312500001 0.6385389859374999 0.8640989109375001 0.6394964953125 0.8653755890625 0.6409327593749999 0.8653755890625 0.6420099578125 0.8647372499999999 0.645480928125 0.857715515625 0.64631875 0.853885478125 0.64320684375 0.8517576796874999 0.6420099578125 0.8517576796874999 0.6404540046875 0.853034359375
2 0.9842005609375001 0.196905978125 0.98560455625 0.196905978125 0.9871645499999999 0.195241984375 0.988100546875 0.1938553234375 0.9890365437499999 0.192191328125 0.9895045421875001 0.18803134375 0.9893485421875001 0.1838713578125 0.988256546875 0.1833166921875 0.98732055 0.183594025 0.9852925562499999 0.1838713578125 0.9835765625 0.1877540109375 0.9818605687499999 0.192191328125 0.9826405656249999 0.19579665 0.9842005609375001 0.196905978125
2 0.9554966609375001 0.169450075 0.9550286625 0.170282071875 0.9558086593749999 0.173332728125 0.9608006421875 0.1816526984375 0.963296634375 0.18414868906249998 0.9656366249999999 0.18414868906249998 0.96766461875 0.1824846953125 0.9684446156250001 0.18054336875000002 0.9684446156250001 0.17582871875 0.9661046234375 0.169450075 0.9629846343749999 0.165567421875 0.95877265 0.165844753125 0.95705665625 0.16750874843750002 0.9554966609375001 0.169450075
2 0.97484059375 0.18054336875000002 0.973904596875 0.1824846953125 0.9746845937499999 0.18498068750000002 0.9762445890624999 0.1919139953125 0.97827258125 0.193577990625 0.979052578125 0.193023325 0.9807685734374999 0.18997266875000002 0.9837325625 0.18498068750000002 0.9795205765624999 0.1824846953125 0.9779605828125 0.18193003125 0.97484059375 0.18054336875000002
2 0.9715650531250001 0.1816526984375 0.9729690484375 0.181098034375 0.9735930453125 0.1794340390625 0.97437304375 0.1774927125 0.97390504375 0.1738873921875 0.9729690484375 0.1697274078125 0.97250105 0.1683407453125 0.969849059375 0.1669540828125 0.9664980968749999 0.1660589546875 0.9631410828125 0.1605754390625 0.965949071875 0.1680634125 0.9681330640624999 0.173332728125 0.9695370593750001 0.1763833828125 0.9715650531250001 0.1816526984375