2 0.112970540625 0.241734965625 0.11361315000000001 0.24287738124999997 0.1146413234375 0.24699007499999998 0.1169547125 0.25133125 0.119268103125 0.25293063125000004 0.11965366718749999 0.250874284375 0.1188825375 0.24904642031250002 0.11721175625 0.24310586406249998 0.116569146875 0.23762227343750003 0.1156694953125 0.23350957968750002 0.1141272359375 0.23122474999999998 0.11181384531250001 0.22848295468750002 0.109886021875 0.23259564843749997 0.1101430640625 0.2401355859375 0.112970540625 0.241734965625
2 0.120938884375 0.244933728125 0.1201677546875 0.25224518281249997 0.12299523125 0.259328153125 0.1251800984375 0.2616129828125 0.126722359375 0.2622984328125 0.1276220109375 0.2595566375 0.127879053125 0.2440197953125 0.12646531562500002 0.22962537031250002 0.1253086203125 0.225741159375 0.1237663609375 0.22551267656250001 0.120938884375 0.22779750625 0.1200392328125 0.22871143749999998 0.118496971875 0.23259564843749997 0.12196705781249999 0.23785075625 0.12299523125 0.2396786203125 0.12248114375000001 0.2421919328125 0.120938884375 0.244933728125
2 0.1292927921875 0.257500290625 0.1313491390625 0.26344084687499997 0.13404809374999999 0.2643547796875 0.137775221875 0.2641262953125 0.1389319171875 0.2616129828125 0.14124530625 0.2520167 0.14021713281249998 0.2465331078125 0.139574525 0.24059255156249998 0.13931748125 0.2346519953125 0.1366185265625 0.230767784375 0.13469070156250001 0.2291684046875 0.132248790625 0.229853853125 0.130063921875 0.23419502812499998 0.12967835781249998 0.241734965625 0.1289072265625 0.2460761421875 0.12826461875 0.2501888359375 0.1292927921875 0.257500290625
2 0.13019244375 0.28377582968750004 0.13250583437500002 0.2846897625 0.1343051375 0.2833188640625 0.1366185265625 0.279434653125 0.1376467 0.2741795453125 0.13983156875 0.2718947171875 0.141887915625 0.2645832625 0.14201643749999998 0.2606990515625 0.14175939375 0.254301528125 0.14021713281249998 0.25795725625 0.1386748734375 0.26321236406250004 0.1326343546875 0.2636693296875 0.1313491390625 0.26298388125 0.12967835781249998 0.2606990515625 0.1292927921875 0.265954159375 0.12877870625 0.27052381875 0.12826461875 0.276921340625 0.13019244375 0.28377582968750004
2 0.1540974734375 0.22094301718749998 0.15422599374999998 0.21774425625 0.1519126046875 0.214088528125 0.14921365 0.2134030796875 0.1465146953125 0.21363156249999998 0.14535800000000001 0.21660184062500001 0.143430175 0.21842970468749998 0.14175939375 0.21842970468749998 0.13790374375 0.219800603125 0.1353333109375 0.22185695 0.134176615625 0.22551267656250001 0.1362329625 0.226883575 0.1448439125 0.228254471875 0.1495992140625 0.22528419375 0.15306930000000002 0.2243702625 0.1540974734375 0.22094301718749998
2 0.1408597421875 0.24927490468750002 0.1429160875 0.2506458015625 0.1477999109375 0.24790400625000003 0.15255521249999998 0.24561917656249999 0.155125646875 0.245847659375 0.156796428125 0.23876468750000002 0.15692495 0.23350957968750002 0.15461155937499999 0.22848295468750002 0.15229817031249998 0.22734054062500003 0.148828084375 0.22779750625 0.1447153921875 0.2319101984375 0.1391889609375 0.2337380625 0.139446003125 0.238307721875 0.139960090625 0.2451622109375 0.1408597421875 0.24927490468750002
2 0.143558696875 0.28537521093749996 0.1458720859375 0.2833188640625 0.147414346875 0.27897768749999996 0.1498562578125 0.27555044375 0.15229817031249998 0.27280864843749997 0.1534548640625 0.2677820234375 0.1521696484375 0.26206995 0.1486995625 0.2572718078125 0.1448439125 0.2622984328125 0.14432982656249999 0.26549719375 0.1429160875 0.267553540625 0.1403456546875 0.2732656140625 0.139446003125 0.27806375625 0.139574525 0.2844612796875 0.143558696875 0.28537521093749996
2 0.1313491390625 0.2243702625 0.1309635734375 0.2204860515625 0.12877870625 0.21934363750000002 0.12338079531249999 0.21934363750000002 0.119011059375 0.22002908593749998 0.1156694953125 0.22231391562499997 0.11245645468750001 0.22619812499999997 0.1125849765625 0.228254471875 0.115412453125 0.2314532328125 0.11669766875000001 0.2337380625 0.11785436406250001 0.2385362046875 0.118496971875 0.23510896093749997 0.119011059375 0.2300823359375 0.12106740625000001 0.22642660781249999 0.124537490625 0.2250557109375 0.12569418593749998 0.226883575 0.12607975 0.2289399203125 0.12775053281249998 0.23533744374999999 0.12903574843750001 0.2330526140625 0.12967835781249998 0.2305393015625 0.1309635734375 0.2275690234375 0.1313491390625 0.2243702625
2 0.0705431140625 0.9173624546875001 0.0725518796875 0.9161020531249999 0.0750332953125 0.9102201781250001 0.0750332953125 0.9058087718750001 0.07314269375 0.8992966953125 0.071606578125 0.8944651562500001 0.0684161859375 0.89215441875 0.06475314374999999 0.8942550890625001 0.0636896796875 0.8961456906249999 0.06250805312499999 0.9007671640625 0.063098865625 0.9066490390625 0.06498946875 0.9093799109375 0.06510763124999999 0.91274098125 0.0665255828125 0.9146315843749999 0.0705431140625 0.9173624546875001
2 0.06168350625 0.9186018171875 0.0645061703125 0.9234722953125001 0.06774393281249999 0.9212584421875001 0.06732883437500001 0.9169783234375 0.0651703265625 0.9134361578125001 0.06309483906249999 0.9088608593749999 0.0607702921875 0.9054662828125 0.059608018750000005 0.90531869375 0.057864609375 0.90900845 0.058279706249999993 0.9135837484374999 0.06168350625 0.9186018171875
2 0.053215515625 0.9312945796875001 0.055374023437499996 0.925833740625 0.054875906249999995 0.9222915734375 0.0537966515625 0.9199301296875 0.051721164062500005 0.9183066359375 0.049147559375 0.9175686859375001 0.0475701875 0.918159046875 0.045245640625 0.9200777203125 0.042672035937500005 0.9225867546875 0.039185215625000006 0.9249481984375001 0.0373587859375 0.9267192812499999 0.0362795328125 0.93203253125 0.0369436890625 0.9357222875 0.038438040624999996 0.9357222875 0.040596546875 0.9370506000000001 0.04424940625 0.9348367468750001 0.048234343750000006 0.9340987953125 0.0498117140625 0.933508434375 0.053215515625 0.9312945796875001
2 0.043253171875 0.947529509375 0.04557771875 0.9501861343750001 0.048151325 0.9478246890625 0.051970221875 0.9444301140625001 0.0541287296875 0.9423638499999999 0.0555400625 0.939559634375 0.0567853546875 0.9364602390625001 0.0564532765625 0.9351319265625 0.05504194531249999 0.9345415656249999 0.05271739843749999 0.9349843375000001 0.04881548125 0.9349843375000001 0.045162621874999996 0.9352795171875 0.043170153125 0.93601746875 0.0417588203125 0.9377885515625 0.041841840625 0.939854815625 0.043253171875 0.947529509375
2 0.0587778234375 0.9152072406249999 0.057781589062500006 0.912403025 0.057698570312499996 0.9082704984375001 0.0580306484375 0.9069421859375 0.056868375000000006 0.906351825 0.0562872375 0.9041379718749999 0.05545704218750001 0.902809659375 0.0547928859375 0.902809659375 0.053049476562499996 0.9031048390624999 0.052219281250000006 0.9041379718749999 0.050724929687499996 0.90664700625 0.0494796375 0.9109271234375 0.0487324609375 0.9157976015625 0.0510570078125 0.9171259140625001 0.052800417187500004 0.9191921781250001 0.0561211984375 0.9236198859375 0.0567023359375 0.9193397687499999 0.0555400625 0.9156500125000001 0.0587778234375 0.9152072406249999
2 0.47337218124999997 0.653259275 0.47007897187500003 0.6526927015624999 0.466467065625 0.65552556875 0.46551097343750003 0.6623244515625 0.465192275 0.6712007703125 0.464873578125 0.6791327984375 0.4658296703125 0.6889534078125 0.46827301875 0.6912197015625 0.47177869218749996 0.6923528484375 0.4732659484375 0.6902754125 0.4741158078125 0.6866871125 0.47496566875 0.6804548046875001 0.47549683125 0.6740336375 0.4769840875 0.6664793234374999 0.4763466921875 0.658736153125 0.475284365625 0.6547701375 0.47337218124999997 0.653259275
2 0.4913254796875 0.6957522890625001 0.492812734375 0.69103084375 0.49313143281249994 0.68593168125 0.49313143281249994 0.6806436625 0.4935563625 0.6776219359375 0.4944062234375 0.6740336375 0.4947249203125 0.6712007703125 0.494831153125 0.6687456171874999 0.494831153125 0.6644018875000001 0.49366259531249995 0.6611913046875 0.490688084375 0.6608135890625 0.48803227031249996 0.6638353140625 0.48686371250000005 0.6668570390624999 0.4846328296875 0.6779996515625 0.48388920156250004 0.6898976953125 0.48537645625000003 0.6957522890625001 0.487607340625 0.697452009375 0.4913254796875 0.6957522890625001
2 0.502586128125 0.6897088375 0.5060918015625 0.6880091171875 0.507472825 0.6834765296875001 0.5080039875 0.678188509375 0.5071541265625 0.6727116328125 0.5044983140625 0.668556759375 0.5017362671875001 0.6638353140625 0.499505384375 0.660247015625 0.49706203593750004 0.65552556875 0.49557478125000004 0.653259275 0.49398129218750003 0.655147853125 0.49398129218750003 0.661757878125 0.495893478125 0.667045896875 0.496424640625 0.6723339171875 0.4968495703125 0.676677646875 0.49876175624999997 0.6834765296875001 0.502586128125 0.6897088375
2 0.481445853125 0.7127494953125 0.483039340625 0.7155823625 0.4859076203125 0.7153935046875 0.48866966562499997 0.7095389109375 0.48941329375000003 0.7059506125 0.48941329375000003 0.699529446875 0.48941329375000003 0.697452009375 0.489200828125 0.6968854359375001 0.4862263171875 0.6976408671875001 0.4836767359375 0.6983962984375001 0.48293310937499995 0.7031177453125 0.48197701562499995 0.7068949015625 0.48080845781250003 0.7095389109375 0.481445853125 0.7127494953125
2 0.4836767359375 0.6330514859374999 0.48272064375 0.6319183390625 0.480914690625 0.6309740500000001 0.478577575 0.6307851921875 0.4768778546875 0.6313517656250001 0.4759217609375 0.63324034375 0.474009575 0.6387172203125 0.4732659484375 0.640983515625 0.4719911578125 0.6421166625 0.47156622812500004 0.6445718140625 0.472203621875 0.6487266859374999 0.472628553125 0.6530704171874999 0.47517813281250004 0.6538258484374999 0.47655915625 0.6560921421875 0.47751525 0.653259275 0.48112715625 0.6470269656250001 0.48357050468749996 0.64287209375 0.48357050468749996 0.6407946578125 0.4836767359375 0.6330514859374999
2 0.47889627187499995 0.6738447796875 0.4790025046875 0.6791327984375 0.480914690625 0.6834765296875001 0.48229571406250005 0.6849873921875 0.4841016671875 0.6844208187499999 0.4847390625 0.6808325203125001 0.48495152656249996 0.675922215625 0.483995434375 0.6712007703125 0.4841016671875 0.6687456171874999 0.4851639921875 0.6638353140625 0.4851639921875 0.6619467359375 0.4841016671875 0.6572252890625 0.483039340625 0.652881559375 0.48176455 0.6511818390624999 0.4796399 0.6508041234374999 0.478577575 0.6538258484374999 0.47740901718749995 0.6589250109375 0.47762148125000004 0.66591275 0.4781526453125 0.6708230546875 0.47889627187499995 0.6738447796875
2 0.4815520859375 0.6451383875000001 0.48102092343749997 0.6496709765625 0.48229571406250005 0.650615265625 0.48293310937499995 0.65250384375 0.48484529375 0.658169578125 0.48696994531250004 0.6611913046875 0.48866966562499997 0.6589250109375 0.489200828125 0.654392421875 0.48866966562499997 0.6500486921874999 0.48781980625 0.6487266859374999 0.4872886421875 0.6434386671875 0.486120084375 0.640039225 0.4842079 0.6368286421875 0.48431413125 0.6406058 0.48346427187499996 0.6426832359375 0.4815520859375 0.6451383875000001
2 0.486120084375 0.6379617890625 0.486651246875 0.6426832359375 0.48781980625 0.643627525 0.489200828125 0.6419278046875 0.490156921875 0.6349400640625 0.4890945953125 0.6305963343750001 0.4867574796875 0.6245528828125 0.484526596875 0.62360859375 0.48293310937499995 0.6241751671875 0.48165831875 0.6249305984375 0.48070222500000004 0.6288966140625 0.48272064375 0.6307851921875 0.48378296875000004 0.63324034375 0.48484529375 0.6364509265625 0.486120084375 0.6379617890625
2 0.4766653890625 0.7051951812499999 0.47868380781250003 0.7076503328125 0.48165831875 0.7023623140625 0.483039340625 0.6983962984375001 0.48378296875000004 0.6932971375 0.48325180625 0.6889534078125 0.4826144109375 0.6883868328125 0.48006482968749997 0.681776809375 0.4768778546875 0.69103084375 0.4764529234375 0.695185715625 0.4759217609375 0.6993405890625 0.4766653890625 0.7051951812499999
2 0.46561720624999997 0.6999071625 0.46625459999999996 0.7021734562499999 0.46784808906249997 0.707839190625 0.46806055312500006 0.7123717796875 0.46965404218750006 0.7169043671875001 0.4728410171875 0.7187929453125 0.47443450625 0.7150157890625 0.47369087812500005 0.70821690625 0.4734784125 0.7031177453125 0.471672459375 0.6949968578125 0.46880418125 0.6938637109375 0.46625459999999996 0.69556343125 0.46561720624999997 0.6999071625
2 0.47485943593749996 0.7216258140625 0.4759217609375 0.724836396875 0.47730278437500007 0.728613553125 0.47942743437499996 0.7316352796875 0.480914690625 0.729935559375 0.4815520859375 0.7252141125 0.4801710625 0.7197372343749999 0.47709031875 0.7155823625 0.4753905984375 0.7131272109375 0.4741158078125 0.71633779375 0.47369087812500005 0.7186040874999999 0.47485943593749996 0.7216258140625
2 0.5384759328125 0.3206698109375 0.5402857328125 0.321527790625 0.541250959375 0.3193828421875 0.5420955328125 0.3140204703125 0.5426987999999999 0.3047971921875 0.5439053328125001 0.299649315625 0.5445086 0.2951449234375 0.5443879468749999 0.2923564890625 0.543060759375 0.28785209843750004 0.539441159375 0.2861361390625 0.5369074390625 0.28570715 0.5357009046875 0.28806659218749997 0.5358215578125 0.29321446875 0.536062865625 0.305869665625 0.53666613125 0.3103740578125 0.5371487453125 0.313162490625 0.5384759328125 0.3206698109375
2 0.525083409375 0.28699411874999997 0.5223083828124999 0.2940724484375 0.523032303125 0.3024377484375 0.5235149156250001 0.30951607812500004 0.5258073296875 0.317881378125 0.5322019578125 0.32088430625000003 0.534615025 0.31616541875 0.5350976375000001 0.3112320375 0.5343737187500001 0.3041537078125 0.5335291437499999 0.29900583125 0.5334084906250001 0.29385795312499996 0.5308747703125001 0.286350634375 0.5288236640624999 0.2848491703125 0.5271345171874999 0.28570715 0.525083409375 0.28699411874999997
2 0.5144659140625001 0.29900583125 0.5130180734375 0.2953594171875 0.5121735000000001 0.2893535625 0.5145865671875 0.286350634375 0.5145865671875 0.28506366562499996 0.5141039546874999 0.28291871562500004 0.5127767671875 0.2799157875 0.5112082734375 0.2781998296875 0.5071060593750001 0.2751969015625 0.5039690718750001 0.27498240625000003 0.500470125 0.276912859375 0.49926359062500003 0.28098826250000003 0.5001081640625 0.286565128125 0.5027625390625 0.2897825515625 0.5077093265625 0.296002903125 0.5098810859375 0.2983623453125 0.51506918125 0.3017942640625 0.5144659140625001 0.29900583125
2 0.5215844625 0.3127335015625 0.5224290359375 0.30951607812500004 0.5223083828124999 0.304582696875 0.5208605421875 0.298576840625 0.5212225015625 0.2955739125 0.5218257687500001 0.2927854796875 0.5214638093749999 0.2897825515625 0.5194127015625 0.2867796234375 0.5177235546875 0.28506366562499996 0.5145865671875 0.2861361390625 0.5125354609375 0.2917130046875 0.5153104875000001 0.298576840625 0.5178442078125001 0.302223253125 0.520136621875 0.30887259375 0.5215844625 0.3127335015625
2 0.5110876203125 0.310803046875 0.5126561140625 0.314234965625 0.515431140625 0.3187393578125 0.5179648609374999 0.319168346875 0.519895315625 0.3176668828125 0.519895315625 0.3129479953125 0.5190507421875 0.310588553125 0.5163963671875 0.3041537078125 0.5144659140625001 0.30115077968750004 0.5090365125 0.2981478515625 0.5077093265625 0.30265224375 0.5084332468749999 0.308229109375 0.5110876203125 0.310803046875
2 0.49238635000000003 0.2966463875 0.49419614999999995 0.3037247171875 0.4978157515625 0.310588553125 0.5022799250000001 0.3123045109375 0.50384841875 0.3127335015625 0.5054169125 0.3080146140625 0.5049342984375 0.2994348203125 0.50252123125 0.29064053125 0.4996255515625 0.286565128125 0.4966092171875 0.2861361390625 0.49335157656249995 0.2891390671875 0.49238635000000003 0.2966463875
2 0.51374199375 0.32538869843749996 0.51241480625 0.3316090484375 0.511811540625 0.338472884375 0.5106050062499999 0.344478740625 0.5128974203125 0.3502701015625 0.5162757140625 0.3522005546875 0.517240940625 0.348125153125 0.5188094343749999 0.3423337921875 0.5191713953125 0.33868737968749996 0.52001596875 0.33418298750000003 0.52049858125 0.32796263593749997 0.518326821875 0.32538869843749996 0.5159137546875 0.32453071875 0.51374199375 0.32538869843749996
2 0.5163963671875 0.355632471875 0.518568128125 0.3569194421875 0.5224290359375 0.355417978125 0.52653125 0.351342575 0.5272551703125 0.3472671734375 0.5277377828125001 0.342119296875 0.5268932093750001 0.3382583890625 0.5258073296875 0.33418298750000003 0.525083409375 0.331180059375 0.5239975296875 0.3309655640625 0.5212225015625 0.3382583890625 0.5196540078125 0.340832328125 0.5173615953125 0.3449077296875 0.5161550609375001 0.3502701015625 0.5163963671875 0.355632471875
2 0.5385965859375 0.3436207609375 0.5413716125 0.343191771875 0.54426729375 0.3395453578125 0.5452325203124999 0.33611344062500004 0.5454738265625 0.33182354375 0.543060759375 0.3298930890625 0.538113971875 0.3290351109375 0.53304653125 0.3286061203125 0.5305128109374999 0.32710465625 0.5277377828125001 0.330107584375 0.5288236640624999 0.33546995625 0.533167184375 0.34126131718749997 0.5385965859375 0.3436207609375
2 0.53980311875 0.3294641 0.544146640625 0.3303220796875 0.5455944796875001 0.3303220796875 0.5464390531250001 0.3260321828125 0.5457151328125 0.32324375 0.5440259859375 0.3189538515625 0.5425781468750001 0.31723789375 0.541250959375 0.3206698109375 0.5382346250000001 0.322171275 0.5372693984375 0.314234965625 0.5361835187499999 0.3127335015625 0.53485633125 0.314234965625 0.5336497984374999 0.3180958734375 0.5319606515624999 0.3206698109375 0.5307541171875 0.322600265625 0.533167184375 0.32689016249999997 0.536062865625 0.32924960468750003 0.53980311875 0.3294641
2 0.9744154921874999 0.47104994843750003 0.969200425 0.4792514234375 0.9685986859375 0.488166071875 0.9685986859375 0.5010031625 0.9720085375 0.5109875671874999 0.9778253453125 0.5109875671874999 0.9792294015625 0.5095612234375 0.983642153125 0.498863646875 0.9816363562499999 0.4928016875 0.9834415734374999 0.48495679843749995 0.9830404140625 0.47354605000000005 0.9798311406250001 0.469980190625 0.9744154921874999 0.47104994843750003
2 0.8983939234375 0.834022725 0.8992394703125001 0.8397849734375 0.90346720625 0.84629881875 0.9085404890625 0.85632011875 0.91488209375 0.8578233140625 0.9179824328124999 0.851810534375 0.9177005843750001 0.84755148125 0.9160094890625 0.841789234375 0.9114999046875001 0.8342732578125001 0.9062856968749999 0.8285110109374999 0.9020579609375 0.8270078156249999 0.8998031687499999 0.8302647375 0.8983939234375 0.834022725
2 0.9196735281249999 0.8402860390625 0.921646471875 0.845547221875 0.9247468109374999 0.845797753125 0.927142528125 0.8420397656249999 0.9275653015625 0.8392839078125001 0.9277062265625 0.8370291156249999 0.927988075 0.82876154375 0.92615605625 0.8255046203124999 0.9217873953125 0.8272583484375 0.9182642828124999 0.8197423734375 0.9182642828124999 0.8137295921875 0.9160094890625 0.8102221374999999 0.9133319234374999 0.8187402421875 0.9151639421875 0.8310163359375 0.9175596593750001 0.8350248562499999 0.9196735281249999 0.8402860390625
2 0.9200963015625 0.8174875796875 0.9199553765624999 0.824502490625 0.9227738671875001 0.82625621875 0.9247468109374999 0.8247530234375 0.92601513125 0.8192413078125 0.925451434375 0.8142306578125 0.9247468109374999 0.8097210718750001 0.9248877359375 0.805963084375 0.925169584375 0.8019545640624999 0.9234784906250001 0.7961923171875 0.9224920187500001 0.793937525 0.9160094890625 0.7911816671875 0.91474116875 0.7994492390625 0.9198144515625 0.8062136171875001 0.9208009234375 0.8084684093750001 0.9200963015625 0.8174875796875
2 0.9313702640624999 0.7663789484375 0.928129 0.7633725578125 0.9267197546875 0.763623090625 0.9246058859374999 0.7668800140625 0.9234784906250001 0.769886403125 0.9168550375000001 0.7766507812500001 0.91460024375 0.782413028125 0.9161504140625001 0.788926875 0.91854613125 0.7881752765625001 0.9230557171875 0.7864215484375 0.9268606796875 0.78541941875 0.9286926984375 0.7819119640625 0.9312293390624999 0.7781539765625001 0.9319339624999999 0.772391728125 0.9313702640624999 0.7663789484375
2 0.9275653015625 0.8330205953125001 0.9274243765625 0.83753018125 0.9284108484375 0.8415387015625001 0.9312293390624999 0.844294559375 0.93376598125 0.84379349375 0.935598 0.8427913640625 0.9382755671874999 0.8380312453125001 0.93785279375 0.834523790625 0.9351752265625001 0.8302647375 0.9324976609375 0.8265067500000001 0.9275653015625 0.8224982296875 0.9267197546875 0.824001425 0.9277062265625 0.8270078156249999 0.927988075 0.8275088796875 0.9275653015625 0.8330205953125001
2 0.9310884156249999 0.8054620203124999 0.9344706046875 0.8067146828125 0.9379937171874999 0.802205096875 0.9391211140625 0.7931859265625001 0.9379937171874999 0.7871731468750001 0.936866321875 0.78416675625 0.9333432078125 0.7733938578124999 0.9333432078125 0.781160365625 0.9333432078125 0.7901795359375 0.932638584375 0.793436459375 0.9310884156249999 0.8054620203124999
2 0.933061359375 0.8229992953125 0.9358798500000001 0.8237508921875 0.938557415625 0.8214961000000001 0.9398257359375 0.817237046875 0.9396848125 0.8129779953125 0.9372890953124999 0.8092200078125 0.9332022828125 0.8069652140624999 0.9295382453125001 0.8037082921875 0.930806565625 0.7994492390625 0.9286926984375 0.7911816671875 0.9275653015625 0.78667208125 0.9262969812499999 0.7899290046874999 0.92615605625 0.8047104218750001 0.9267197546875 0.8129779953125 0.9298200937500001 0.818990775 0.933061359375 0.8229992953125