2 0.1982489 0.2462173078125 0.2010188453125 0.2455138296875 0.2016124046875 0.2423481796875 0.2002274328125 0.24023774531250003 0.19844675312499999 0.23918252812500002 0.19706178125 0.23883078906250002 0.19508324999999999 0.23883078906250002 0.1925111578125 0.23883078906250002 0.1911261859375 0.2416447015625 0.1936982765625 0.2409412234375 0.194885396875 0.2423481796875 0.196072515625 0.24481035312500002 0.1982489 0.2462173078125
2 0.1899390671875 0.25325208906249996 0.1917197453125 0.2557142625 0.1942918375 0.256066 0.196468221875 0.25465904375 0.19864460625 0.2511416546875 0.19785319375 0.2469207859375 0.195281103125 0.24269991875 0.1925111578125 0.24269991875 0.1907304796875 0.240589484375 0.18855409375 0.2416447015625 0.187564828125 0.245162090625 0.1881583875 0.24867948125 0.1899390671875 0.25325208906249996
2 0.1299895484375 0.46324027812499996 0.1309788140625 0.4671094078125 0.13355090625 0.47273723125 0.13632085 0.4709785375 0.141465034375 0.4699233203125 0.14443283125 0.46957158125 0.1466092171875 0.464647234375 0.14957701406249999 0.4621850625 0.14898345468750002 0.4562054984375 0.1468070703125 0.451632890625 0.14403712500000002 0.4495224578125 0.1406736203125 0.4498741953125 0.1396843546875 0.4526881078125 0.1382993828125 0.45233636875 0.13513373125 0.451632890625 0.132165934375 0.45198462968750003 0.1303852546875 0.4562054984375 0.1299895484375 0.46324027812499996
2 0.1477963359375 0.45233636875 0.1493791609375 0.453039846875 0.1509619875 0.450577675 0.151555546875 0.4477637625 0.149972721875 0.4460050671875 0.1474006296875 0.4453015890625 0.14561995156250002 0.4445981109375 0.144234978125 0.4453015890625 0.1390907953125 0.44741202343750003 0.13889294218749998 0.4512811515625 0.142652153125 0.4481155015625 0.1454220984375 0.45092941406250003 0.1477963359375 0.45233636875
2 0.15175339999999998 0.4477637625 0.153929784375 0.447060284375 0.1568975828125 0.44494985 0.1578868484375 0.44072898125000004 0.1574911421875 0.43650811406249995 0.1555126109375 0.43439767968750004 0.152346959375 0.434045940625 0.149972721875 0.43369420156249994 0.14819204218749998 0.4322872453125 0.1464113640625 0.4322872453125 0.14522424375 0.43439767968750004 0.1448285375 0.4386185484375 0.1454220984375 0.44389463281249997 0.1485877484375 0.4445981109375 0.15056628125 0.4460050671875 0.15175339999999998 0.4477637625
2 0.06275336718749999 0.7882292015625 0.0643173125 0.7847537640625 0.0641218203125 0.7819734140625 0.06040744687500001 0.7809307828125001 0.0580615265625 0.7788455203125 0.054542645312500006 0.779193065625 0.052783206250000006 0.7798881515625 0.051023765624999995 0.7816258703125001 0.052978698437500006 0.7871865703125 0.055520112499999996 0.7861439390625 0.05903899218749999 0.7878816578125 0.06275336718749999 0.7882292015625
2 0.051023765624999995 0.8049113015625 0.0547381390625 0.8059539328125 0.057670539062500005 0.8059539328125 0.06040744687500001 0.8014358640625 0.060798432812500004 0.7951800765625 0.05884350000000001 0.7892718328125 0.05532461875 0.7882292015625 0.05239221875 0.7885767453125 0.0504372859375 0.7875341140625001 0.0486778453125 0.7875341140625001 0.0469184046875 0.7889242890625 0.046331925 0.7941374453125001 0.04652741875 0.7986555140625 0.048091365625 0.8056063890624999 0.051023765624999995 0.8049113015625
2 0.575887315625 0.7439060515625 0.5802993562500001 0.7451445203125 0.5856402453125 0.744731696875 0.5898200734375 0.741841940625 0.5949287515624999 0.7368880703125 0.59307105 0.7261546859375 0.5909811359375 0.7199623500000001 0.586569096875 0.71500848125 0.5851758203124999 0.711293078125 0.58215705625 0.710467434375 0.5777450171875 0.710467434375 0.577048378125 0.7145956578125 0.5786738671875 0.7191367046875 0.5816926312499999 0.7232649296875 0.577048378125 0.724503396875 0.5733329765625 0.72904444375 0.5744940390625 0.7368880703125 0.575887315625 0.7439060515625
2 0.58053156875 0.699321228125 0.5791382921875 0.695193003125 0.576816165625 0.6918904234375 0.5742618265625 0.69065195625 0.5707786375 0.69065195625 0.5679920859375 0.692303246875 0.5663665984375 0.6960186484374999 0.564741109375 0.7030366296875 0.5610257078124999 0.7046879203125 0.55986464375 0.708403321875 0.55986464375 0.7137700140625001 0.55986464375 0.7191367046875 0.56032906875 0.7261546859375 0.563347834375 0.7282187984374999 0.5698497875 0.72698033125 0.5742618265625 0.7195495281250001 0.576816165625 0.713357190625 0.5793705046875 0.7030366296875 0.58053156875 0.699321228125
2 0.538652834375 0.20031670781250002 0.5365410625 0.2013893546875 0.5356360171875 0.2051436171875 0.5348818125 0.20836155625 0.5338259265625 0.21184765625000002 0.5348818125 0.2153337578125 0.536691903125 0.216406403125 0.538351153125 0.21452927187499998 0.5391053578125 0.21104317187500002 0.5394070390625 0.20728890937500002 0.5410662890625 0.20407097031250002 0.540462925 0.20031670781250002 0.538652834375 0.20031670781250002
2 0.5460440390625 0.21667456562499998 0.5498150609375 0.21345662656250003 0.5511726296874999 0.209970525 0.5532844015625 0.20675258593749998 0.553736925 0.201657515625 0.5531335609375 0.19736693125 0.5520776749999999 0.1957579609375 0.5498150609375 0.1917355375 0.5492116984375001 0.190931053125 0.5464965625 0.1928081828125 0.5446864703125 0.1976350921875 0.5439322671875 0.201657515625 0.5428763796875 0.20326648593750002 0.541669653125 0.2048754546875 0.5412171296875 0.2088978796875 0.5415188125 0.212652140625 0.543630584375 0.2161382421875 0.5460440390625 0.21667456562499998
2 0.5541894468749999 0.19629428437500002 0.5570554249999999 0.1960261234375 0.5582621515625 0.1928081828125 0.5576587875000001 0.18959024375 0.5559995375 0.18959024375 0.5552453328125 0.18959024375 0.553586084375 0.1885175984375 0.5514743109375 0.1863723046875 0.550870946875 0.18529965937499998 0.5478541296875 0.1847633359375 0.5496642203125 0.1877131140625 0.5495133796875 0.191467375 0.55177599375 0.19414899218749998 0.5541894468749999 0.19629428437500002
2 0.5603739234375 0.1995122234375 0.5615806515624999 0.2029983234375 0.563089059375 0.201657515625 0.563089059375 0.19790325312499998 0.5632399015625 0.19414899218749998 0.56399410625 0.192540021875 0.5618823328125 0.1877131140625 0.561128128125 0.1866404671875 0.559167196875 0.18556782031250002 0.55735710625 0.18744495156250002 0.5581113109375 0.189053921875 0.5587146749999999 0.19227186093749998 0.559468878125 0.19629428437500002 0.5603739234375 0.1995122234375
2 0.536088540625 0.06435878125 0.538351153125 0.0675767203125 0.5400104031249999 0.0694538515625 0.5424238578125 0.06811304375 0.5430272203125 0.06435878125 0.5431780625 0.0603363578125 0.54182049375 0.058191065625 0.540462925 0.0557776109375 0.5392561984375 0.0539004796875 0.5389545171875 0.0504143796875 0.53789863125 0.050146217187499995 0.5365410625 0.052023348437500005 0.53518349375 0.052559671875000005 0.532770040625 0.0517551875 0.5315633125 0.052827832812499996 0.531110790625 0.054436803125 0.531412471875 0.056313934375 0.5305074265624999 0.059800034375 0.5320158359375 0.0627498125 0.5341276078125 0.0627498125 0.536088540625 0.06435878125
2 0.5406137671875 0.08044847656250001 0.54182049375 0.083934578125 0.5442339484375001 0.08339825468749999 0.5463457203125001 0.0812529625 0.548306653125 0.07937583125 0.550569265625 0.07803502343749999 0.5516251515625 0.07562156875 0.5516251515625 0.0715991453125 0.55072010625 0.069990175 0.5493625390625 0.0697220140625 0.5478541296875 0.0697220140625 0.544988153125 0.068917528125 0.5431780625 0.0686493671875 0.5407646078125 0.0705264984375 0.5392561984375 0.0724036296875 0.5394070390625 0.07669421562499999 0.5406137671875 0.08044847656250001
2 0.54679824375 0.06248165 0.5496642203125 0.0630179734375 0.5510217890625 0.061409004687500005 0.5510217890625 0.0576547421875 0.5493625390625 0.05711841875 0.547099925 0.056045771875 0.54513899375 0.0552412875 0.5430272203125 0.054436803125 0.5407646078125 0.052291510937499994 0.5409154484375 0.0557776109375 0.5425746984375001 0.057922903125 0.5445356296874999 0.06248165 0.54679824375 0.06248165
2 0.8502502312500001 0.09166855625 0.851621603125 0.0897181609375 0.8523072875000001 0.08728016718750001 0.851210190625 0.085817371875 0.8486045859375 0.0824041796875 0.8470960765625 0.0797223875 0.8457247062500001 0.078503390625 0.8455875687500001 0.08020998593749999 0.8465475281250001 0.0838669765625 0.846684665625 0.08776776562500001 0.8475074890625001 0.0894743609375 0.8502502312500001 0.09166855625
2 0.8381821640625 0.0906933578125 0.8399649468750001 0.095081746875 0.8417477296874999 0.09605694375 0.8440790609375 0.09337514999999999 0.8457247062500001 0.09118095625 0.846684665625 0.08728016718750001 0.846684665625 0.084598375 0.8451761578125 0.0826479796875 0.8444904718749999 0.08094138437500001 0.8439419234375001 0.0799661859375 0.8431191 0.0799661859375 0.8407877687499999 0.08216038125 0.8396906718749999 0.0833793765625 0.8379078890624999 0.085817371875 0.8372222031250001 0.0882553640625 0.8381821640625 0.0906933578125
2 0.8992081875 0.24574974374999997 0.9009909703125001 0.24891913593749998 0.9027737531250001 0.25062573125 0.9060650453125 0.2498943328125 0.90867065 0.24794393750000002 0.9107277078125 0.24501834687500001 0.9107277078125 0.2418489546875 0.9104534328125 0.23770436562500002 0.9090820624999999 0.23477877343750003 0.9074364156250001 0.234047375 0.9053793593749999 0.23477877343750003 0.9037337140625 0.234047375 0.90195093125 0.230634184375 0.8989339140625001 0.2313655828125 0.8966025828124999 0.23234077968750003 0.8949569374999999 0.23624157031249998 0.8949569374999999 0.2418489546875 0.8963283078125001 0.2430679515625 0.8992081875 0.24574974374999997
2 0.9881029703124999 0.482913128125 0.992487453125 0.48539323906250004 0.9974698203125 0.48681044531250006 0.9994627671874999 0.48751904843749994 0.9996620609375 0.4818502234375 0.9996620609375 0.47618139687500005 0.9998613562499999 0.4726383796875 0.9980677046875 0.46909536406249996 0.9920888640625 0.46909536406249996 0.98909944375 0.4705125703125 0.98630931875 0.47370128593749994 0.9881029703124999 0.482913128125
2 0.9908930953124999 0.45917491874999994 0.9926867484375 0.46059212499999996 0.9942811046875001 0.464135140625 0.9988648828125 0.46661525312499996 0.9992634718750001 0.459883521875 0.9994627671874999 0.45386039375 1 0.4467743609375 0.9996620609375 0.443585646875 0.9976691140625 0.438979725 0.99567616875 0.43649961406250004 0.9918895687499999 0.4354367078125 0.9887008546875 0.4357910109375 0.987106496875 0.4393340265625 0.9839177828125001 0.4421684390625 0.98351919375 0.44854586875 0.9865086125 0.45386039375 0.9908930953124999 0.45917491874999994