2 0.17382665 0.0880577671875 0.17660417343749998 0.0880577671875 0.1782243953125 0.08723479687499999 0.181233378125 0.08394291875 0.181927759375 0.0802395546875 0.181233378125 0.0757132203125 0.1803075375 0.07406728125 0.17706709375000002 0.0761247046875 0.17452103125 0.0757132203125 0.171512046875 0.07982806875000001 0.1719749671875 0.0855888578125 0.17382665 0.0880577671875
2 0.1816962984375 0.0810625234375 0.1828536 0.0810625234375 0.184473821875 0.07982806875000001 0.1853996625 0.0781821296875 0.1865569640625 0.076536190625 0.1840109015625 0.07200985625 0.181233378125 0.07365579531250001 0.1810019171875 0.07406728125 0.1810019171875 0.0790051 0.1816962984375 0.0810625234375
2 0.1800760765625 0.07077540156249999 0.1816962984375 0.07077540156249999 0.1833165203125 0.07077540156249999 0.1853996625 0.07077540156249999 0.187019884375 0.071598371875 0.1897974078125 0.071598371875 0.1904917875 0.0703639171875 0.1907232484375 0.0674835234375 0.1897974078125 0.06419164375 0.18864010625 0.0633686734375 0.187019884375 0.0633686734375 0.1856311234375 0.06583758281249999 0.183085059375 0.06624906875 0.1816962984375 0.06624906875 0.17961315625000002 0.06789500781249999 0.17938169531249998 0.0683064921875 0.1800760765625 0.07077540156249999
2 0.16294801875 0.19298641562500002 0.16549408125 0.18969453593750002 0.16665138125 0.188048596875 0.16665138125 0.1851682015625 0.16549408125 0.183110778125 0.1636423984375 0.1814648375 0.1622536375 0.1798188984375 0.160864875 0.178995928125 0.1594761140625 0.183933746875 0.1583188125 0.18640265625000002 0.15878173281250002 0.190928990625 0.16040195468750001 0.19339789999999998 0.16294801875 0.19298641562500002
2 0.1370244703125 0.227551146875 0.13841323125 0.2271396609375 0.139339071875 0.2263166921875 0.14049637343750002 0.22508223749999998 0.1411907546875 0.2209673875 0.14234805625 0.220555903125 0.1430424359375 0.220555903125 0.1430424359375 0.21932144843749998 0.14095929375 0.21767550937500002 0.1391076125 0.21602956875 0.1351727875 0.2139721453125 0.134246946875 0.2139721453125 0.1323952640625 0.21602956875 0.1323952640625 0.2209673875 0.1337840265625 0.227551146875 0.13494132812499998 0.227551146875 0.1370244703125 0.227551146875
2 0.14605141875 0.21808699374999999 0.14697726093750002 0.21767550937500002 0.14998624375 0.2139721453125 0.1532266875 0.21191472031249997 0.1546154484375 0.21026878125 0.1532266875 0.207799871875 0.1513750046875 0.2053309625 0.14929186249999998 0.2036850234375 0.14697726093750002 0.202862053125 0.142579515625 0.20409650781250002 0.140727834375 0.2094458109375 0.14095929375 0.2152066 0.142579515625 0.2172640234375 0.14605141875 0.21808699374999999
2 0.14350535625 0.23290044999999998 0.14443119843750002 0.232488965625 0.1455884984375 0.23002005625000002 0.14929186249999998 0.2345463890625 0.151606465625 0.23002005625000002 0.1520693859375 0.2267281765625 0.151606465625 0.2238477828125 0.14975478281250001 0.22014441875 0.147671640625 0.21932144843749998 0.14419973749999998 0.21932144843749998 0.141885134375 0.2238477828125 0.14165367499999998 0.2267281765625 0.1421165953125 0.2296085703125 0.14350535625 0.23290044999999998
2 0.0891928328125 0.40081717812499995 0.09216592812499999 0.3986148859375 0.09464350625 0.3968530515625 0.09489126406250001 0.39509121875000003 0.095139021875 0.390686634375 0.09464350625 0.38628205000000004 0.093156959375 0.38275838125 0.09167041249999999 0.381877465625 0.088945075 0.3823179234375 0.08646749687500001 0.3884843421875 0.085476465625 0.3928889265625 0.0857242234375 0.3981744265625 0.08721077031249999 0.40081717812499995 0.0891928328125 0.40081717812499995
2 0.0661513515625 0.42460193281249997 0.069372203125 0.42856605937500003 0.07011547812499999 0.42856605937500003 0.0748228765625 0.42019735 0.0760616671875 0.4162332234375 0.08027355 0.41138817968749997 0.0820078546875 0.41006680468749995 0.0832466453125 0.40698359531249995 0.08027355 0.40390038749999996 0.0753183921875 0.40301947031249996 0.07259305625 0.40345992812500003 0.071602025 0.40478130468750007 0.07011547812499999 0.41138817968749997 0.067390140625 0.4105072640625 0.06590359375 0.41403093125 0.06565583593749999 0.41799505625 0.0661513515625 0.42460193281249997
2 0.087458528125 0.425923309375 0.090183865625 0.421518725 0.0909271390625 0.41931643281250003 0.091174896875 0.41315001406249996 0.0899361078125 0.40698359531249995 0.088449559375 0.40566222031250004 0.0862197390625 0.40566222031250004 0.0842376765625 0.40610267968749997 0.0800257921875 0.4144713890625 0.0825033703125 0.417114140625 0.0832466453125 0.421518725 0.08498095 0.42548285 0.087458528125 0.425923309375
2 0.0842376765625 0.4276851421875 0.0837421609375 0.42460193281249997 0.0820078546875 0.4206378078125 0.08126458125 0.4175545984375 0.0805213078125 0.413590471875 0.07853924531249999 0.41667368125 0.07780871406249999 0.4227343890625 0.0795302765625 0.43076835156250004 0.0800257921875 0.431208809375 0.08225561249999999 0.431208809375 0.0837421609375 0.43032789375 0.0842376765625 0.4276851421875
2 0.0130510875 0.6659814640625 0.0161930171875 0.6625441390625 0.0186098859375 0.65867715 0.019334945312499997 0.65395083125 0.012326028125000001 0.6543804953125 0.007975665625 0.6582474859375 0.0036253015625 0.6582474859375 0.00193349375 0.6634034703125 0.003141928125 0.668129790625 0.006042170312499999 0.669848453125 0.010150846875 0.6711374484375 0.0130510875 0.6659814640625
2 0.015226270312500002 0.6793010921875 0.0176431375 0.6840274125 0.02030169375 0.6831680812500001 0.025618803125 0.6788714265625 0.0273106109375 0.67586376875 0.028277357812499997 0.6711374484375 0.028760731249999998 0.666411128125 0.029002418749999998 0.6634034703125 0.027068923437499996 0.662114475 0.02441036875 0.660825478125 0.0227185609375 0.6642628015625001 0.01981831875 0.667270459375 0.016918078125 0.6659814640625 0.0149845828125 0.668129790625 0.014501209374999999 0.6737154421875 0.015226270312500002 0.6793010921875
2 0.47033041718749996 0.082417021875 0.47220985937500004 0.08074640625 0.47189661875000005 0.0757345609375 0.47033041718749996 0.0740639453125 0.46954731718750004 0.0740639453125 0.467354634375 0.07434238125 0.46547519218750005 0.0762914328125 0.465945053125 0.07879735624999999 0.4682943546875 0.08186014999999999 0.47033041718749996 0.082417021875
2 0.45184923593750004 0.0968956890625 0.4529455765625 0.09884473906249999 0.45372867812499995 0.09884473906249999 0.45623460156249995 0.09884473906249999 0.45889714374999996 0.09800943125 0.46046334531250005 0.096617253125 0.46077658593750004 0.0946682015625 0.46046334531250005 0.0913269703125 0.4587405234375 0.08937791875 0.45607798125 0.0902132265625 0.45529487968750004 0.0896563546875 0.4534154375 0.08937791875 0.45184923593750004 0.0913269703125 0.451692615625 0.09383289375000001 0.45184923593750004 0.0968956890625
2 0.46140306718749996 0.08659356093750001 0.46015010624999997 0.0838092015625 0.45921038437500006 0.0832523296875 0.457174321875 0.0832523296875 0.45560812031250003 0.084644509375 0.45372867812499995 0.08659356093750001 0.45529487968750004 0.08826417656249999 0.45686108125 0.087985740625 0.46015010624999997 0.0904916625 0.46218616875 0.0896563546875 0.46140306718749996 0.08659356093750001
2 0.45435515937500004 0.07963266249999999 0.4546684 0.07935422812500001 0.45247571718749996 0.072671765625 0.450596275 0.0723933296875 0.44871683281249997 0.074899253125 0.44730725 0.077126740625 0.44589766875 0.080467971875 0.4457410484375 0.084644509375 0.44652415 0.086315125 0.448246971875 0.082417021875 0.45075289375 0.08074640625 0.4526323375 0.08018953437500001 0.45435515937500004 0.07963266249999999
2 0.4454067140625 0.0879011875 0.4461188765625 0.0913376546875 0.44825536406250005 0.0911567875 0.4514092265625 0.0889863875 0.4520196515625 0.085549921875 0.4512057515625 0.08356038906249999 0.44896752656250005 0.083922121875 0.4464240890625 0.085549921875 0.4453049765625 0.08609252187500001 0.4454067140625 0.0879011875
2 0.449802778125 0.2394889015625 0.452520946875 0.23910231718750002 0.45513039062500005 0.23600964375000003 0.4570874734375 0.234849890625 0.460023096875 0.232723678125 0.4610016375 0.23098405 0.460784184375 0.2276980828125 0.4586096484375 0.22460541093750003 0.4575223796875 0.2234456578125 0.4552391171875 0.22460541093750003 0.45328203437500003 0.226924915625 0.4519773140625 0.22885783593750003 0.4501289578125 0.232723678125 0.4490416890625 0.23716939531249998 0.449802778125 0.2394889015625
2 0.45534784375 0.2412285296875 0.4531733078125 0.24200169843750002 0.4511074984375 0.24335474375000002 0.45078131875 0.2470272921875 0.45078131875 0.2506998421875 0.4511074984375 0.2541791 0.45208604062499996 0.253019346875 0.4529558546875 0.2483803375 0.4537169421875 0.24606083281250002 0.4550216640625 0.2439346203125 0.45600020468749997 0.241421821875 0.45534784375 0.2412285296875
2 0.4550216640625 0.257465065625 0.45665256562499995 0.256691896875 0.457739834375 0.2539858078125 0.45839219531250003 0.25147301093749996 0.4603492765625 0.24896021406250002 0.46089291093750007 0.2452876640625 0.4595881890625 0.2410352375 0.455674025 0.2437413265625 0.454369303125 0.24490107968750002 0.45415184999999997 0.24780046093750002 0.45208604062499996 0.249926675 0.4521947671875 0.2526327640625 0.4531733078125 0.2568851890625 0.4550216640625 0.257465065625
2 0.4413475171875 0.43184045781249997 0.44297610625 0.43451301249999996 0.4447299703125 0.435403865625 0.4477365953125 0.4367401421875 0.4507432203125 0.43629471718749996 0.45249708593750004 0.43362216093750006 0.45249708593750004 0.42983604062499997 0.45011684062499996 0.4262726328125 0.44748604375 0.4247136421875 0.44447941875 0.424490928125 0.44234972499999997 0.4249363546875 0.441222240625 0.4280543359375 0.4413475171875 0.43184045781249997
2 0.4466091109375 0.42560449375 0.44911463281249997 0.42337736406250004 0.45212125781249995 0.42315465156250004 0.45400039843749995 0.42315465156250004 0.454626778125 0.42025938281249997 0.45400039843749995 0.41736411406249996 0.45337401875000005 0.4155824109375 0.45011684062499996 0.4155824109375 0.44748604375 0.41736411406249996 0.445606903125 0.42003667031249997 0.44598273125 0.42382279062499995 0.4466091109375 0.42560449375
2 0.4587608875 0.42025938281249997 0.45788395625 0.4247136421875 0.4588861640625 0.4291679015625 0.4611411328125 0.4293906140625 0.46251916875 0.428722475 0.463521378125 0.42560449375 0.4645235859375 0.422709225 0.463646653125 0.41847767812500003 0.46302027343749996 0.4146915578125 0.4618927890625 0.409569159375 0.46089058125 0.4073420296875 0.45825978437500003 0.40711931718749994 0.457633403125 0.40845559531250003 0.457257575 0.4115735765625 0.4570070234375 0.414914271875 0.457508128125 0.4162505484375 0.459011440625 0.4162505484375 0.4587608875 0.42025938281249997
2 0.46590162343749997 0.4236000765625 0.466528003125 0.42582720781249994 0.46828186718750003 0.42560449375 0.46928407656250004 0.424268215625 0.47028628437500003 0.4207048078125 0.4706621125 0.4187003921875 0.47141376875 0.41535969687499996 0.47028628437500003 0.4113508640625 0.46815659218750005 0.409346446875 0.46590162343749997 0.40823288125 0.46414775781250006 0.40778745625 0.46302027343749996 0.40912373437499994 0.46289499687499996 0.4117962890625 0.463521378125 0.41535969687499996 0.4646488625 0.42092752187500004 0.46590162343749997 0.4236000765625
2 0.42492504999999997 0.7175316375 0.42544236875 0.7204746015625 0.42627007656250004 0.7212103437499999 0.42968437656249997 0.7204746015625 0.431960575 0.7199227968749999 0.43537487500000005 0.71697983125 0.4370302921875 0.7123814484375 0.437444146875 0.7088866781250001 0.434547165625 0.7066794546875 0.4332021390625 0.7042882953125 0.4306155484375 0.704656165625 0.42927052187500003 0.7064955187499999 0.42906359375 0.7081509375 0.42658046718750003 0.70962241875 0.42554583125 0.7112778375000001 0.4247181234375 0.7140368671874999 0.42492504999999997 0.7175316375
2 0.43278828437500005 0.70336861875 0.43392638437500003 0.7053919078125 0.43558180156250004 0.7055758421875 0.43713375625 0.7059437125 0.4386857109375 0.704656165625 0.4399272734375 0.7026328765625001 0.44116883749999997 0.6991381062500001 0.44116883749999997 0.695827271875 0.4399272734375 0.6906770828125001 0.43909956406250006 0.6882859234375001 0.437444146875 0.68663050625 0.4370302921875 0.6822160578124999 0.436926828125 0.6803767046875 0.4343402390625 0.6833196703125 0.433098675 0.6851590234375 0.4311328671875 0.6864465703125 0.43009823125 0.6892056 0.4293739859375 0.6934361124999999 0.430512084375 0.6965630125 0.43144325781250004 0.700977459375 0.43278828437500005 0.70336861875
2 0.4425138640625 0.6919646296875 0.4437554265625 0.6939879171875 0.444996990625 0.6949075953125 0.44644548124999994 0.6941718531250001 0.4472731890625 0.6928843062500001 0.4458247 0.68975740625 0.4445831359375 0.6877341171875 0.44385889062499995 0.686262634375 0.44261732656249997 0.68239999375 0.44137576406249995 0.6809285109375 0.439203028125 0.6789052234375 0.43806492812500003 0.6772498046875 0.436823365625 0.6765140640625 0.4373406828125 0.680560640625 0.43847878281249997 0.683135734375 0.44158269062500005 0.687918053125 0.4425138640625 0.6919646296875
2 0.454308715625 0.69601120625 0.45513642499999996 0.6925164359375 0.45513642499999996 0.689941340625 0.453687934375 0.68975740625 0.4509978796875 0.6903092125 0.44903207187499994 0.6927003703125 0.44758358125 0.695827271875 0.4455143078125 0.6991381062500001 0.44365196406249996 0.7026328765625001 0.4419965453125 0.705759778125 0.4423069359375 0.711461771875 0.44147922812499996 0.7140368671874999 0.4402376640625 0.7199227968749999 0.44292771875000003 0.72231395625 0.4459281625 0.72176215 0.447893971875 0.7177155734375 0.4497563171875 0.713117190625 0.450894415625 0.70962241875 0.45110134375 0.7042882953125 0.45275676093749995 0.7013453296875001 0.4535844703125 0.70024171875 0.454308715625 0.69601120625
2 0.4521359796875 0.7208424734375 0.45420525156249997 0.7234175671874999 0.45627452343749997 0.7241533078125 0.45855072343750003 0.723601503125 0.46082692343750004 0.7206585375000001 0.46155116874999996 0.7162440906249999 0.46175809531249995 0.7121975140625 0.462999659375 0.7077830656249999 0.4635169765625 0.705207971875 0.46331005000000003 0.7018971359374999 0.4623788765625 0.698402365625 0.4609303859375 0.6949075953125 0.45927496874999996 0.6927003703125 0.45658491406249996 0.6928843062500001 0.454929496875 0.6938039828125 0.453687934375 0.697298753125 0.45296368906250006 0.700793525 0.45317061562500005 0.703920425 0.452032515625 0.7099902890625 0.45120480625 0.715140478125 0.45120480625 0.7184513140625 0.4521359796875 0.7208424734375
2 0.7343458671875001 0.028580223437500003 0.7324798593749999 0.033683834375 0.7330540156249999 0.0377667234375 0.735924796875 0.038021904687500004 0.7383649609375 0.0387874453125 0.7396568125 0.040573709375 0.7420969765625001 0.0410840703125 0.7435323671875 0.037511542187500004 0.7435323671875 0.0326631125 0.7415228203125 0.029600945312499998 0.7395132734375001 0.029090584375 0.7372166484375 0.027049139062499998 0.7366424921875 0.027049139062499998 0.7343458671875001 0.028580223437500003
2 0.752001171875 0.0344493765625 0.75401071875 0.032918292187499996 0.7535801015625 0.0303664875 0.7518576328125001 0.0273043203125 0.7498480859375001 0.0250076953125 0.7475514609375 0.024242153125 0.745685453125 0.025262876562499998 0.7449677578125 0.026538778125000002 0.74597253125 0.028580223437500003 0.746833765625 0.0316423890625 0.7481256171874999 0.033428653125 0.750278703125 0.0344493765625 0.752001171875 0.0344493765625
2 0.7761157359374999 0.1564256859375 0.7735320328124999 0.15566014374999998 0.771666025 0.15566014374999998 0.7695129390625 0.154639421875 0.76764693125 0.15489460156249998 0.76664215625 0.158977490625 0.76664215625 0.1628052 0.7672163140625 0.1653570046875 0.769656478125 0.16433628281249998 0.771378946875 0.16484664375 0.7729578765625 0.16076375468749998 0.7746803453125 0.1587223109375 0.7758286578125 0.15821195 0.7761157359374999 0.1564256859375
2 0.7758286578125 0.166122546875 0.77683343125 0.17020543593749998 0.77913005625 0.17173651875 0.78372330625 0.170970978125 0.78601993125 0.170970978125 0.7883165562500001 0.170970978125 0.7896084078125 0.1668880890625 0.7904696421875 0.16203965781250002 0.78946486875 0.16025339375 0.7870247046875 0.159487853125 0.7844410015625 0.159487853125 0.7812831421875 0.158977490625 0.7786994390624999 0.16076375468749998 0.776546353125 0.1628052 0.7758286578125 0.166122546875
2 0.8181962437499999 0.346065253125 0.8197389515625 0.3503038046875 0.8208609203125 0.355041009375 0.8235255984375 0.3562876421875 0.8280134765625 0.3547916828125 0.83011716875 0.3547916828125 0.8322208625 0.357534275 0.835446525 0.35703562187500004 0.8381112015625 0.3542930296875 0.8389526796875 0.3517997640625 0.83839169375 0.34706255937499997 0.83656849375 0.3435719875 0.8332025859375 0.3408293953125 0.8318001234375 0.3413280484375 0.8289951999999999 0.3408293953125 0.8257695375 0.33958276249999997 0.823104859375 0.33858545625 0.82001944375 0.34033074218750003 0.8181962437499999 0.346065253125
2 0.8382514484374999 0.33484555781249997 0.833483078125 0.331105659375 0.8310988921875 0.3286123953125 0.82829396875 0.3278644140625 0.8242268296875 0.3286123953125 0.8201596906249999 0.3313549859375 0.8202999359375 0.3363415171875 0.823806090625 0.337089496875 0.8261902765625001 0.33659084375 0.82969643125 0.33758815000000003 0.8308184000000001 0.3363415171875 0.8337635703125 0.3358428640625 0.8382514484374999 0.33484555781249997
2 0.8489101578125 0.34781053906250003 0.8505931125 0.3455666 0.85129434375 0.34033074218750003 0.8501723734375 0.336092190625 0.8482089265624999 0.333598925 0.847227203125 0.33035767968749996 0.846105234375 0.3286123953125 0.8445625265625001 0.3273657625 0.8425990796875 0.329111046875 0.8410563718749999 0.3318536390625 0.8399344015624999 0.3343469046875 0.8406356328125 0.3393334359375 0.841757603125 0.34531727343749996 0.844282034375 0.3483091921875 0.8489101578125 0.34781053906250003
2 0.8564499718749999 0.345562803125 0.8571066578125001 0.34229396562500003 0.8569753203125 0.3387916390625 0.8551366 0.3371572203125 0.850933809375 0.3338883828125 0.8484384015625 0.3310865234375 0.8497517734375 0.334121871875 0.8515904953125 0.340659546875 0.8527725296875 0.34626326875 0.8544799140625001 0.34673024375 0.8564499718749999 0.345562803125
2 0.9113713765625 0.58615024375 0.9100940515625 0.58246019375 0.9064217421875 0.57905399375 0.9041864234375 0.57649934375 0.9017914390625 0.57479624375 0.8990771234375 0.57366084375 0.8973208015624999 0.57025464375 0.8946064859374999 0.56911924375 0.8904551796875 0.57309314375 0.8896568515625001 0.57877014375 0.8933291609375 0.58785334375 0.8970014703125001 0.59069184375 0.9025897671875001 0.5915433921875 0.9069007390625 0.59125954375 0.9104133828125001 0.5887048921875 0.9113713765625 0.58615024375
2 0.9169596734375001 0.6023296921875 0.9187159953125 0.6011942921875 0.9222286390625 0.5992073437500001 0.9252622859375 0.60034274375 0.9292539265625 0.60034274375 0.9281362671875 0.5966526921875001 0.9251026203125001 0.59296264375 0.9227076359374999 0.5898402921875 0.9209513140625001 0.58643409375 0.9191949921875 0.58246019375 0.9190353265625 0.58246019375 0.9144050234375 0.5833117437500001 0.9113713765625 0.58586639375 0.9092957234375 0.5909756921875 0.9086570609375 0.5949495921875 0.9116907078125 0.59750424375 0.9142453578125 0.6000588921875 0.9169596734375001 0.6023296921875
2 0.8859845421875001 0.6097097921875 0.8875811984374999 0.6148190921875 0.8901358484375 0.6187929921875 0.8934888265625001 0.6210637921875 0.8949258171875 0.6236184421875001 0.8965224734374999 0.6256053921875 0.8997157859374999 0.6256053921875 0.9017914390625 0.6221991921875001 0.9014721078125 0.6182252921875 0.8997157859374999 0.6122644421875 0.8955644796875 0.6077228421875 0.8912535078125 0.6071551421875 0.8896568515625001 0.6057358921875 0.8874215328125 0.6068712921875 0.8859845421875001 0.6097097921875
2 0.8968418046875 0.6071551421875 0.8992367890624999 0.6088582421875001 0.9016317734375001 0.6099936421875001 0.9043460890624999 0.6122644421875 0.9045057546875 0.6114128921875001 0.9025897671875001 0.6088582421875001 0.9009931109375 0.60488434375 0.8993964546875001 0.6017619921875 0.8974804671875001 0.6011942921875 0.8941274890625 0.6009104437499999 0.8926904984374999 0.60147814375 0.8909341765625 0.60488434375 0.8910938421875001 0.6071551421875 0.8938081578125001 0.6071551421875 0.8968418046875 0.6071551421875
2 0.9069007390625 0.6145352421875 0.9094553890625001 0.6204960921875 0.9110520453125 0.6224830421875 0.9152033515625 0.6247538421875001 0.9191949921875 0.6264569421874999 0.9222286390625 0.6278761921875 0.9251026203125001 0.6287277421875 0.9274976046875001 0.6284438921875 0.9284555984375 0.6258892421875 0.9290942609374999 0.6216314921875 0.9287749296875001 0.6156706421875 0.9279766015625001 0.6122644421875 0.9235059640625 0.6071551421875 0.9212706453124999 0.6071551421875 0.9160016796875 0.6057358921875 0.9144050234375 0.60431664375 0.9110520453125 0.60374894375 0.9080183984374999 0.6040327921875 0.9064217421875 0.6057358921875 0.9061024109375 0.6097097921875 0.9069007390625 0.6145352421875
2 0.9025897671875001 0.6082905421875 0.9048250859375001 0.6099936421875001 0.9056234140624999 0.6099936421875001 0.9056234140624999 0.6057358921875 0.9078587328125 0.6028973921875 0.9094553890625001 0.60261354375 0.9121697046874999 0.6034650921875 0.9131276984375001 0.6011942921875 0.9113713765625 0.5983557921875 0.9092957234375 0.5958011437499999 0.9075394015624999 0.5949495921875 0.9049847515625 0.5938141921875 0.9033880953125 0.5940980437500001 0.9025897671875001 0.5969365437499999 0.9005141140624999 0.5989234921875 0.9000351171875 0.6011942921875 0.9016317734375001 0.6063035921875 0.9025897671875001 0.6082905421875