2 0.5721268453125 0.0430598109375 0.5736895 0.042018040625 0.573787165625 0.040976271875 0.5735918328125 0.038024590625 0.5736895 0.034899281250000004 0.5730058375 0.034204768749999996 0.5724198421875 0.034204768749999996 0.5702711921875 0.034725653125 0.5698805296875 0.03819821875 0.5702711921875 0.04149715625 0.5713455171875 0.042712553125000004 0.5721268453125 0.0430598109375
2 0.5608952671874999 0.0941065203125 0.5623602546875001 0.0941065203125 0.5634345796875 0.0934120078125 0.5659738937500001 0.0923702375 0.5678295453125 0.0885504171875 0.5680248765625 0.0850778515625 0.56743888125 0.0829943125 0.5665598890625 0.0824734265625 0.5636299124999999 0.0828206828125 0.5607976 0.0847305953125 0.559430278125 0.0869877625 0.55864895 0.0901130703125 0.5608952671874999 0.0941065203125
2 0.5592349453125001 0.08073714374999999 0.5571839625 0.083167940625 0.5569886312500001 0.0855987359375 0.55952794375 0.0854251078125 0.5611882640625 0.08403608125 0.5644112390625 0.0821261703125 0.566169225 0.0784799765625 0.5636299124999999 0.07830634843749999 0.5609929328125001 0.07934811875 0.5592349453125001 0.08073714374999999
2 0.568317875 0.11858810625 0.5680248765625 0.1204980171875 0.5675365484375 0.1236233265625 0.5689038703125 0.126054121875 0.5701735265625001 0.12518598125 0.5711501859375 0.12136615937499999 0.571443184375 0.118067221875 0.571443184375 0.1142474 0.5689038703125 0.11442102812499999 0.568610871875 0.11581005468750001 0.568317875 0.11858810625
2 0.5720291796875 0.1270958921875 0.5732011703125 0.1284849171875 0.5744708265625 0.128832175 0.5755451515625001 0.1269222640625 0.5767171421875 0.12518598125 0.5766194765625 0.12240792812500001 0.5769124734375 0.12119253125 0.5772054718749999 0.1206716453125 0.5772054718749999 0.1198035046875 0.5767171421875 0.118761734375 0.57495915625 0.11650456718749999 0.57388483125 0.113726515625 0.5734941671875 0.113379259375 0.5718338468749999 0.1132056296875 0.5718338468749999 0.11667819531250001 0.5713455171875 0.11962987656249999 0.5710525203125 0.12327607031250001 0.5720291796875 0.1270958921875
2 0.5687085390625 0.1418542953125 0.5673412156250001 0.14775765624999998 0.5679272109375 0.14914668125 0.5687085390625 0.1500148234375 0.570466525 0.1538346453125 0.5723221765625001 0.155223671875 0.5742754953125 0.1548764140625 0.5758381499999999 0.15227199062500002 0.5753498203125 0.14654225781250002 0.5744708265625 0.14393783437500002 0.5732011703125 0.141333409375 0.571638515625 0.14081252500000002 0.5708571874999999 0.140638896875 0.5687085390625 0.1418542953125
2 0.5712478515625 0.209916575 0.5734941671875 0.21252100000000002 0.5766194765625 0.213041884375 0.5794517875 0.2080066640625 0.5783774625 0.20488135624999998 0.5779867984375 0.2041868421875 0.5754474859375 0.20366595781250002 0.5736895 0.2045340984375 0.5725175078125 0.20436047031250001 0.5713455171875 0.20783303593750002 0.5712478515625 0.209916575
2 0.5720291796875 0.286486640625 0.571443184375 0.289785578125 0.572712840625 0.29325814375000003 0.5732988359375 0.2944735421875 0.5741778296875 0.297772478125 0.576326478125 0.298119734375 0.5772054718749999 0.29655708125 0.5776938015625 0.29325814375000003 0.57603348125 0.2863130140625 0.574861490625 0.28509761562499997 0.573982496875 0.28509761562499997 0.5720291796875 0.286486640625
2 0.5808191093749999 0.29586256875 0.5812097734375 0.29325814375000003 0.5809167765625001 0.2875284109375 0.580428446875 0.286486640625 0.578084465625 0.28666027031249997 0.5772054718749999 0.286486640625 0.57603348125 0.28527124375 0.5767171421875 0.28943832187499996 0.57818213125 0.2951680546875 0.5801354484375 0.296383453125 0.5808191093749999 0.29586256875
2 0.5758381499999999 0.3107945984375 0.57710780625 0.3106209703125 0.5778891328125 0.30732203281250003 0.5766194765625 0.3024604421875 0.573787165625 0.2984669921875 0.5713455171875 0.297077965625 0.5690015359375 0.297425221875 0.5677318796875 0.2995087609375 0.57066185625 0.3024604421875 0.5720291796875 0.3059330078125 0.5741778296875 0.30957920156249996 0.5758381499999999 0.3107945984375
2 0.561774259375 0.3064538921875 0.562848584375 0.3104473421875 0.564997234375 0.3144407921875 0.5680248765625 0.31860787031250004 0.5712478515625 0.31617707500000003 0.5722245109374999 0.31339902343750003 0.571443184375 0.30784291874999997 0.5687085390625 0.304023096875 0.5664622234375 0.30089778749999996 0.5646065703125001 0.301418671875 0.563922909375 0.3029813265625 0.561774259375 0.3064538921875
2 0.5711501859375 0.3557643203125 0.5743731609375 0.35923688593750003 0.57710780625 0.36097316875 0.5786704609375 0.36045228281249997 0.579354121875 0.3569797171875 0.57857279375 0.35281263906250004 0.5754474859375 0.34899281718749997 0.572712840625 0.349340075 0.57154085 0.3512499859375 0.5711501859375 0.3557643203125
2 0.5742754953125 0.6774975000000001 0.577400803125 0.678018384375 0.57857279375 0.676976615625 0.5795494531250001 0.6741985625 0.5813074390625 0.6719413953125 0.582967759375 0.66916334375 0.5845304140625001 0.6649962640625 0.584921078125 0.662391840625 0.5844327484375 0.6585720187499999 0.58287009375 0.6563148515624999 0.5813074390625 0.6559675953124999 0.57857279375 0.6589192749999999 0.57818213125 0.6611764421874999 0.574763825 0.66325998125 0.5722245109374999 0.66916334375 0.5720291796875 0.673677678125 0.5742754953125 0.6774975000000001
2 0.577400803125 0.64798069375 0.576131146875 0.647807065625 0.5735918328125 0.6488488359375 0.5720291796875 0.651106003125 0.570368859375 0.65197414375 0.5687085390625 0.6575302484375001 0.5679272109375 0.6622182125 0.5689038703125 0.6646490078125 0.57173618125 0.6646490078125 0.5744708265625 0.662739096875 0.576326478125 0.658051134375 0.5791587890625001 0.6530159140625 0.5795494531250001 0.65058511875 0.5787681265625 0.6490224640625 0.577400803125 0.64798069375
2 0.5822840984375001 0.7403509328125 0.5846280796875 0.7401773046875 0.58609306875 0.7373992515625 0.5864837328125 0.7349684562500001 0.585214075 0.730801378125 0.583065425 0.7288914671875 0.5832607578125 0.7255925296875 0.5832607578125 0.7233353625000001 0.5810144421875 0.719862796875 0.5789634578125 0.7183001421874999 0.5766194765625 0.7184737718750001 0.5759358156250001 0.7214254515625 0.578279796875 0.7288914671875 0.5798424515625 0.734447571875 0.580623778125 0.7373992515625 0.5822840984375001 0.7403509328125
2 0.5689038703125 0.726460671875 0.5690015359375 0.7313222625 0.570368859375 0.7373992515625 0.5734941671875 0.7446916390625 0.5758381499999999 0.7459070375 0.578084465625 0.7446916390625 0.5798424515625 0.7400036765625 0.5798424515625 0.736010225 0.5791587890625001 0.73166951875 0.5773031375000001 0.7283705828125 0.57710780625 0.7252452734375 0.5765218109375 0.7233353625000001 0.574763825 0.7209045671875 0.57281050625 0.72038368125 0.5708571874999999 0.72264085 0.5689038703125 0.726460671875
2 0.5755451515625001 0.8488686 0.5769124734375 0.857723640625 0.5837490875 0.8631061171875001 0.587460390625 0.8631061171875001 0.5904880343750001 0.860328065625 0.59146469375 0.8542510765625 0.58931604375 0.8492158562500001 0.5869720625 0.8474795734375 0.5831630921875 0.8462641765625 0.58072144375 0.841055328125 0.5789634578125 0.8407080718750001 0.57642414375 0.8427916109375 0.5755451515625001 0.8488686
2 0.59039036875 0.850257625 0.5925390187499999 0.8514730234375 0.5924413515625 0.8492158562500001 0.5910740296875 0.8462641765625 0.5891207125 0.8436597515625 0.587069728125 0.84053444375 0.584725746875 0.837756390625 0.580623778125 0.8363673640625 0.5789634578125 0.8365409921875001 0.57925645625 0.8384509046874999 0.5799401171875 0.8403608140625 0.5817957687499999 0.8429652390625 0.58394441875 0.845743290625 0.5872650593750001 0.846090546875 0.5886323828125 0.8462641765625 0.59039036875 0.850257625
2 0.6723483031249999 0.0220319703125 0.674201459375 0.020796532812499997 0.67593879375 0.0160606890625 0.675822971875 0.0140016265625 0.6735065265625 0.010707125000000001 0.67119008125 0.009883501562499999 0.6702635031249999 0.0123543765625 0.66956856875 0.0166784078125 0.670495146875 0.0195610953125 0.6723483031249999 0.0220319703125
2 0.6664413671875 0.0105012203125 0.6656306109375 0.014207532812500001 0.6650515 0.0162665953125 0.665167321875 0.0185315640625 0.6666730125 0.019149282812499998 0.6681787015625 0.0181197515625 0.6701476796875 0.0140016265625 0.6716533703125 0.00823625 0.6702635031249999 0.0072067187500000005 0.6682945234375001 0.008442156250000001 0.6664413671875 0.0105012203125
2 0.6677154125 0.042828503125 0.669452746875 0.045093471875 0.6708426140625 0.044887565625 0.672116659375 0.042622596875 0.6717691921875 0.038710378125 0.6707267921875 0.033562721875 0.6673679453125 0.033974534375 0.6664413671875 0.037680846875 0.6677154125 0.042828503125
2 0.671421725 0.11592522812499999 0.6735065265625 0.120043353125 0.675822971875 0.120455165625 0.6788343515624999 0.121484696875 0.6826564859375 0.121484696875 0.6846254640625 0.119425634375 0.6857836875000001 0.11633704062500001 0.6856678656249999 0.110365759375 0.68497293125 0.1091303203125 0.6833514187499999 0.1074830703125 0.67964510625 0.1070712578125 0.676054615625 0.10727716406250001 0.6737381703125 0.1085126015625 0.672116659375 0.1113952890625 0.671421725 0.11592522812499999
2 0.6881001328125 0.2394689875 0.6908798671875 0.23988079999999998 0.6928488453125 0.23802764375000002 0.6945861796874999 0.23699811249999997 0.695744403125 0.23535086249999998 0.6964393359375001 0.23267407968749998 0.696555159375 0.22979139218750003 0.695976046875 0.22896776718749998 0.69562858125 0.2287618609375 0.6921539125 0.22896776718749998 0.68925835625 0.2302032046875 0.686710265625 0.2312327359375 0.6861311546875 0.23535086249999998 0.6881001328125 0.2394689875
2 0.688331778125 0.2227905796875 0.686941909375 0.2250555484375 0.6853203984375 0.22752642343749999 0.6847412875 0.2299972984375 0.6852045765625 0.23143864218750002 0.6872893765625 0.2312327359375 0.6898374671874999 0.2295854859375 0.691227334375 0.2283500484375 0.6933121359375 0.22711461093750002 0.6905324 0.22320239218750001 0.689374178125 0.22258467343750002 0.688331778125 0.2227905796875
2 0.6891425328125 0.3047412734375 0.6901849343750001 0.3076239609375 0.69238555625 0.3070062421875 0.6934279578125 0.3068003359375 0.6944703578125 0.3096830234375 0.6960918703125001 0.3098889296875 0.6985241375 0.3090653046875 0.6996823609375 0.3055648984375 0.7000298265625 0.3018585859375 0.6980608484374999 0.2983581796875 0.69562858125 0.295063678125 0.693775425 0.2965050234375 0.6918064453125 0.2973286484375 0.6898374671874999 0.3008290546875 0.6891425328125 0.3047412734375
2 0.7024620953125 0.3512760890625 0.7046627187500001 0.3506583703125 0.7054734734375 0.3471579640625 0.7059367625 0.3446870890625 0.70570511875 0.3395394328125 0.7033886734375 0.3378921828125 0.7016513390625 0.3405689640625 0.7008405828125001 0.3469520578125 0.70141969375 0.3510701828125 0.7024620953125 0.3512760890625
2 0.695976046875 0.34015715156250004 0.6951652921875 0.3438634640625 0.695860225 0.3465402453125 0.69771338125 0.3475697765625 0.699450715625 0.3473638703125 0.7017671609375 0.3438634640625 0.7008405828125001 0.3411866828125 0.6996823609375 0.3383039953125 0.6979450265625 0.33665674375 0.696786803125 0.3378921828125 0.695976046875 0.34015715156250004
2 0.761455790625 0.9044606921874999 0.7591255953125 0.9019291218750001 0.7562775796875 0.9010085515625 0.7534295640625001 0.9016989796875 0.7521350124999999 0.9049209765624999 0.7498048171875 0.9058415468750001 0.7472157125 0.9102142593749999 0.7461800703125 0.9152773968749999 0.7479924437500001 0.9189596796874999 0.75291174375 0.916658253125 0.75692485625 0.9132061140625 0.7605496031250001 0.9102142593749999 0.7617147015625 0.90676211875 0.761455790625 0.9044606921874999
2 0.7501931828124999 0.9309270984375001 0.751746646875 0.93069695625 0.754853571875 0.9295462421874999 0.75692485625 0.9320778125 0.758219409375 0.933228525 0.7619736109375 0.931387384375 0.7646921718749999 0.928625671875 0.7662456343749999 0.9233323906249999 0.766375090625 0.9196501078124999 0.7646921718749999 0.9148171125 0.761067425 0.9111348296875 0.758219409375 0.9125156859375 0.753300109375 0.9159678250000001 0.7505815499999999 0.92126110625 0.7496753625 0.9263242453125 0.7501931828124999 0.9309270984375001
2 0.747604078125 0.963147071875 0.750969915625 0.9656786421874999 0.753300109375 0.9626867875 0.7549830281250001 0.956472934375 0.7560186703125 0.9523303671875001 0.7575721328125 0.950028940625 0.7591255953125 0.9477275140625 0.7596434171875 0.9449658015625 0.7600317828125001 0.9396725203124999 0.7595139609375 0.9355299515625 0.7571837671874999 0.931157240625 0.75446520625 0.9297763859374999 0.7521350124999999 0.9297763859374999 0.75045209375 0.9329983828125 0.7474746234375 0.9424342328125 0.7474746234375 0.9504892249999999 0.74734516875 0.9532509375 0.747604078125 0.963147071875
2 0.742814234375 0.9240228187499999 0.73841275625 0.92793524375 0.7373771140625001 0.9334586687499999 0.735435284375 0.9422040890625001 0.73504691875 0.9477275140625 0.7364709265625 0.9583140765625 0.7406134953125 0.9610757890625001 0.7426847796875 0.9599250749999999 0.7441087875 0.957853790625 0.7465684359375 0.9477275140625 0.747733534375 0.939212234375 0.7482513546875 0.92793524375 0.7466978921874999 0.9244831046875 0.7457917046875 0.9240228187499999 0.742814234375 0.9240228187499999