2 0.0624539765625 0.9023700124999999 0.0672247671875 0.9069962328125 0.07040529375 0.905711171875 0.0709835703125 0.9008279390625 0.0705498625 0.8977437921875 0.0689596 0.89491665625 0.067658475 0.8923465343749999 0.06679105937499999 0.8874633015625 0.06621278124999999 0.88258006875 0.064188809375 0.88258006875 0.0608637140625 0.88258006875 0.058406034375000006 0.8843791546875 0.057104909375 0.8905474484375 0.0573940484375 0.89517366875 0.058261464062500004 0.898257815625 0.0624539765625 0.9023700124999999
2 0.05074385625 0.9090523312500001 0.05204498125 0.9136785515625 0.0546472296875 0.9188187953125 0.057538617187499995 0.9206178812499999 0.0643333796875 0.92087489375 0.0660682125 0.9131645265625 0.0653453640625 0.90776726875 0.0634659625 0.905711171875 0.0608637140625 0.9028840359375 0.058695173437500005 0.901598975 0.05652663125 0.901598975 0.054213521875000004 0.8974867796874999 0.051322134374999995 0.8974867796874999 0.05074385625 0.8995428765625 0.05074385625 0.9090523312500001
2 0.0647670875 0.8830940937499999 0.067658475 0.8841221421875 0.072429265625 0.880009946875 0.0757543609375 0.8715285421875001 0.07720005468749999 0.8651032359374999 0.07691091562499999 0.860477015625 0.0764772078125 0.8576498796875001 0.0744532359375 0.8553367703125 0.071128140625 0.854051709375 0.067080196875 0.8545657328124999 0.064188809375 0.85713585625 0.0608637140625 0.8612480515625001 0.0573940484375 0.8676733578125001 0.054213521875000004 0.8746126890625 0.05204498125 0.8830940937499999 0.053490675 0.8933745828124999 0.055659215625 0.8964587296875001 0.057827756249999994 0.898257815625 0.05696034062500001 0.89517366875 0.057538617187499995 0.885407203125 0.061152853125 0.88232305625 0.06361053125 0.88232305625 0.0647670875 0.8830940937499999
2 0.12714164375 0.5267347734375 0.129555725 0.5290236796875 0.135510459375 0.527307 0.1376026640625 0.5210125046875 0.1384073578125 0.5138596703125 0.1398558078125 0.50928185625 0.1395339296875 0.5058484953125 0.1372807875 0.5021290203125 0.1348667046875 0.5015567937500001 0.13116511250000001 0.5021290203125 0.12891197031249998 0.5058484953125 0.12714164375 0.5101401953125 0.1250494390625 0.5152902375 0.125210378125 0.5238736390625001 0.12714164375 0.5267347734375
2 0.1634089 0.2820184984375 0.1631868765625 0.28754440312499996 0.16440800312499998 0.29030735625 0.16807138125 0.2932676625 0.169736553125 0.2930703078125 0.1716237484375 0.292478246875 0.1733999328125 0.28636028125 0.172844875 0.2786634859375 0.1717347609375 0.2751111171875 0.16962554218749998 0.274321703125 0.16962554218749998 0.27076933593749997 0.16818239375 0.27076933593749997 0.1661841859375 0.2760978859375 0.1634089 0.2820184984375
2 0.18483411562500002 0.2907020640625 0.18572220625 0.29228089375 0.1862772640625 0.2958332609375 0.1882754703125 0.29642532187500004 0.188830528125 0.2950438453125 0.19005165468750002 0.2916888328125 0.19193885 0.290504709375 0.1947141375 0.2877417578125 0.1954912171875 0.286557634375 0.1948251484375 0.2828079140625 0.1927159296875 0.2776767171875 0.19093974687499998 0.275505825 0.1889415390625 0.276295240625 0.187831425 0.2788608390625 0.1859442296875 0.2808343765625 0.183724 0.2839920359375 0.1838350125 0.28833381875 0.18483411562500002 0.2907020640625
2 0.17539813906249999 0.309253315625 0.17928354062500002 0.304319471875 0.17994960937499999 0.3011618125 0.1808377015625 0.30017504375000004 0.184168046875 0.29899092031249996 0.1856111953125 0.29622796875 0.185500184375 0.293465015625 0.1842790578125 0.29030735625 0.18172579375 0.28872852656250003 0.1791725296875 0.289517940625 0.17539813906249999 0.29129412499999996 0.173177909375 0.2972147375 0.1727338640625 0.30214858125 0.17351094375 0.3066877171875 0.17539813906249999 0.309253315625
2 0.9149212046875 0.4396387296875 0.9123944046875 0.44295896875 0.9111859359375 0.44823229062500003 0.9127239875000001 0.45350561093749997 0.913712734375 0.4587789328125 0.9163493953125 0.46405225312500004 0.9203043859375001 0.465224103125 0.9231607687500001 0.463466328125 0.9255777078125 0.45526338437499997 0.9252481250000001 0.450771296875 0.924149515625 0.44862290624999995 0.92151285625 0.4443261265625 0.9203043859375001 0.43885749687500003 0.9193156390624999 0.4367091078125 0.9177775859375 0.4367091078125 0.9149212046875 0.4396387296875
2 0.9285439500000001 0.4494041390625 0.9293129765625 0.45291968593750004 0.9303017234375 0.4556540015625 0.932169359375 0.457021159375 0.93359755 0.4550680765625 0.934256715625 0.4509666046875 0.9345862968749999 0.4488182140625 0.934366575 0.44647451718750003 0.9337074109374999 0.44530266718749995 0.930082003125 0.44354489375000006 0.9282143671875 0.442568353125 0.926236871875 0.441396503125 0.9226114640624999 0.43885749687500003 0.9234903515624999 0.4421777359375 0.92480868125 0.445497975 0.9265664546875 0.4474510578125 0.9285439500000001 0.4494041390625
2 0.953811946875 0.452724378125 0.9541415296875 0.45018537187499996 0.9537020859374999 0.44862290624999995 0.95238375625 0.44725574999999995 0.9486484875000001 0.44276366093749997 0.9435948875 0.4396387296875 0.9412878093750001 0.441396503125 0.9386511499999999 0.4431542765625 0.9355750453124999 0.44686513281250007 0.933817271875 0.44999006406250003 0.93480601875 0.4537009203125 0.9359046281250001 0.453310303125 0.937113096875 0.4525290703125 0.9388708703124999 0.44959944687500003 0.9424962796875 0.44725574999999995 0.946780853125 0.44725574999999995 0.9476597390625001 0.45018537187499996 0.951724590625 0.4537009203125 0.953811946875 0.452724378125
2 0.9334876890625001 0.46815372499999997 0.93821170625 0.4730364296875 0.9405187843749999 0.47518482031250003 0.9432653046875 0.4749895125 0.945901965625 0.4745988953125 0.948868209375 0.4747942046875 0.9529330609375 0.47596605312499995 0.95491055625 0.47596605312499995 0.9567781906249999 0.4736223546875 0.9578767984375001 0.4695208828125 0.9579866593749999 0.46600533593750004 0.9554598593750001 0.45995078125 0.9507358437500001 0.45545869375 0.947000575 0.4540915359375 0.944254053125 0.45350561093749997 0.9377722625 0.45545869375 0.93403699375 0.459560165625 0.933377828125 0.463466328125 0.9334876890625001 0.46815372499999997
2 0.8619401015625 0.21585565624999997 0.8640954640625 0.2151257984375 0.8631717374999999 0.21403101093750002 0.856705646875 0.20910446562499999 0.8533186468749999 0.20709735468749998 0.8507527390625 0.2052727078125 0.84911055625 0.2060025671875 0.8476736484374999 0.2081921421875 0.8441840125000001 0.2109291109375 0.84356819375 0.21403101093750002 0.8445945578125 0.217132909375 0.8473657390625 0.217132909375 0.8549608296875 0.216585515625 0.8569109203125 0.2167679796875 0.8585531015625 0.21549072656249998 0.8619401015625 0.21585565624999997
2 0.846134103125 0.225708746875 0.8466472843749999 0.2288106453125 0.8478789203125 0.2317300796875 0.8504448296874999 0.23337226093750002 0.8545502828125 0.233554725 0.860092646875 0.2320950078125 0.8652244640625 0.2288106453125 0.8661481921874999 0.2227893125 0.865737646875 0.22041727187500001 0.8621453734375001 0.217680303125 0.8585531015625 0.217680303125 0.8546529203125001 0.219322484375 0.8533186468749999 0.2184101609375 0.8484947390625001 0.219322484375 0.8464420125000001 0.22169452500000003 0.846134103125 0.225708746875
2 0.862863828125 0.23848127031250002 0.8675851 0.23720401875000002 0.87261428125 0.2346495140625 0.8754880999999999 0.2315476140625 0.8767197359375001 0.2288106453125 0.8768223718750001 0.22716846406250002 0.8761039187499999 0.2247964234375 0.8741538265625 0.2213295953125 0.8727169187499999 0.2207822015625 0.8700483734375 0.2218769890625 0.8680982828125 0.2237016359375 0.8664561000000001 0.2249788875 0.8635822828125 0.23045282656250002 0.8588610109375001 0.2328248671875 0.8583478281250001 0.23519690781249997 0.8596821015625 0.23811634062499998 0.862863828125 0.23848127031250002
2 0.86142691875 0.25289597656249996 0.8638901921875 0.25581541093750004 0.8693299187499999 0.2550855515625 0.8753854640625001 0.2512537953125 0.87938828125 0.2492466828125 0.8799014625 0.2472395734375 0.8792856453125 0.2430428859375 0.878567190625 0.2392111296875 0.8768223718750001 0.2373864828125 0.8752828265625 0.2368390890625 0.87374328125 0.2368390890625 0.870766828125 0.238663734375 0.8703562828125 0.2395760578125 0.8698431 0.2403059171875 0.8683035546875001 0.24048838125 0.8649165546875001 0.24048838125 0.8622480109374999 0.2430428859375 0.86152955625 0.24523246250000003 0.8607084640625 0.248516825 0.86142691875 0.25289597656249996
2 0.8814410078125 0.2344670484375 0.8834937359374999 0.2324599375 0.8856490984375001 0.23045282656250002 0.8861622812500001 0.22917557500000002 0.88493064375 0.22680353437499998 0.882467371875 0.224066565625 0.881338371875 0.220964665625 0.8803120078125 0.218592625 0.8773355546875001 0.219869878125 0.875180190625 0.2213295953125 0.874667009375 0.22205945312500003 0.876925009375 0.2266210703125 0.8764118265624999 0.2302703625 0.8747696453125 0.23391965468749998 0.87600128125 0.236474159375 0.8776434625 0.2373864828125 0.87938828125 0.237021553125 0.8814410078125 0.2344670484375