2 0.018413199999999998 0.8091372343750001 0.0218733984375 0.8073796734375 0.02434496875 0.8021069890625 0.027434431250000002 0.7996903421875 0.0308946296875 0.79485705 0.0317596796875 0.7898040609375 0.03002958125 0.7871677187499999 0.027187275 0.7869480234374999 0.020782500000000002 0.7908781328125001 0.014829421875000002 0.7952964390624999 0.0132229015625 0.8005691234375 0.014953001562500002 0.8065008921875 0.018413199999999998 0.8091372343750001
2 0.028052325 0.7744253999999999 0.024592125 0.7735466203125 0.0215026625 0.7735466203125 0.018413199999999998 0.7755238765625 0.0161887859375 0.7794783890625 0.013717215625000001 0.787607109375 0.0121106953125 0.7952964390624999 0.012605009375 0.7990312562499999 0.013717215625000001 0.7977130859375 0.01643594375 0.7933191828124999 0.01952540625 0.79002375625 0.023727076562499998 0.7884858890625 0.0266929609375 0.785629853125 0.029658845312499998 0.77925869375 0.028052325 0.7744253999999999
2 0.05375665625 0.357663703125 0.0557339125 0.36315608125 0.0580819046875 0.3653530328125 0.061542103125000004 0.36908785 0.0647551453125 0.36776967968749996 0.0668559796875 0.364693946875 0.06599093125 0.3572243125 0.0647551453125 0.3541485796875 0.0629014671875 0.3530501046875 0.057958326562499995 0.350853153125 0.055363178125 0.3501940671875 0.054498128125 0.35129254374999996 0.05375665625 0.357663703125
2 0.0694511296875 0.34711833593749997 0.068091765625 0.344921384375 0.0669795578125 0.344921384375 0.06426083125 0.34558046875000004 0.063148625 0.34645925 0.060553475 0.344921384375 0.05771116875 0.34514107968749996 0.055486756250000005 0.347997115625 0.05647538437500001 0.3501940671875 0.060182740624999995 0.3510728484375 0.0636429390625 0.3506334578125 0.0667324015625 0.3526107140625 0.0694511296875 0.35239101875 0.0694511296875 0.34711833593749997
2 0.07216985625 0.0263634171875 0.0741471125 0.0281209796875 0.07698941875000001 0.028340675 0.0792138328125 0.027242198437499997 0.081932559375 0.0232876859375 0.08452770781249999 0.0208710390625 0.0881114859375 0.01669683125 0.0889765359375 0.01274231875 0.08922369218750001 0.0076893296875000005 0.0883586421875 0.0037348171875000004 0.085639915625 0 0.08180898125 0.0002196953125 0.078966675 0.0028560375 0.07785446875 0.0061514640625 0.0753828984375 0.0061514640625 0.07216985625 0.0105453671875 0.070934071875 0.01669683125 0.07019260000000001 0.019992259374999998 0.07216985625 0.0263634171875
2 0.0629014671875 0 0.061294946875 0.0052726828125 0.0617892609375 0.007909025 0.06327220312500001 0.013401404687499998 0.0650023015625 0.0193331734375 0.066361665625 0.021969515624999998 0.0685860796875 0.0197725640625 0.0698218640625 0.01559835625 0.0705633359375 0.008348415625 0.07081049218749999 0.0028560375 0.07031617812499999 0 0.0629014671875 0
2 0.44752004218749997 0.7982330921874999 0.44518478593750005 0.8027620734375001 0.443911009375 0.8088007171875 0.44518478593750005 0.8163490203125001 0.44879381875 0.8257844000000001 0.45303973906249995 0.8322004578125 0.456648771875 0.835219778125 0.46047010000000005 0.832577871875 0.463017653125 0.8238973234375001 0.46238076406250006 0.8163490203125001 0.4591963234375 0.8106877921875 0.45473810625000005 0.801629828125 0.45219055468749997 0.7978556765625 0.4504921859375 0.7974782609375 0.44752004218749997 0.7982330921874999
2 0.4695988296875 0.820123171875 0.47150949375 0.820123171875 0.4717217890625 0.8155941890625 0.4704480140625 0.8110652078125 0.468961940625 0.80389431875 0.46832505312499995 0.7993653375 0.46598979687500003 0.7906847875 0.464503725 0.788420296875 0.461319284375 0.7872880515625 0.45877173125 0.7906847875 0.45855943593750004 0.798987921875 0.46047010000000005 0.8088007171875 0.46322994843750004 0.8144619437499999 0.4670512765625 0.8193683406250001 0.4695988296875 0.820123171875
2 0.4772414875 0.8371068546875 0.4744816375 0.8310682109374999 0.4719340859375 0.828048890625 0.47023571718749996 0.827294059375 0.46790046093750004 0.827671475 0.46216846875 0.8337101171875 0.46726357343749997 0.8416358359375 0.47214638124999997 0.8435229124999999 0.47490622968749996 0.8427680828125 0.4772414875 0.8371068546875
2 0.44752004218749997 0.8371068546875 0.44497248906250003 0.843145496875 0.44539708125 0.8544679531250001 0.44921840937499996 0.8559776140625001 0.4538889234375 0.8518260468750001 0.45771025156249995 0.8435229124999999 0.4594086203125 0.8359746093749999 0.45346433125 0.8374842703125 0.45006759374999994 0.8363520234375 0.44752004218749997 0.8371068546875
2 0.47129719843749995 0.449501471875 0.4742693421875 0.44308541406249996 0.4725709734375 0.43478227968749994 0.47150949375 0.4276113921875 0.47214638124999997 0.4200630875 0.4719340859375 0.41515669062500005 0.4693865328125 0.4106277078125 0.46535290937499996 0.4162889359375 0.4657775 0.42496948593750006 0.46344224375 0.4344048640625 0.46280535624999997 0.44119833750000004 0.46535290937499996 0.448746640625 0.47129719843749995 0.449501471875
2 0.457285659375 0.4185534265625 0.45473810625000005 0.42610173125 0.45091677812500003 0.4306307125 0.45197825781249995 0.44157575312499997 0.457922546875 0.44195316875 0.4608946921875 0.43553711093749997 0.46238076406250006 0.42496948593750006 0.46238076406250006 0.4117599546875 0.46047010000000005 0.40949546249999996 0.45855943593750004 0.41213736875 0.457285659375 0.4185534265625
2 0.48042592656250005 0.077747525 0.48254888749999997 0.083408753125 0.48318577500000004 0.08718290468749999 0.481062815625 0.091334471875 0.481699703125 0.099260190625 0.48488414375 0.1022795125 0.488068584375 0.10152468125 0.490403840625 0.09699569999999999 0.4923145046875 0.09284413281250001 0.49295139375 0.0849184140625 0.49210220937500004 0.070954053125 0.48913006406250004 0.0668024859375 0.48361036718749995 0.0698218078125 0.48042592656250005 0.077747525
2 0.48063822343749996 0.05736710625 0.48254888749999997 0.065670240625 0.48658251249999995 0.0671799015625 0.4908284328125 0.0641605796875 0.4925268015625 0.0611412578125 0.4908284328125 0.054347784375 0.48615792031250005 0.0430253296875 0.481699703125 0.0483091421875 0.48042592656250005 0.0509510484375 0.48063822343749996 0.05736710625
2 0.49974486718750005 0.0743507890625 0.503141603125 0.0743507890625 0.5044153796875 0.06944439218750001 0.5044153796875 0.064915409375 0.50292930625 0.062273503125 0.50059405 0.0600090125 0.4946497609375 0.054347784375 0.4914653203125 0.061518673437500004 0.49358828125 0.06944439218750001 0.4957112421875 0.072841128125 0.49974486718750005 0.0743507890625
2 0.4971973140625 0.10869557031249999 0.5012309390625 0.10567624843750001 0.5035661953125 0.10001502031250001 0.5073875234375 0.0917118875 0.5082367078125001 0.0849184140625 0.50696293125 0.08076684687499999 0.5050522671875 0.07661527968750001 0.5035661953125 0.07548303437500001 0.4999571625 0.0743507890625 0.49783420156249997 0.0822765078125 0.49486205781250003 0.0905796421875 0.49486205781250003 0.0985053609375 0.4971973140625 0.10869557031249999
2 0.5075998203125 0.0539703703125 0.50632604375 0.046799481250000004 0.5046276749999999 0.044534990625 0.502504715625 0.044534990625 0.4965604265625 0.047176896875 0.49422516875 0.049063971875 0.49422516875 0.0509510484375 0.4957112421875 0.052460709375000004 0.5012309390625 0.054725199999999995 0.5042030828125 0.0600090125 0.507175228125 0.0641605796875 0.5075998203125 0.0539703703125
2 0.984863575 0.043219196875 0.9843110562499999 0.037816796875 0.976575803125 0.035361160937500004 0.9740894718750001 0.035361160937500004 0.9696693265624999 0.03437890625 0.9644204046875 0.0348700328125 0.9616578140625001 0.0412546875 0.9627628500000001 0.0466570875 0.96884055 0.044692578125 0.97326069375 0.04813046875 0.9807196890625001 0.04813046875 0.9829297625000001 0.0471482140625 0.984863575 0.043219196875
2 0.9588952234375 0.05500625 0.95917148125 0.0623731578125 0.9638678859375001 0.06728443125 0.9685642906249999 0.068266684375 0.9746419890625001 0.0697400671875 0.9785096171875001 0.06679330312500001 0.9815484671875 0.060899776562499994 0.9807196890625001 0.05500625 0.976023284375 0.052059485937500004 0.9702218453125001 0.0486215953125 0.9649729218750001 0.0451837046875 0.9611052953125 0.04813046875 0.9588952234375 0.05500625
2 0.96828803125 0.8800999984375 0.9613815546875 0.8820645062500001 0.9588952234375 0.8913959234375 0.9611052953125 0.89728945 0.966077959375 0.9022007234375 0.9754707671875 0.8987628328125 0.9837585390625 0.8884491609375 0.9757470265625001 0.8786266156250001 0.971603140625 0.8800999984375 0.96828803125 0.8800999984375
2 0.9873499062500001 0.9233191937499999 0.9892837203125 0.9134966500000001 0.9892837203125 0.913005521875 0.9862448703125001 0.9090765046874999 0.9821009843749999 0.9002362140625 0.97629954375 0.9017095953125001 0.9768520625000001 0.9218458125 0.9815484671875 0.9297038484375 0.9873499062500001 0.9233191937499999
2 1 0.85161461875 0.9945326421875 0.8481767281250001 0.990941275 0.85996378125 0.9898362390625 0.8638927984375 0.9890074609375 0.8732242171875001 0.990112496875 0.8776443625000001 0.990941275 0.8840290156249999 0.990941275 0.89286930625 0.9923225703125 0.9095676312500001 0.993980125 0.9110410140624999 1 0.9110410140624999 1 0.9026918500000001 1 0.8879580328125 1 0.8781354890624999 1 0.85161461875