2 0.47582790937499997 0.11071296875 0.479581153125 0.11244285937500001 0.480693225 0.1136784953125 0.48250034218750004 0.11145435156250001 0.48291736875 0.10923020624999999 0.48291736875 0.1065118078125 0.4826393515625 0.104534790625 0.48166628749999996 0.10379340937499999 0.47860808906249996 0.1015692640625 0.474576828125 0.10354628125000001 0.47374277343750004 0.10601755312500001 0.47290871875 0.110218715625 0.47582790937499997 0.11071296875
2 0.478125871875 0.253957025 0.48155718125 0.2587728984375 0.4840855140625 0.25909395625 0.4866138484375 0.2581307828125 0.48796831249999995 0.2563649625 0.48796831249999995 0.2534754390625 0.48643325312499996 0.25026485625 0.48489819375 0.2493016828125 0.4839952171875 0.2493016828125 0.482369859375 0.2483385078125 0.4802027171875 0.2483385078125 0.4783967640625 0.25026485625 0.478125871875 0.253957025
2 0.48029301406249997 0.5416251609375 0.4803833125 0.5441936265625 0.481918371875 0.5461199765625 0.48345343124999995 0.5461199765625 0.4841758125 0.5446752140625 0.4855302765625 0.545477859375 0.486884740625 0.5475647375 0.48841979999999996 0.5472436796875 0.4893227765625 0.545959446875 0.49004515625 0.54387256875 0.49040634687500007 0.541304103125 0.4886003953125 0.5388961671875 0.48742652656249996 0.537611934375 0.48580116875 0.5371303468749999 0.4839952171875 0.53600664375 0.480473609375 0.53600664375 0.480473609375 0.5390566953125 0.48029301406249997 0.5416251609375
2 0.47225652656249995 0.7628342515625001 0.4734303953125 0.7621921359375 0.47469456250000003 0.760426315625 0.47577813437499994 0.7564130890625 0.475507240625 0.7538446234375 0.47505575312500004 0.7512761578125 0.47415277656250004 0.7495103375000001 0.47270801562500003 0.7482261046875001 0.47162444375 0.7454971109375 0.47054087187500004 0.7419654703125 0.46909611093750003 0.7389154171875 0.467019265625 0.739236475 0.46503271718750006 0.7397180624999999 0.463949146875 0.741804940625 0.4642200390625 0.746941871875 0.4671998609375 0.75416568125 0.4690058125 0.7597842 0.47054087187500004 0.7621921359375 0.47225652656249995 0.7628342515625001
2 0.45699622968750003 0.7475839890625 0.4561835515625 0.752560390625 0.45735742031250004 0.7581789078125001 0.4597051578125 0.7681317125 0.46286557500000003 0.771663353125 0.4649424203125 0.7723054687500001 0.46647747968750003 0.7719844109375 0.4681028359375 0.769255415625 0.46873492031249997 0.764118484375 0.46873492031249997 0.7613894906249999 0.46738045625 0.757697321875 0.46548420625000003 0.751597215625 0.46295587187500004 0.7432497031249999 0.460608134375 0.74341023125 0.458711884375 0.7445339359375 0.45699622968750003 0.7475839890625
2 0.457176825 0.8193404937500001 0.45762831249999997 0.825119540625 0.45907307499999994 0.82816959375 0.46169170625 0.8289722390625001 0.4633170625 0.8286511796875 0.4652133125 0.8262432437499999 0.46738045625 0.8203036671874999 0.4671095625 0.8159693828125001 0.4681028359375 0.813721975 0.468915515625 0.811635096875 0.46909611093750003 0.8081034562499999 0.46909611093750003 0.8060165781249999 0.468193134375 0.8037691718750001 0.4662065875 0.80071911875 0.46476182499999996 0.79879276875 0.4634073609375 0.79927435625 0.46169170625 0.8008796468750001 0.45997605156250004 0.8045718171875 0.4597051578125 0.809708746875 0.4586215875 0.8108324515625001 0.4578089078125 0.8134009171875001 0.457176825 0.8193404937500001
2 0.4607887296875 0.7946190125 0.46006634843749994 0.7939768968750001 0.4584409921875 0.7939768968750001 0.45654474218749996 0.7942979546875 0.4546484921875 0.7955821875 0.45230075468750003 0.7979901234375 0.4496821234375 0.8029665250000001 0.44905003906249996 0.8053744625 0.44868885000000003 0.8089061015624999 0.4485985515625 0.8151667375 0.44895974218749995 0.8222300171875 0.451126884375 0.8241563656249999 0.4531134328125 0.82351425 0.454016409375 0.8217484296875 0.456093253125 0.8164509687500001 0.45807980156249994 0.80858504375 0.459434265625 0.8044112875 0.461330515625 0.79831118125 0.46187230156250003 0.796063775 0.46169170625 0.795261128125 0.4607887296875 0.7946190125
2 0.5902008875 0.026747870312499998 0.5902008875 0.032016390625 0.5927085015625 0.0342453796875 0.595444078125 0.03465065 0.597837709375 0.0348532859375 0.6005732874999999 0.0348532859375 0.6031948828125 0.035461192187500004 0.6047906359375 0.0334348390625 0.6051325828125 0.030800578125 0.604562671875 0.0259373296875 0.6030808999999999 0.02330306875 0.6020550578125 0.022492528125 0.598065675 0.0210740796875 0.5957860265625 0.0198582671875 0.5932784125 0.02147935 0.5915686765625 0.0235057046875 0.5902008875 0.026747870312499998
2 0.6102617921875 0.14853173749999998 0.6112876328125 0.14853173749999998 0.61356728125 0.14589747656250002 0.6167587890624999 0.1438711234375 0.61858250625 0.142857946875 0.618810471875 0.141642134375 0.6183545421875001 0.1394131453125 0.6181265765624999 0.13596834375 0.617556665625 0.13394198906250002 0.616302859375 0.1325235421875 0.6136812640625 0.1329288125 0.609007984375 0.13515780156249999 0.6075262140625 0.1400210515625 0.6087800203125 0.1456948421875 0.6102617921875 0.14853173749999998
2 0.6223439265625 0.222493653125 0.6222299437500001 0.218238309375 0.6212041015625 0.217022496875 0.6191524187499999 0.21681986250000002 0.6149350703125 0.21681986250000002 0.611971528125 0.21337506093749997 0.6091219671875 0.21378033125 0.6065003718749999 0.21540141406250002 0.608096125 0.21661722656250001 0.610147809375 0.218238309375 0.6121994921875 0.222493653125 0.615732946875 0.2239121 0.6206341906249999 0.22533054843749997 0.6223439265625 0.222493653125
2 0.6038787765625 0.2239121 0.6042207234375 0.22715426718749998 0.6044486890625 0.22958589062499998 0.6063863890625 0.23242278593750001 0.6078681609375 0.23465177656249997 0.6107177203124999 0.2387044828125 0.6137952453125 0.2380965765625 0.616302859375 0.2360702234375 0.6180125953125 0.23343596406249997 0.6177846296875 0.22958589062499998 0.61664480625 0.22573581874999998 0.61607489375 0.22472264218750002 0.6117435625 0.223101559375 0.610147809375 0.21925148593750002 0.6068423187499999 0.21621195625 0.60490461875 0.218238309375 0.6038787765625 0.2239121
2 0.6217740140625 0.27538148906250004 0.6245095921875 0.27842101874999997 0.6269032218749999 0.27720520625 0.6288409234375 0.27274722812499996 0.63089260625 0.26889715625 0.6319184484375 0.2648444484375 0.6302087125 0.25957592812499997 0.6292968531249999 0.258360115625 0.627473134375 0.25613112656250003 0.6261053453125001 0.2567390328125 0.6251934859375 0.260183834375 0.6242816265625 0.26403390625 0.6220019796875 0.26646553125 0.6209761375 0.270923509375 0.6217740140625 0.27538148906250004
2 0.6329442890625 0.3321193953125 0.6352239375 0.33657737499999996 0.6371616390625 0.33718528124999997 0.6387573921875 0.3363747390625 0.6403531453125 0.3274587828125 0.6416069531249999 0.3213797203125 0.6419488999999999 0.3181375546875 0.6403531453125 0.3142874828125 0.6384154453125 0.3118558578125 0.63761756875 0.3112479515625 0.63579385 0.3132743046875 0.634312078125 0.3173270125 0.633628184375 0.3232034390625 0.6331722546874999 0.3286745953125 0.6329442890625 0.3321193953125
2 0.6270172046875 0.32097444999999997 0.6279290640624999 0.3252297921875 0.62781508125 0.3262429703125 0.6264472921875 0.32907986562499997 0.6264472921875 0.3325246671875 0.6277011 0.3329299375 0.6294108359374999 0.3319167609375 0.6306646421875 0.3300930421875 0.6321464125 0.32725614687500004 0.6340841140625 0.32097444999999997 0.6338561484375 0.3155032953125 0.631120571875 0.31530065937499996 0.628157028125 0.3175296484375 0.6270172046875 0.32097444999999997
2 0.6321464125 0.3619067984375 0.6332862375 0.36210943281249997 0.6356798671874999 0.36109625625 0.637275621875 0.35744881875 0.6363637625 0.3538013828125 0.63647774375 0.349748675 0.637275621875 0.34549333125000004 0.636135796875 0.339211634375 0.6340841140625 0.336172103125 0.63146251875 0.3355641984375 0.631120571875 0.3349562921875 0.6292968531249999 0.33576683281249997 0.6279290640624999 0.3456959671875 0.6295248171875001 0.35623300625 0.631120571875 0.3606909859375 0.6321464125 0.3619067984375
2 0.624965521875 0.33475365625000003 0.621887996875 0.3363747390625 0.6190384359375 0.3388063640625 0.6178986125 0.342251165625 0.6174426828125 0.3481275921875 0.6174426828125 0.35157239218749997 0.61664480625 0.3544092890625 0.61721471875 0.3582593609375 0.61972233125 0.3602857140625 0.6233697671875 0.3588672671875 0.626789240625 0.352990840625 0.62781508125 0.344885425 0.6279290640624999 0.3400221765625 0.62781508125 0.3375905515625 0.6266752578125 0.336172103125 0.6257633984375001 0.33475365625000003 0.624965521875 0.33475365625000003
2 0.6409230578125 0.3846019609375 0.6384154453125 0.3852098671875 0.6344260609375 0.3866283140625 0.6304366765625 0.38683095 0.6277011 0.38905993906249997 0.627473134375 0.390073115625 0.6290688875 0.390681021875 0.632374378125 0.390681021875 0.6359078328125001 0.3929100109375 0.6384154453125 0.391896834375 0.6445704953125 0.389262575 0.6444565124999999 0.38622304375 0.6436586359375001 0.3846019609375 0.6409230578125 0.3846019609375
2 0.6390993390624999 0.37528073281249996 0.6378455328125 0.37365965 0.6363637625 0.3726464734375 0.635565884375 0.3720385671875 0.6329442890625 0.37284910781249997 0.6310065890625001 0.3750780984375 0.6303226937499999 0.3797387109375 0.631234553125 0.3856151375 0.6324883609375 0.3866283140625 0.63761756875 0.38500723125 0.6420628828125 0.384399325 0.6413789875 0.38135979531249997 0.6398972171875 0.378117628125 0.6390993390624999 0.37528073281249996
2 0.6269032218749999 0.405068134375 0.628043046875 0.4089182078125 0.629980746875 0.4115524671875 0.63510995625 0.4111471953125 0.6413789875 0.40810766562499995 0.6449124421875 0.40668921718749995 0.6461662484375 0.4010154265625 0.6461662484375 0.3977732609375 0.6449124421875 0.39453109531249997 0.6416069531249999 0.3927073765625 0.6394412875000001 0.39230210468750004 0.63704765625 0.393112646875 0.6345400437500001 0.393112646875 0.6313485359375 0.393720553125 0.62895490625 0.3963548125 0.6271311875000001 0.4004075203125 0.6269032218749999 0.405068134375
2 0.6419488999999999 0.44174513906249996 0.641720934375 0.43911087968749996 0.6398972171875 0.43586871406250005 0.6398972171875 0.43424762968749997 0.6363637625 0.4291817453125 0.634654025 0.4285738390625 0.632374378125 0.42958701718750003 0.630550659375 0.433842359375 0.6303226937499999 0.437489796875 0.634654025 0.43688189062499994 0.6383014625000001 0.4385029734375 0.6411510234375 0.4415425046875 0.6419488999999999 0.44174513906249996
2 0.6251934859375 0.445797846875 0.62724516875 0.45066109687499994 0.6292968531249999 0.4522821796875 0.6329442890625 0.4524848140625 0.635451903125 0.45430853281249994 0.638871375 0.45289008593749996 0.640467128125 0.45066109687499994 0.6403531453125 0.445797846875 0.6367057093749999 0.44093459843750005 0.6353379203125 0.44012405625 0.6313485359375 0.437489796875 0.6291828703125 0.43728716093750003 0.6275871171875 0.437489796875 0.6264472921875 0.43951615000000005 0.625649415625 0.44194777500000004 0.6251934859375 0.445797846875
2 0.6413789875 0.45187690781249995 0.6413789875 0.45613225156250004 0.6425188125 0.46038759531249995 0.6444565124999999 0.46403503125 0.6476480203125 0.4660613859375 0.6506115625 0.46889828125 0.653461121875 0.46808773906249995 0.656424665625 0.4650482078125 0.6567666125 0.4597796890625 0.65437298125 0.45572698125000005 0.6506115625 0.4522821796875 0.6465081953125 0.4474189296875 0.6445704953125 0.4472162953125 0.642290846875 0.4472162953125 0.6413789875 0.45187690781249995
2 0.638643409375 0.52158348125 0.6334002187500001 0.52401510625 0.631120571875 0.5238124703125 0.6269032218749999 0.523001928125 0.624965521875 0.5246230125 0.6239396796875 0.526649365625 0.624965521875 0.5286757203125 0.6292968531249999 0.53110734375 0.6360218140625 0.5325257921875 0.64263279375 0.527865178125 0.6421768640625001 0.5242177406249999 0.6409230578125 0.5223940234375 0.638643409375 0.52158348125
2 0.62279985625 0.5363758640625 0.6223439265625 0.541036478125 0.624965521875 0.5485339875 0.62781508125 0.5495471640625 0.6310065890625001 0.55035770625 0.6352239375 0.5531946015625 0.637959515625 0.5533972359375 0.6400111984375 0.5507629765625001 0.64069509375 0.5475208109375 0.641037040625 0.5444812796875 0.6408090750000001 0.5418470203125 0.6387573921875 0.5377943125 0.6371616390625 0.53475478125 0.6340841140625 0.5349574171875 0.6313485359375 0.5335389687500001 0.6275871171875 0.5319178859375 0.6248515390625 0.5327284265625 0.62279985625 0.5363758640625
2 0.6420628828125 0.5531946015625 0.6429747406249999 0.5564367671875 0.6446844781250001 0.5584631203125 0.6475340375 0.5576525796875 0.6501556328125 0.555423590625 0.6503835984374999 0.5481287171875 0.6492437734375 0.541036478125 0.6461662484375 0.53597059375 0.6455963375 0.5414417484375 0.6443425296874999 0.54488655 0.64263279375 0.5485339875 0.6420628828125 0.5531946015625
2 0.654600946875 0.6115535921874999 0.6560827171875 0.6139852171875 0.6603000671875 0.6115535921874999 0.6606420140625 0.6109456859375 0.660869978125 0.606285071875 0.6615538734374999 0.60304290625 0.6618958203124999 0.6008139171875 0.6621237859375 0.5983822921875 0.6607559968750001 0.595140125 0.659274225 0.59108741875 0.6569945765625 0.5864268046875 0.65494289375 0.584805721875 0.6532331578125 0.584197815625 0.6528912109375 0.584805721875 0.65300519375 0.5876426171875 0.65437298125 0.5959506671875 0.654600946875 0.5989901984375 0.6541450171875 0.6058798015625 0.654600946875 0.6115535921874999
2 0.646964125 0.588858428125 0.646622178125 0.5921005953125 0.646622178125 0.5963559375 0.646622178125 0.6002060109375 0.6460522656250001 0.6042587187499999 0.6458243015625 0.6095272375 0.6489018265625 0.6121614984375 0.650269615625 0.6119588625 0.6516374046875 0.61013514375 0.6532331578125 0.6058798015625 0.6544869640625001 0.5941269484375 0.6526632453125 0.5892637 0.650269615625 0.5866294390625 0.648445896875 0.5866294390625 0.646964125 0.588858428125
2 0.63818748125 0.6127694046875 0.6398972171875 0.6143904874999999 0.642290846875 0.6147957578125001 0.6445704953125 0.6145931234375 0.64571031875 0.613174675 0.6458243015625 0.6097298734375001 0.6455963375 0.606285071875 0.6461662484375 0.602435 0.6463942140625 0.5977743859375 0.64628023125 0.5945322203125001 0.64571031875 0.5933164078125001 0.6429747406249999 0.594937490625 0.6414929703125 0.5998007390625 0.638871375 0.6040560828125 0.637389603125 0.6070956140625 0.63818748125 0.6127694046875
2 0.63955526875 0.64377261875 0.64012518125 0.64377261875 0.6414929703125 0.6435699828125 0.6424048296875 0.64255680625 0.642860759375 0.6397199109375 0.6418349171875 0.6358698375 0.6418349171875 0.6332355781250001 0.6421768640625001 0.62938550625 0.6414929703125 0.6253327984375 0.63955526875 0.624319621875 0.63818748125 0.624319621875 0.6371616390625 0.624319621875 0.63647774375 0.62573806875 0.6378455328125 0.62938550625 0.638871375 0.6330329421875 0.6397832343750001 0.6354645671875 0.6397832343750001 0.6393146390625 0.63955526875 0.64377261875
2 0.6300947296875 0.6316144953125 0.6304366765625 0.6354645671875 0.6318044656249999 0.6391120046875 0.6353379203125 0.645191065625 0.637275621875 0.6460016078125 0.6384154453125 0.6453937015625 0.63955526875 0.64377261875 0.6396692515625 0.6405304515625 0.6396692515625 0.638098828125 0.6394412875000001 0.6354645671875 0.638529428125 0.6316144953125 0.6360218140625 0.6261433390625 0.6337421671875 0.6265486109375 0.6313485359375 0.62816969375 0.6300947296875 0.6316144953125
2 0.6528912109375 0.7197608875 0.6493577562499999 0.724826771875 0.6498136859375 0.7339453640625 0.6532331578125 0.736579625 0.655284840625 0.741645509375 0.657108559375 0.7469140296875 0.6597301546875001 0.749953559375 0.6634915734375 0.7501561953125 0.66611316875 0.748129840625 0.6674809578125 0.7436718625000001 0.6674809578125 0.7402270609375 0.6662271515625 0.73597171875 0.663947503125 0.7294873859375001 0.6631496265625 0.7288794796875 0.6603000671875 0.7268531265625 0.6575644890625 0.72036879375 0.656538646875 0.718950346875 0.6547149296875 0.7183424406250001 0.6528912109375 0.7197608875
2 0.662693696875 0.7839963046875 0.6606420140625 0.7829831281249999 0.6587043125 0.785414753125 0.6579064359375 0.789467459375 0.6581344015624999 0.7923043562500001 0.6581344015624999 0.7943307093749999 0.65551280625 0.7939254390625 0.654031034375 0.796154428125 0.654031034375 0.7987886875 0.656424665625 0.80304403125 0.6583623656250001 0.8018282187500001 0.65995811875 0.8002071359375 0.6632636093750001 0.79696496875 0.6658852046875 0.7921017203125 0.66611316875 0.7878463765625 0.6654292749999999 0.7866305640625 0.662693696875 0.7839963046875
2 0.6593882078125 0.8141889765625001 0.6615538734374999 0.8168232375000001 0.66417546875 0.815202153125 0.66668308125 0.814594246875 0.6674809578125 0.8131758 0.66782290625 0.8113520812499999 0.669988571875 0.81013626875 0.671584325 0.808109915625 0.6721542375 0.8046651140625001 0.6727241484375 0.8008150421875 0.6718122890625 0.7947359796875 0.6707864484375 0.79108854375 0.670102553125 0.7904806375 0.6680508703125 0.79169645 0.6655432578125 0.7941280734375 0.6634915734375 0.7973702406250001 0.659616171875 0.8002071359375 0.6581344015624999 0.8038545718749999 0.6581344015624999 0.8085151859374999 0.6593882078125 0.8141889765625001
2 0.6474200546875 0.82817081875 0.6443425296874999 0.8310077140625 0.6418349171875 0.8340472453125001 0.6396692515625 0.8378973171874999 0.63818748125 0.8435711078124999 0.6383014625000001 0.8468132734375 0.6397832343750001 0.8516765234375001 0.6418349171875 0.8535002421875 0.6429747406249999 0.8522844296875001 0.6438866 0.8508659812499999 0.6452543890625 0.8486369921874999 0.6473060734375 0.8435711078124999 0.64992766875 0.839923671875 0.6527772281249999 0.8338446093749999 0.6503835984374999 0.830197171875 0.6486738609375 0.8285760890624999 0.6474200546875 0.82817081875
2 0.6483319140625 0.8634293749999999 0.650269615625 0.8624161984375001 0.65300519375 0.858363490625 0.654031034375 0.8553239593749999 0.654600946875 0.8514738875000001 0.6560827171875 0.84843435625 0.65745050625 0.8464080031250001 0.6579064359375 0.8443816500000001 0.65745050625 0.8405315765625 0.6566526296874999 0.838099953125 0.6563106828125 0.836884140625 0.6547149296875 0.8366815046875 0.6517513859374999 0.8385052234374999 0.64992766875 0.8403289421875 0.6467361609375 0.84620536875 0.6436586359375001 0.855121325 0.644114565625 0.8605924796875 0.6454823546874999 0.8632267406249999 0.6483319140625 0.8634293749999999
2 0.6822986703125 0.8413421187499999 0.6791071640624999 0.8393157656250001 0.6755737093749999 0.8397210359375 0.6734080437500001 0.8411394828125 0.6714703421875 0.843368471875 0.669418659375 0.8431658375 0.6671390109375 0.8415447531250001 0.6646313984375001 0.8415447531250001 0.6617818375 0.843976378125 0.660186084375 0.8488396281249999 0.65995811875 0.8549186890625 0.661439890625 0.8595793031250001 0.6634915734375 0.8614030218750001 0.6662271515625 0.8618082921875001 0.6714703421875 0.8609977515624999 0.677397428125 0.85694504375 0.6834384953125 0.8498528046875 0.683894425 0.8468132734375 0.683894425 0.8447869203125 0.6822986703125 0.8413421187499999
2 0.6637195390625 0.872142696875 0.6632636093750001 0.8782217593749999 0.66611316875 0.8861245390624999 0.6710144125 0.890785153125 0.6758016734375001 0.890177246875 0.678765215625 0.887137715625 0.68150079375 0.8849087265625 0.683666459375 0.8843008203125 0.686174071875 0.8830850078125 0.689137615625 0.8780191234375 0.691075315625 0.8691031656250001 0.6892515968749999 0.865050459375 0.6864020375 0.8638346468749999 0.6812728296875 0.8632267406249999 0.676827515625 0.86525309375 0.6690767125 0.8672794484375 0.666341134375 0.86768471875 0.66474538125 0.8689005312500001 0.6637195390625 0.872142696875
2 0.6802469875 0.9546152984375 0.6818427406249999 0.9497520500000001 0.6818427406249999 0.9469151546875001 0.6811588468750001 0.9408360921875 0.679905040625 0.9377965625 0.6776253921875 0.93475703125 0.676257603125 0.9331359484374999 0.6747758312500001 0.9329333125 0.671584325 0.93475703125 0.669418659375 0.935567571875 0.667594940625 0.93718865625 0.6671390109375 0.9408360921875 0.6674809578125 0.9448888 0.6689627296875 0.9477256953125 0.6718122890625 0.9477256953125 0.6736360078125 0.9531968515625 0.6760296390625 0.9558311109375 0.67842326875 0.956641653125 0.6802469875 0.9546152984375
2 0.6117435625 0.9400255515625 0.6109456859375 0.9414439984375 0.61048975625 0.9432677171874999 0.6102617921875 0.9463072484374999 0.610147809375 0.9501573203125 0.6106037390625 0.9531968515625 0.6115155984375 0.9552232046875 0.6137952453125 0.956641653125 0.6158469296875 0.9568442875000001 0.61721471875 0.9552232046875 0.618810471875 0.9527915796875 0.62029224375 0.9485362374999999 0.6173287000000001 0.9471177890625 0.615732946875 0.9456993421875 0.6168727703125 0.9432677171874999 0.618468525 0.942457175 0.61607489375 0.9394176453125 0.61356728125 0.9394176453125 0.6117435625 0.9400255515625
2 0.62154605 0.9556284749999999 0.62279985625 0.95745219375 0.6241676453125 0.9558311109375 0.6261053453125001 0.9538047578125 0.6277011 0.9511704968749999 0.6294108359374999 0.947320425 0.6294108359374999 0.9446861656250001 0.62895490625 0.9432677171874999 0.626561275 0.9418492703125001 0.6230278203124999 0.9412413640624999 0.6223439265625 0.9412413640624999 0.6208621546875001 0.939822915625 0.619494365625 0.9426598109375 0.6171007359375 0.9444835296875 0.6176706484375 0.9446861656250001 0.619494365625 0.9450914359375 0.621318084375 0.9467125187500001 0.6223439265625 0.9483336015624999 0.6220019796875 0.9517784031250001 0.62154605 0.9556284749999999