2 0.43644606562500005 0.122733540625 0.4353766375 0.1242122578125 0.43454485781249996 0.1267472015625 0.43454485781249996 0.129493390625 0.4352578109375 0.13329580624999998 0.43751549531249995 0.137731959375 0.4403673078125 0.13688697656249998 0.4411990859375 0.1341407875 0.44155556249999994 0.12991588125 0.440842609375 0.12336727656249999 0.440723784375 0.1216773140625 0.4384661 0.1216773140625 0.43644606562500005 0.122733540625
2 0.4397731796875 0.13963316718750002 0.4381096234375 0.13963316718750002 0.43656489218749994 0.1425906015625 0.436327240625 0.1466042625 0.437753146875 0.1542090953125 0.440723784375 0.15611030312500002 0.443813246875 0.153575359375 0.445357978125 0.151885396875 0.4461897578125 0.15104041562499998 0.4461897578125 0.14744924375 0.4457144546875 0.1430130921875 0.4447638515625 0.13963316718750002 0.4445262 0.139421921875 0.44262499218749995 0.141111884375 0.44191203906250004 0.14364682812500001 0.44108026093749997 0.14385807343749998 0.440604959375 0.1425906015625 0.440723784375 0.1409006390625 0.4397731796875 0.13963316718750002
2 0.42741532812500005 0.30799569843749997 0.42741532812500005 0.3103193984375 0.4278906296875 0.31602302187500003 0.428841234375 0.320247928125 0.430267140625 0.320459175 0.43181187187500003 0.320247928125 0.4337130796875 0.318557965625 0.4366837171875 0.318557965625 0.439179053125 0.317712984375 0.44012965625 0.31560053125 0.440604959375 0.31222060625000003 0.43989200625 0.309051925 0.43870375 0.305672 0.437753146875 0.30482701875 0.4359707640625 0.3039820375 0.43406955625 0.3037707921875 0.431693046875 0.30292581093750004 0.4291977109375 0.30482701875 0.42741532812500005 0.30799569843749997
2 0.44405089843749995 0.318135475 0.44595210625000004 0.3191917015625 0.4478533140625 0.3166567578125 0.44880391875000003 0.3136993234375 0.449635696875 0.31053064375 0.449635696875 0.3058832453125 0.44832861562500004 0.301024603125 0.4469027109375 0.29891215 0.4471403609375 0.2961659609375 0.44797213906250005 0.29151856249999997 0.4477344890625 0.29088482656250003 0.445357978125 0.2944759984375 0.443813246875 0.297644678125 0.44155556249999994 0.30144709375 0.4403673078125 0.303559546875 0.439297878125 0.3054607546875 0.44001083124999996 0.3098969078125 0.44096143593750003 0.31222060625000003 0.4416743875 0.31581177656250004 0.44405089843749995 0.318135475
2 0.45379458906250003 0.310108153125 0.457121703125 0.3111643796875 0.45961703906249995 0.3098969078125 0.46080529375 0.3058832453125 0.46032999218750004 0.3025033203125 0.4583099578125 0.29975713125 0.4572405296875 0.29806716875 0.4553393203125 0.29595471562500003 0.45248750937500004 0.293419771875 0.45141807968750003 0.29109607187500003 0.45011099843749997 0.2891948640625 0.44987334843750004 0.295532225 0.4505863 0.301024603125 0.4521310328125 0.30736196250000003 0.45379458906250003 0.310108153125
2 0.46138488593750004 0.32043333125 0.46352374375 0.3233907671875 0.46483082500000006 0.324869484375 0.4660190796875 0.3221232953125 0.46637555624999993 0.31958834999999997 0.46542495156249997 0.314940953125 0.463999046875 0.3134622359375 0.46126605937500004 0.31092729218750004 0.4600778046875 0.308392346875 0.45746364375 0.3111385375 0.45449300625 0.310716046875 0.455087134375 0.3147297078125 0.456750690625 0.31958834999999997 0.459721328125 0.322334540625 0.46138488593750004 0.32043333125
2 0.45240854218750004 0.323871184375 0.4500510203125 0.3267002109375 0.4479881875 0.33351083125000003 0.44840075468749996 0.3408453453125 0.45058146250000003 0.343674371875 0.452172790625 0.34377915 0.45494287968749997 0.341683575 0.45847916250000004 0.34115968125 0.46101349843749995 0.3397975578125 0.46437296874999995 0.338225875 0.466671553125 0.337492425 0.46690730468749997 0.33581596406249997 0.46625898593750004 0.332567821875 0.46437296874999995 0.32753844062500004 0.46437296874999995 0.3267002109375 0.46443190625 0.3251285296875 0.46348889687500006 0.3226138390625 0.4618975703125 0.320937378125 0.46060093281250003 0.3220899453125 0.4589506671875 0.321985165625 0.45788978125 0.3212517140625 0.457182525 0.320413484375 0.45635739218750004 0.3220899453125 0.4560627015625 0.32345206875 0.45529650781250003 0.32345206875 0.45240854218750004 0.323871184375
2 0.4064714953125 0.56157585625 0.4049230328125 0.5647874828125 0.4049230328125 0.5707519328124999 0.4058263015625 0.5790104015625 0.40776188125 0.5831396343749999 0.40956842031249996 0.5829102328125 0.410471690625 0.5813044203125 0.4113749609375 0.5771751859375 0.41085880625 0.5677697078125 0.412794384375 0.5592818375 0.41485900156250005 0.550564565625 0.4186011203125 0.546894134375 0.41227823125 0.5512527703125001 0.40931034374999997 0.5574466218749999 0.4064714953125 0.56157585625
2 0.4158913109375 0.5863512625 0.4186011203125 0.5893334859375 0.42285939375000003 0.586810065625 0.426214396875 0.581533821875 0.42918228281250004 0.5718989421875 0.43189209375 0.5643286796875 0.43227920937500003 0.5597406406250001 0.431504978125 0.555152603125 0.428149975 0.5512527703125001 0.425440165625 0.54941755625 0.42298843281250004 0.5503351624999999 0.42131093125 0.552858584375 0.41885919843749997 0.561117053125 0.41537515625 0.5682285109375 0.4139557328125 0.57511056875 0.4139557328125 0.5806162140625 0.4158913109375 0.5863512625
2 0.432276321875 0.5678873765625 0.433269046875 0.5714170625 0.433269046875 0.57553503125 0.43426177031249996 0.5786725296874999 0.437129640625 0.5808295609374999 0.43823266875 0.5816139359375 0.4416520515625 0.5782803421875 0.44308598750000006 0.57180925 0.4434168953125 0.5655342515624999 0.442975684375 0.560239721875 0.44154175 0.5557295671875 0.4411005390625 0.5502389421875 0.4393356953125 0.544552225 0.43834297031249997 0.5437678499999999 0.435585403125 0.54710144375 0.43426177031249996 0.5490623796875 0.4329381375 0.5533764421875 0.43249692656249994 0.556710034375 0.432276321875 0.5618084718749999 0.4319454140625 0.5653381578125 0.432276321875 0.5678873765625
2 0.4436375015625 0.561416284375 0.44639506874999996 0.558278784375 0.4469465828125 0.5555334734375 0.446615675 0.5518076921875 0.44573325312499995 0.5496506625 0.4442993171875 0.54827800625 0.44253447343749996 0.54435613125 0.440438721875 0.5484740984375 0.44121084218749995 0.5516115984375001 0.44154175 0.5553373796875001 0.44308598750000006 0.5596514406249999 0.4436375015625 0.561416284375
2 0.45532958749999997 0.5776920624999999 0.45852836718749995 0.5722014375 0.45963139374999995 0.5690639390625 0.458859275 0.5645537828125 0.45808715624999996 0.5618084718749999 0.4575356421875 0.5608280031249999 0.4573150375 0.557494409375 0.4569841296875 0.5537686296875 0.4525720203125 0.5518076921875 0.4493732421875 0.5500428484375 0.44683627968749995 0.5486701921875 0.44562295 0.5484740984375 0.44595385781249997 0.5516115984375001 0.44683627968749995 0.5531803484375 0.44683627968749995 0.5555334734375 0.44849082031250004 0.5635733140625 0.45091747968749996 0.57239753125 0.4527926265625 0.57671159375 0.45532958749999997 0.5776920624999999
2 0.447277490625 0.59926236875 0.44849082031250004 0.59985065 0.44992475625 0.5990662765625 0.45113808593750004 0.5959287765625 0.45135869062499995 0.5920069015625 0.4510277828125 0.590830340625 0.44992475625 0.590634246875 0.448270215625 0.588869403125 0.44793930625 0.5853397171875 0.44738779375000004 0.5814178421875 0.446615675 0.5784764359375 0.44374780312500006 0.5792608109375 0.4419829609375 0.5798490921874999 0.439115090625 0.5808295609374999 0.44021811718750004 0.5835748734374999 0.4419829609375 0.5882811218749999 0.4445199234375 0.5920069015625 0.447277490625 0.59926236875
2 0.4301805703125 0.586516278125 0.42962905625000003 0.591026434375 0.43029087343750005 0.5961248703125 0.4319454140625 0.6002428375 0.43304844062500003 0.6055373687500001 0.43315874374999996 0.6069100234375 0.43359995468749996 0.6092631484375 0.43624721875 0.6106358046875 0.43856357656249995 0.6100475234375 0.4420932625 0.6114201796875001 0.4450714359375 0.6102436171875001 0.44573325312499995 0.6078904921875 0.44617446406249994 0.60475299375 0.44705688437499996 0.60122330625 0.4469465828125 0.5986740890625 0.44595385781249997 0.5945561203125 0.44374780312500006 0.591222528125 0.44087993281250004 0.588869403125 0.43878418124999996 0.5886733093750001 0.4377914578125 0.588085028125 0.43690903593749997 0.5855358109375 0.4339308625 0.5820061234375 0.43183511093750004 0.5819080765625 0.431283596875 0.5831826859375 0.4301805703125 0.586516278125
2 0.45607929062499997 0.9656034046874999 0.45656482499999995 0.9644525078124999 0.4557556 0.9601366406249999 0.45413715000000004 0.9566839453125 0.44944364375 0.9515049046874999 0.4457212078125 0.9431608953125 0.443455378125 0.942009996875 0.4421606171875 0.9463258640625 0.4366578875 0.9517926296875 0.42969855 0.956108496875 0.42646164999999997 0.963013884375 0.4279182546875 0.9641647828125001 0.431640690625 0.9641647828125001 0.4386000265625 0.9644525078124999 0.4484725734375 0.9664665781249999 0.45413715000000004 0.9664665781249999 0.45607929062499997 0.9656034046874999
2 0.42629980468750006 0.9863195687499999 0.42678534062500006 0.991498609375 0.4293748609375 0.9978285484375 0.43552497187499994 1 0.4441027578125 0.9998426203124999 0.44944364375 0.9981162734375 0.45235685468750003 0.996965375 0.454946375 0.9938004062499999 0.455270065625 0.9900599874999999 0.455270065625 0.9851686718750001 0.45413715000000004 0.9782632828125 0.45090025 0.9748105890625001 0.44863441875000004 0.9727965171875 0.44636858906250004 0.97250879375 0.43730526718749996 0.9716456203125 0.433906521875 0.9716456203125 0.42953670625000007 0.9750983140624999 0.42759456562500003 0.981140528125 0.42629980468750006 0.9863195687499999
2 0.41869308906249997 0.9894845374999999 0.41950231406249994 0.9845932218750001 0.4199878484375 0.9805650796875 0.417398328125 0.9730842421875 0.4151324984375 0.9693438234375 0.41399958281250004 0.9641647828125001 0.41319035781249996 0.9595611906249999 0.414161428125 0.9552453234374999 0.414161428125 0.9535189765625001 0.4128666671875 0.9540944250000001 0.411086371875 0.9569716703125 0.408658696875 0.963301609375 0.40525995156250005 0.9650279562499999 0.4038033453125 0.9664665781249999 0.4038033453125 0.966754303125 0.40477441562500005 0.9713578953124999 0.4106008375 0.9840177734375001 0.41545618749999996 0.9929372328125 0.417398328125 0.9926495078125 0.41869308906249997 0.9894845374999999
2 0.8127320171875001 0.33430985625 0.815033721875 0.3377879890625 0.81837119375 0.3396293515625 0.8202125578125001 0.3384017765625 0.8219388359375 0.33430985625 0.8230896890625001 0.33308227968750004 0.8248159671874999 0.33308227968750004 0.8264271609374999 0.3339006640625 0.82792326875 0.33021793593750004 0.82861378125 0.327762784375 0.8283836109375 0.3251030359375 0.8259668203125001 0.31957894375 0.8244707124999999 0.3193743484375 0.8226293484375 0.3193743484375 0.8189466203125001 0.32121571250000003 0.8156091484375001 0.3230570765625 0.813422528125 0.3261260171875 0.81261693125 0.33021793593750004 0.8127320171875001 0.33430985625
2 0.8013385765625 0.3396293515625 0.805251475 0.339220159375 0.8073230109375 0.33410526093750004 0.808013521875 0.3320593 0.8097398 0.330627128125 0.8100850562499999 0.3287857640625 0.8097398 0.32735359218750004 0.80881911875 0.324898440625 0.8083587781249999 0.322034096875 0.80686266875 0.3181467734375 0.8054816468749999 0.31896515625 0.801914003125 0.32142030781250003 0.7985765312499999 0.324898440625 0.7971955078125 0.3310363203125 0.7986916171875 0.3375833921875 0.8013385765625 0.3396293515625
2 0.7978860203125 0.31569162031250003 0.794893803125 0.3171237921875 0.7943183765625 0.3201927328125 0.79351278125 0.324284653125 0.7933976953124999 0.329399553125 0.7937429515625001 0.33124091718750004 0.7951239734375 0.33369606875 0.796850253125 0.33410526093750004 0.797770934375 0.330627128125 0.7983463609375 0.32387546093749997 0.8009933218749999 0.320397328125 0.80237434375 0.31896515625 0.8012234921875001 0.3173283890625 0.800187725 0.316305409375 0.7978860203125 0.31569162031250003
2 0.8305702296874999 0.3062802046875 0.8268875015624999 0.30750778125 0.82573665 0.3085307609375 0.8238952859375 0.308326165625 0.8227444328125 0.3077123765625 0.8218237515625001 0.30812156874999996 0.8197522171875 0.310372125 0.81906170625 0.31098591249999996 0.8180259375000001 0.31098591249999996 0.8144582953124999 0.3105767203125 0.8115811640624999 0.311804296875 0.8169901703125 0.3128272765625 0.8194069609374999 0.3136456609375 0.8199823875 0.3150778328125 0.8219388359375 0.3165100046875 0.824585796875 0.3158962171875 0.8267724171875 0.311804296875 0.8288439515625001 0.3107813171875 0.8295344625000001 0.3085307609375 0.8305702296874999 0.3062802046875