2 0.0090253625 0.1554590859375 0.01022874375 0.158311546875 0.0120338171875 0.16027261406249999 0.013638325000000001 0.15884638281250002 0.0160450890625 0.1563504796875 0.0172484703125 0.15225006875 0.019655234375 0.153319740625 0.02236284375 0.1526066265625 0.0226636890625 0.147079984375 0.021360024999999998 0.14351440937499998 0.019655234375 0.1415533421875 0.015844525 0.1422664578125 0.014841707812499999 0.1438709671875 0.014220678125 0.14518635 0.0120338171875 0.14636686875 0.0097273359375 0.1474365421875 0.008423671875 0.1511803953125 0.0090253625 0.1554590859375
2 0.10852743125 0.027651793749999997 0.108000171875 0.0239023984375 0.10510024843750002 0.019215653125000003 0.1029912140625 0.019528103124999998 0.1014094375 0.021246575 0.1014094375 0.0282766921875 0.10307909062500001 0.0315574140625 0.10474874218750001 0.0314011890625 0.10589113750000001 0.029682715625 0.10510024843750002 0.027183118750000002 0.10624264218749999 0.0282766921875 0.10747291249999999 0.0292140421875 0.10852743125 0.027651793749999997
2 0.1740004625 0.6759058953125 0.1746060328125 0.67052305 0.1735967484375 0.6676522 0.1703670421875 0.666216775 0.1687521890625 0.666216775 0.1672382640625 0.669267053125 0.16511876875 0.67231733125 0.1635039140625 0.6739321859375 0.15855842656250002 0.6793150296875 0.1596686375 0.6854155875 0.1615862765625 0.6897218640625 0.1658252671875 0.6900807203125 0.17066982656250002 0.6854155875 0.17157818281249998 0.683441878125 0.1731930359375 0.6794944578125001 0.1740004625 0.6759058953125
2 0.185809078125 0.67159961875 0.185809078125 0.66944648125 0.1846988671875 0.668190484375 0.1862127921875 0.66657563125 0.185607221875 0.6642430640625 0.184194225 0.6637047796875 0.182983084375 0.6635253515625 0.1823775140625 0.6611927859375 0.181166375 0.6619104984375 0.1805608046875 0.6653196328125001 0.1793496640625 0.6654990625 0.178643165625 0.6647813484375 0.17753295468750002 0.6656784890624999 0.1776338828125 0.6703436218750001 0.1803589484375 0.673573328125 0.182983084375 0.6744704703125 0.185809078125 0.67159961875
2 0.17612877656249998 0.6858540578125 0.17585613125 0.682784275 0.1745837875 0.6811686 0.17703759375 0.679876059375 0.1796731625 0.677452546875 0.1810363890625 0.6747059 0.179036990625 0.6716361171874999 0.17794641093750002 0.66888946875 0.176492303125 0.66727379375 0.174038496875 0.6674353625 0.1732205609375 0.6674353625 0.17485643125 0.67050514375 0.17422025937500002 0.6740596296875 0.17303879687499998 0.6789066546875 0.17303879687499998 0.6813301671875001 0.171857334375 0.68439995 0.1708576359375 0.6866618953125 0.172947915625 0.6882775703124999 0.17585613125 0.6900548125 0.176492303125 0.6881160015625001 0.17612877656249998 0.6858540578125
2 0.2756807859375 0.356970684375 0.2755428765625 0.35427379062500003 0.2737500546875 0.3554996515625 0.27319841875 0.35917723437500004 0.27237096250000004 0.361874128125 0.27099186875000003 0.36334516093749997 0.2701644125 0.3675130890625 0.26919904687499996 0.3709454984375 0.26919904687499996 0.374868253125 0.27099186875000003 0.377565146875 0.271819325 0.379281353125 0.2736121453125 0.3783006640625 0.2741637828125 0.3758489421875 0.2744396015625 0.372171359375 0.2729226 0.3648161953125 0.2741637828125 0.3628548171875 0.27581869531250003 0.36162895625 0.2749912390625 0.3589320625 0.2756807859375 0.356970684375
2 0.275603240625 0.3754877234375 0.2774170828125 0.3771000265625 0.27953323281250003 0.3774583171875 0.28124630625 0.3760251578125 0.282657071875 0.373337984375 0.28346322343749997 0.36903850625 0.2836647625 0.365634753125 0.28396706875 0.362231 0.285176296875 0.3609769859375 0.28507552812500003 0.3586481015625 0.2821532265625 0.357931521875 0.2805409234375 0.3581106671875 0.2784247734375 0.35703579687500003 0.2771147765625 0.35685665312500003 0.27590554843750004 0.35685665312500003 0.275401703125 0.3573940875 0.275099396875 0.359722971875 0.275099396875 0.361872709375 0.2737893984375 0.3634850140625 0.2734870921875 0.3670679125 0.2743940125 0.3722631140625 0.275603240625 0.3754877234375
2 0.3367791875 0.18065599375000002 0.3385881125 0.1785751390625 0.3381624828125 0.176872621875 0.33869451875 0.17592677968749998 0.3390137421875 0.17365675625000002 0.3381624828125 0.1717650703125 0.3366727796875 0.17025172187499998 0.33614074375 0.16836003593749999 0.3349702625 0.16590084375 0.3334805609375 0.16476583281249998 0.332203671875 0.16438749531250002 0.33124600625 0.16627918125000002 0.33124600625 0.1691167109375 0.3316716359375 0.170630059375 0.33124600625 0.17403509374999998 0.3324164875 0.1781968015625 0.33433181875 0.1819801734375 0.3367791875 0.18065599375000002
2 0.3785581046875 0.01319273125 0.37828325625 0.01547295625 0.37828325625 0.0172645625 0.380848509375 0.014821464062500001 0.3835053796875 0.0127041125 0.3845131578125 0.011075379687500001 0.3835053796875 0.00977239375 0.381214975 0.008306534375 0.3796575 0.0073292953125 0.3787413375 0.00749216875 0.3779167921875 0.008306534375 0.37709224531249996 0.0079807890625 0.37681739687500004 0.00749216875 0.37580961875 0.0058634359375 0.37608446875 0.00863228125 0.37672578125 0.010098140625 0.377825175 0.0102610140625 0.3785581046875 0.01319273125
2 0.37177850625 0.0102610140625 0.37177850625 0.0140070984375 0.37315275 0.0172645625 0.374801840625 0.0208477734375 0.374801840625 0.0226393796875 0.3762677 0.0206849 0.37764194375 0.018078928124999998 0.377825175 0.014821464062500001 0.3779167921875 0.011075379687500001 0.3773670953125 0.0096095203125 0.3759928515625 0.010912506249999999 0.375259921875 0.008958028125 0.37388567968749997 0.0073292953125 0.3729695171875 0.00749216875 0.37177850625 0.0102610140625
2 0.388025765625 0.035073278125 0.38993232187500004 0.032125943750000004 0.391175728125 0.030357542187499996 0.390595471875 0.027115475 0.389517853125 0.023578675 0.388025765625 0.023283940625 0.38703103906249997 0.023726040625 0.3857876328125 0.026231275 0.38495869531250004 0.0260839078125 0.3856218453125 0.0247576078125 0.3867823578125 0.022989207812500002 0.3858705265625 0.022989207812500002 0.38504158906249997 0.0231365734375 0.3836323953125 0.0251997078125 0.38288635000000004 0.0290312421875 0.38288635000000004 0.03433644375 0.38504158906249997 0.0349259109375 0.388025765625 0.035073278125
2 0.38280345625 0.028736509375000004 0.3837152890625 0.026378642187500002 0.38272056249999997 0.025789174999999998 0.38131136875 0.027410207812499997 0.38064821875 0.0322733109375 0.381228475 0.03477854375 0.38321792656250003 0.03522064375 0.38296924374999997 0.03389434375 0.38280345625 0.031389109375 0.38280345625 0.028736509375000004
2 0.390678365625 0.024168140625 0.391341515625 0.022841840625000002 0.391838878125 0.022841840625000002 0.3930822859375 0.024610240624999998 0.3936625421875 0.0251997078125 0.3942427984375 0.021957640625 0.3944085859375 0.0188629390625 0.392502028125 0.017684004687499998 0.390595471875 0.0175366390625 0.38910338437499997 0.0170945390625 0.388025765625 0.0184208390625 0.3872797203125 0.0197471390625 0.3869481453125 0.022399740625 0.388440234375 0.023283940625 0.389600746875 0.023283940625 0.390678365625 0.024168140625
2 0.38765302031250004 0.017570675 0.38704292812499996 0.0149676125 0.3858227421875 0.01540145625 0.38387044375 0.018221440624999998 0.3830163140625 0.02060758125 0.38411448125000003 0.0216921921875 0.3842365 0.0236444890625 0.3858227421875 0.0236444890625 0.386798890625 0.0234275671875 0.386554853125 0.021909114062500002 0.386798890625 0.0201737375 0.38765302031250004 0.017570675
2 0.6323255359375 0.8164320109375 0.6323255359375 0.823473253125 0.635296059375 0.8269938734375 0.6394547937499999 0.8291062468750001 0.6398508640625 0.834035115625 0.641633178125 0.8410763578125 0.6444056671875 0.8438928546875 0.646386015625 0.8407242953124999 0.646386015625 0.834387178125 0.6444056671875 0.8262897499999999 0.6420292484375001 0.8160799484375 0.6384646187499999 0.8107990171875 0.635296059375 0.8100948921875 0.6337117812499999 0.8115031406250001 0.6323255359375 0.8164320109375
2 0.6471781562500001 0.8375557359375 0.6499506453125 0.834739240625 0.6521290296875 0.8266418109375 0.6531192031249999 0.8185443828125001 0.6485643999999999 0.8143196375 0.64519780625 0.8100948921875 0.6428213875 0.80868664375 0.64143514375 0.8118552031249999 0.64420763125 0.8185443828125001 0.64519780625 0.8227691281249999 0.64519780625 0.8298103703124999 0.6471781562500001 0.8375557359375
2 0.6410390734375 0.795308284375 0.639256759375 0.7900273531249999 0.638662653125 0.7826340484375 0.6376724796875 0.7752407453125 0.6376724796875 0.7696077515625 0.6354940953125 0.7685515656249999 0.6325235703125001 0.7724242484375 0.6299491171875 0.7784093046875 0.6283648375 0.7882670421875 0.63074125625 0.7942520984375 0.6335137453125 0.7998850921875 0.6333157109374999 0.8051660234375 0.6343058859374999 0.80868664375 0.6374744437500001 0.8072783953125 0.6394547937499999 0.8027015890625 0.6410390734375 0.795308284375
2 0.6469801203125 0.8009412781249999 0.648366365625 0.803757775 0.6501486796875 0.8009412781249999 0.6491585046874999 0.79284385 0.64618798125 0.7875629187500001 0.645989946875 0.781929925 0.6479702953124999 0.7766489937500001 0.646386015625 0.771016 0.6430194218749999 0.7664391921875 0.640643003125 0.76538300625 0.6388606890624999 0.768199503125 0.639256759375 0.7748886828125 0.6422272828125 0.784394359375 0.6448017375 0.7931959125 0.6469801203125 0.8009412781249999
2 0.6433212640625 0.49515906718749997 0.6455789484375 0.49706027500000005 0.6487872375 0.49706027500000005 0.6504507937499999 0.494947821875 0.6521143515625 0.48945544218750003 0.6538967328124999 0.48713174375 0.654134384375 0.48544178125000004 0.6529461296875 0.482484346875 0.652708478125 0.47910442187499996 0.6509260953125 0.47593574062500005 0.6490248875 0.47340079687500003 0.6471236796875 0.4727670609375 0.6461730765625 0.4748795140625 0.6455789484375 0.47614698593749993 0.6454180125 0.478746846875 0.6433212640625 0.4801606484375 0.642133009375 0.4856530265625 0.642251834375 0.4903004234375 0.6433212640625 0.49515906718749997
2 0.6373799890625 0.488399215625 0.6395188484375 0.487554234375 0.6404694515625 0.4845968 0.6418953578125 0.48058313906250005 0.64427186875 0.47889317656249997 0.645103646875 0.47593574062500005 0.645103646875 0.472133325 0.6432024390625 0.4727670609375 0.6417765328125 0.47572449531250005 0.6397564984375 0.4772032140625 0.6395188484375 0.47889317656249997 0.63868706875 0.48037189375 0.6369046875000001 0.4831180828125 0.6353599546875001 0.4848080453125 0.6358352578125 0.4873429890625 0.6373799890625 0.488399215625
2 0.6506884453125 0.46727468281249995 0.651282571875 0.47297830625000004 0.65342143125 0.4753020046875 0.6553226390625 0.47614698593749993 0.6573426734375001 0.475090759375 0.65912505625 0.4736120421875 0.6610262640625 0.4704433625 0.6606697875 0.4676971734375 0.6611450890625 0.46410600156250004 0.66221451875 0.461782303125 0.661620390625 0.4560786796875 0.6605509609375 0.4510087921875 0.6598380078125 0.4469951296875 0.6579368 0.44551641249999996 0.65615441875 0.4478401109375 0.6547285125 0.45058630156249996 0.654015559375 0.45291 0.652708478125 0.4543887171875 0.6529461296875 0.45713490625000003 0.6515202234374999 0.4613598125 0.6506884453125 0.46389475625000004 0.6506884453125 0.46727468281249995
2 0.6516390484375 0.45966984999999994 0.652589653125 0.455867434375 0.65342143125 0.4514312828125 0.65615441875 0.4478401109375 0.6581744515625 0.4448826765625 0.6566297203125 0.44467143125 0.6548473375 0.44572765781249996 0.6528273046875 0.4501638109375 0.6514013984375 0.451642528125 0.6490248875 0.45291 0.6460542499999999 0.4543887171875 0.643677740625 0.45544494375 0.6417765328125 0.4581911328125 0.640825928125 0.4613598125 0.64165770625 0.46495098281249997 0.6430836125 0.467485928125 0.6454601234374999 0.467485928125 0.6477178078125 0.46579596562500003 0.6491437140625 0.464317246875 0.6499754921875 0.462627284375 0.6516390484375 0.45966984999999994
2 0.6677123390624999 0.2533810359375 0.6681827250000001 0.25087231249999997 0.6678299359375 0.24669110781249998 0.6675947421874999 0.2416736609375 0.6680651281250001 0.23791057656249998 0.6683003203125 0.2349837328125 0.6663011828125 0.2356109140625 0.6645372359375 0.23811963593750002 0.664184446875 0.24041929999999997 0.66430204375 0.2446005046875 0.6647724296875 0.25024513125 0.66594839375 0.2521266734375 0.6677123390624999 0.2533810359375
2 0.663596465625 0.23519279218750003 0.6619501156250001 0.23749245624999998 0.6606565546875001 0.24104647968749998 0.658069434375 0.24334614375000002 0.656658278125 0.245854865625 0.657246259375 0.24752734843750002 0.65818703125 0.2527538546875 0.6585398203125 0.2550535171875 0.659715784375 0.2540082171875 0.6612445375 0.25108137343750003 0.6620677125000001 0.24690016718750002 0.6630084828125 0.2425099015625 0.664184446875 0.23791057656249998 0.6645372359375 0.2349837328125 0.663596465625 0.23519279218750003
2 0.6681578390625 0.10205617656249999 0.6694264921874999 0.10525130468749999 0.6713294734375 0.105439253125 0.6723866859375 0.10525130468749999 0.6740782249999999 0.10600309999999999 0.6760869265625 0.10713079218749999 0.6784127921875001 0.105439253125 0.6794700046875 0.10205617656249999 0.6794700046875 0.0992369453125 0.678624234375 0.0967936109375 0.676826975 0.0949141234375 0.675029715625 0.096981559375 0.6742896671875 0.09754540625 0.6730210125 0.0992369453125 0.6722809640625 0.0966056625 0.6694264921874999 0.0966056625 0.66868644375 0.098861046875 0.6681578390625 0.10205617656249999
2 0.671223753125 0.0924707890625 0.6709065890625 0.088523865625 0.6703779828124999 0.0845769421875 0.6688978875 0.08194565937500001 0.6676292328125 0.0821336078125 0.666360578125 0.084764890625 0.6657262515625 0.0873961734375 0.6661491359375 0.0902154046875 0.667946396875 0.092282840625 0.6667834625 0.0935984828125 0.6664663 0.0962297640625 0.6664663 0.097921303125 0.667946396875 0.0977333546875 0.6695322140625 0.0967936109375 0.671223753125 0.0952900203125 0.671223753125 0.0924707890625