2 0.1585971890625 0.3141456046875 0.1582313359375 0.30959276875 0.1553045140625 0.30699115 0.1520118375 0.30471473125 0.1485362375 0.3053651375 0.147438678125 0.3043895296875 0.144877709375 0.303413921875 0.14378015 0.30471473125 0.14378015 0.308291959375 0.14725575156249998 0.31121878125 0.150731353125 0.313169996875 0.1545728078125 0.3154464140625 0.1585971890625 0.3141456046875
2 0.1452435609375 0.32747890625 0.14817038437500002 0.3281293109375 0.1505484265625 0.3265032984375 0.15219476406250002 0.3235764765625 0.15219476406250002 0.31934884375 0.1512801328125 0.3154464140625 0.14817038437500002 0.3141456046875 0.14615819375 0.313169996875 0.144146003125 0.31154398437499997 0.1423167390625 0.31349519843749996 0.1393899171875 0.31447080625 0.13810943125 0.3151212109375 0.1371948 0.319023640625 0.13792650625 0.3252024890625 0.139206990625 0.3281293109375 0.1423167390625 0.329430121875 0.1452435609375 0.32747890625
2 0.1333533453125 0.3183732359375 0.13499968281250002 0.320649653125 0.1360972421875 0.3265032984375 0.136828946875 0.32422688125 0.1371948 0.3167472234375 0.13554846250000002 0.31284479374999996 0.13317041875 0.31121878125 0.13097530156249998 0.31251959218750003 0.12823140625 0.3151212109375 0.124572878125 0.3186984390625 0.1223777609375 0.322275665625 0.12438995156249999 0.32325127343750004 0.12695092187499998 0.32097485625 0.1300606703125 0.3183732359375 0.1333533453125 0.3183732359375
2 0.1165241171875 0.3395113984375 0.11725582187500001 0.3427634234375 0.1190850859375 0.34569024531250003 0.1231094671875 0.34569024531250003 0.1258533625 0.34438943593750004 0.129511890625 0.34211301875 0.1333533453125 0.3365845765625 0.13499968281250002 0.33235694374999997 0.13554846250000002 0.3252024890625 0.13481675625 0.3219504640625 0.1333533453125 0.31934884375 0.1296948171875 0.31934884375 0.1274997 0.322275665625 0.1256704375 0.32390167812500004 0.1231094671875 0.326178096875 0.12091434999999999 0.32910491875000003 0.11853630781249999 0.332682146875 0.1161582640625 0.335283765625 0.1165241171875 0.3395113984375
2 0.050384065624999995 0.6078447515625001 0.055917575 0.6042204640625 0.0602861359375 0.6005961765625 0.062033559375000005 0.5943831125 0.06174232187499999 0.5897233140625 0.062033559375000005 0.582474740625 0.0591211859375 0.5793682078125 0.0532964390625 0.5845457609375 0.050384065624999995 0.5866167828125 0.050092828125 0.5871345375 0.049219115625 0.5892055593750001 0.0465979796875 0.5954186234375001 0.04193818125 0.6042204640625 0.04252065625 0.61198679375 0.0471804546875 0.61198679375 0.050384065624999995 0.6078447515625001
2 0.495026809375 0.0162971796875 0.499809678125 0.013462887500000001 0.503396828125 0.0106285953125 0.5029982562499999 0.0070857296875 0.5008061078125 0.004605725 0.49821538906249996 0.004605725 0.49622252656250004 0.0049600109375 0.49283466249999996 0.0074400171875 0.49104108750000003 0.01133716875 0.491439659375 0.0159428921875 0.495026809375 0.0162971796875
2 0.48601037812500003 0.1474857984375 0.48498827499999997 0.1520284828125 0.48566967656250004 0.15475409375 0.4865214296875 0.15747970312499998 0.48907668906249996 0.156268321875 0.49026914374999997 0.1517256375 0.48992844375000005 0.1468801078125 0.48788423593749997 0.14718295312500002 0.4870324828125 0.1468801078125 0.48601037812500003 0.1474857984375
2 0.48873598906250004 0.14385165312499998 0.49026914374999997 0.14869718125 0.49163195000000004 0.1520284828125 0.49350580624999996 0.1529370203125 0.4948686109375 0.153239865625 0.49708317031249993 0.14869718125 0.49725352031250003 0.14264027031249998 0.496061065625 0.1387032765625 0.4945279109375 0.1362805125 0.492654053125 0.1344634390625 0.49009879375 0.13597766718749998 0.4897580921875 0.1411260421875 0.48873598906250004 0.14385165312499998
2 0.5011715859375 0.14354880625 0.5028750921875 0.14385165312499998 0.50338614375 0.1414288875 0.5030454421874999 0.1374918953125 0.500830884375 0.13597766718749998 0.497423871875 0.1350691296875 0.496061065625 0.13325205625 0.49333545624999997 0.1311321375 0.492483703125 0.134766284375 0.4957203640625 0.137794740625 0.49878667656250003 0.1417317328125 0.5011715859375 0.14354880625
2 0.5038971953125 0.1414288875 0.50321579375 0.1441544984375 0.504067546875 0.14718295312500002 0.5057710531249999 0.145668725 0.507644909375 0.14264027031249998 0.5084966625 0.1411260421875 0.50696350625 0.13718904999999998 0.50679315625 0.13416059375 0.5054303515624999 0.13052644687499998 0.50355649375 0.1329492109375 0.502704740625 0.135674821875 0.5028750921875 0.1380975859375 0.5038971953125 0.1414288875
2 0.4840290515625 0.292786125 0.484757134375 0.2974458515625 0.486358915625 0.298222471875 0.48737823125 0.2953748625 0.48737823125 0.2894207671875 0.48737823125 0.28605540937499996 0.48854316249999996 0.283725546875 0.487523846875 0.2811368109375 0.48781507968750004 0.277771453125 0.48723261406249996 0.2749238421875 0.48679576406249997 0.2705229890625 0.4856308328125 0.2749238421875 0.4834465859375 0.27958356875 0.48373781875 0.2832078 0.4850483671875 0.287349778125 0.4840290515625 0.292786125
2 0.49247480625 0.293562746875 0.494222203125 0.293562746875 0.49480466874999995 0.28916189375 0.49480466874999995 0.2857965359375 0.49669768281250004 0.28424329375 0.498590696875 0.2798424421875 0.4991731625 0.2754415890625 0.49742576562499996 0.2736294734375 0.49407658750000005 0.2710407375 0.49087302499999996 0.2700052421875 0.4894168609375 0.269228621875 0.4883975453125 0.27207623124999997 0.48825192968750003 0.2803601890625 0.48854316249999996 0.28683203125 0.49087302499999996 0.292786125 0.49247480625 0.293562746875
2 0.49247480625 0.303141071875 0.4933485046875 0.307541925 0.49611521718749996 0.3103895359375 0.49844507968749996 0.31116615625 0.50077494375 0.3072830515625 0.5016486421875 0.302623325 0.5016486421875 0.29641035625 0.5004837109375 0.29408049375 0.4991731625 0.289679640625 0.49844507968749996 0.2863142828125 0.49815384687500003 0.28605540937499996 0.4959696 0.287867525 0.4943678203125 0.29175063125 0.4939309703125 0.295892609375 0.492620421875 0.298481346875 0.49247480625 0.303141071875
2 0.504124121875 0.30417656718749997 0.506453984375 0.3023644515625 0.5083469984375 0.29977571406250003 0.508055765625 0.2953748625 0.5079101484375 0.289938515625 0.506890834375 0.2870909046875 0.504124121875 0.283725546875 0.5019398749999999 0.28450216875 0.5016486421875 0.288644146875 0.5019398749999999 0.29511598906250003 0.50310480625 0.3023644515625 0.504124121875 0.30417656718749997
2 0.503687271875 0.310648409375 0.5045609703125 0.312978271875 0.5061627515625 0.3163436296875 0.5084926140625 0.316602503125 0.5099487796875 0.3147903875 0.5112593265625 0.31116615625 0.510385628125 0.3078007984375 0.509220696875 0.3052120625 0.5077645328125 0.3049531875 0.5055802859375 0.30391769375 0.5028135734375 0.3049531875 0.5020854906250001 0.307541925 0.503687271875 0.310648409375
2 0.49698891562499997 0.287867525 0.49844507968749996 0.2855376625 0.499318778125 0.289679640625 0.5016486421875 0.2914917578125 0.5017942578125 0.2881264 0.5022311078125 0.285019915625 0.5044153546875 0.28450216875 0.506453984375 0.2832078 0.5051434359375 0.2808779359375 0.5028135734375 0.2806190625 0.5022311078125 0.27699483125 0.501503025 0.2757004625 0.5001924765625 0.277771453125 0.496552065625 0.282948925 0.4950959015625 0.28605540937499996 0.4950959015625 0.289679640625 0.49698891562499997 0.287867525
2 0.51417165625 0.3109072828125 0.51417165625 0.30676530468749996 0.5151909703124999 0.305729809375 0.5144628890625 0.3023644515625 0.5128611078125 0.30107008281250003 0.5099487796875 0.3005523359375 0.5077645328125 0.30107008281250003 0.5079101484375 0.30417656718749997 0.5102400125 0.3072830515625 0.513006725 0.311683903125 0.51417165625 0.3109072828125
2 0.220547875 0.0392394078125 0.222633434375 0.038003521875 0.2257617734375 0.035531746875 0.22558797656250001 0.0318240875 0.22471899374999998 0.0305882 0.22228584062499998 0.029352314062500003 0.2196788921875 0.030897171875 0.21863611249999998 0.036149690625 0.21863611249999998 0.0392394078125 0.220547875 0.0392394078125
2 0.23132326406249998 0.030279228125 0.2314970609375 0.0281164265625 0.23010668750000002 0.026262595312499998 0.228194925 0.025026709375 0.2262831625 0.025026709375 0.2262831625 0.0305882 0.228194925 0.032133059375 0.230280484375 0.0330599734375 0.23132326406249998 0.030279228125