2 0.5250433390625 0.083412871875 0.5265310375000001 0.082802534375 0.52904868125 0.0813784109375 0.5304219421874999 0.07995428906249999 0.5312230109375 0.0775129375 0.530994134375 0.07364746250000001 0.5306508187500001 0.07201989375 0.5285909281250001 0.070392325 0.5272176671875 0.0724267859375 0.5259588453124999 0.0740543546875 0.5242422703125 0.0746646921875 0.5234412015625 0.07710604531250001 0.523212325 0.0813784109375 0.5250433390625 0.083412871875
2 0.522182378125 0.068968203125 0.5206946796875 0.0707992171875 0.5196647343749999 0.0732405703125 0.5194358578125 0.0760888140625 0.520465803125 0.0760888140625 0.5222968171875 0.0746646921875 0.524585584375 0.0734440171875 0.526073284375 0.0710026640625 0.52733210625 0.06795097343749999 0.5258444078125 0.06754408125 0.52401339375 0.06795097343749999 0.522182378125 0.068968203125
2 0.5295064359375 0.11169187031250001 0.530078628125 0.1106746390625 0.53053638125 0.10965740937499999 0.5304219421874999 0.10802984062500001 0.5288198046875 0.10660571875 0.52904868125 0.10477470468750001 0.5280187359374999 0.1031471359375 0.526988790625 0.10172301406249999 0.5263021609375 0.100705784375 0.5243567078125 0.10172301406249999 0.52572996875 0.10680916562500001 0.5264166 0.1100643015625 0.528133175 0.11108153125 0.5295064359375 0.11169187031250001
2 0.5193214187499999 0.10823328750000001 0.5201224875 0.1100643015625 0.5219535015625001 0.1139297765625 0.5235556390625 0.114133221875 0.5243567078125 0.113522884375 0.5251577765625 0.110267746875 0.5249289 0.10823328750000001 0.5249289 0.10579193437500001 0.52401339375 0.102333353125 0.5213813093749999 0.1031471359375 0.519779171875 0.10518159687499999 0.5193214187499999 0.10823328750000001
2 0.5227545703125 0.1635706078125 0.522983446875 0.16438439062500002 0.523784515625 0.1635706078125 0.525272215625 0.1649947296875 0.5279042984375 0.1656050671875 0.5295064359375 0.16540162187500002 0.5307652578125001 0.16296026875 0.530879696875 0.1617395921875 0.5312230109375 0.15848445625000002 0.53053638125 0.1558396578125 0.5295064359375 0.1542120890625 0.5263021609375 0.153194859375 0.5235556390625 0.152381075 0.5218390640624999 0.154822428125 0.5213813093749999 0.16031547031249999 0.5227545703125 0.1635706078125
2 0.5094797171875001 0.2992691078125 0.51291286875 0.295403634375 0.514858321875 0.292758834375 0.5158882671875 0.29052092812499997 0.5158882671875 0.2864520078125 0.51440056875 0.283196871875 0.5123406765625 0.2819761953125 0.5111962937500001 0.28340031718750003 0.50810645625 0.2868589 0.5050166203125 0.28909680625 0.503643359375 0.295403634375 0.5062754421875 0.3002863375 0.5094797171875001 0.2992691078125
2 0.510852978125 0.27872105937499997 0.507763140625 0.2799417359375 0.5046733046874999 0.2805520734375 0.5041011125 0.28217964218749997 0.5028422906250001 0.2844175484375 0.5006679609375 0.28726579218750004 0.50009576875 0.2909278203125 0.5019267828125 0.291538159375 0.5043299890624999 0.28787613125 0.5068476343749999 0.284824440625 0.512455115625 0.280348628125 0.5137139375 0.28014518125 0.5130273078124999 0.279331396875 0.510852978125 0.27872105937499997
2 0.5178337203125001 0.38369921093750003 0.518863665625 0.38369921093750003 0.520465803125 0.3818681953125 0.521266871875 0.378613059375 0.52080911875 0.375764815625 0.519779171875 0.37332346250000004 0.5172615281249999 0.3731200171875 0.5138283765625 0.37332346250000004 0.5123406765625 0.37637515312500003 0.5135995 0.382478534375 0.5158882671875 0.3832923171875 0.5178337203125001 0.38369921093750003
2 0.5138283765625 0.4091299640625 0.5135995 0.4123851 0.5155449515625 0.415436790625 0.5194358578125 0.41380922187499997 0.520580240625 0.4123851 0.521266871875 0.4105540859375 0.5217246249999999 0.408723071875 0.5217246249999999 0.4038403671875 0.5211524328125 0.40119556875000006 0.5196647343749999 0.39895766250000003 0.5182914734375 0.39997489218750004 0.5178337203125001 0.4013990140625 0.516574896875 0.4028231375 0.514858321875 0.405467934375 0.5138283765625 0.4091299640625
2 0.5091364015625001 0.413198884375 0.510852978125 0.4144195609375 0.51279843125 0.41299543749999995 0.5134850609375 0.40892651718749995 0.5147438828124999 0.405467934375 0.514972759375 0.4028231375 0.513370621875 0.39997489218750004 0.5111962937500001 0.39651630937500004 0.510166346875 0.399771446875 0.509365278125 0.40607827343749997 0.50799201875 0.4105540859375 0.5091364015625001 0.413198884375
2 0.5028422906250001 0.4079092875 0.502498975 0.40994374687499996 0.5039866749999999 0.41197820781249994 0.5066187578125 0.41197820781249994 0.5087930875 0.408519625 0.50959415625 0.4044507046875 0.510166346875 0.39794043125 0.5078775796875 0.4007886765625 0.50570325 0.40506104374999996 0.5028422906250001 0.4079092875
2 0.4990658234375 0.5285527828125 0.5005535234375 0.5336389328125 0.5028422906250001 0.534045825 0.5053599359375001 0.5324182562499999 0.5075342640625 0.5293665671875 0.5078775796875 0.526518321875 0.5058176890625 0.52346663125 0.5051310578125 0.521432171875 0.50318560625 0.522652846875 0.5007824000000001 0.5255010921875 0.4990658234375 0.5285527828125
2 0.5042155515625 0.5997588921875 0.5038722359375 0.5967072015625 0.5028422906250001 0.5946727421875 0.50009576875 0.5914176046875 0.49780700156249996 0.5883659140625 0.4950604796875 0.5855176703125 0.4927717125 0.5853142250000001 0.4905973828125 0.5869417921875 0.48933856093749994 0.5893831453125 0.48968187500000004 0.5936555109375 0.49139845156249995 0.59426585 0.4947171640625 0.5944692953125 0.4976925625 0.5967072015625 0.50158346875 0.599352 0.5026134140625 0.599555446875 0.5042155515625 0.5997588921875
2 0.48739310781249995 0.6030140281249999 0.4885374921875 0.6060657203125001 0.490826259375 0.607489840625 0.49254283593750003 0.6078967343749999 0.4949460421875 0.61054153125 0.49677705625 0.6109484234375 0.4994091390625 0.6103380859375 0.5008968375 0.606269165625 0.501240153125 0.6044381515625 0.5003246453125 0.60158990625 0.49860807031250004 0.59772443125 0.497234809375 0.595689971875 0.49460272656250004 0.5960968640625001 0.4927717125 0.595079634375 0.48945299843749995 0.597317540625 0.48739310781249995 0.6005726765625 0.48739310781249995 0.6030140281249999
2 0.5121191125 0.8819418203125 0.5144614953125 0.8782159234375 0.5143382125 0.8766817296875 0.513105378125 0.8740516843749999 0.5113794109375001 0.873175003125 0.50928359375 0.8714216390624999 0.5033659921875 0.868353253125 0.4988045078125 0.869229934375 0.4968319734375 0.87120246875 0.49670869062499995 0.874928365625 0.497941525 0.8758050484375 0.5002839078125 0.8758050484375 0.5041056921875 0.8790926046875001 0.5060782265625 0.8806267968749999 0.509406878125 0.882160990625 0.5121191125 0.8819418203125
2 0.497078540625 0.8771200703125 0.495599140625 0.8815034796875001 0.4968319734375 0.8887361031250001 0.498311375 0.8880785921875001 0.4996674921875 0.8909278078125 0.5020098749999999 0.891146978125 0.5041056921875 0.89399619375 0.5064480765625 0.8953112171875001 0.5095301609375 0.8909278078125 0.5097767281250001 0.8876402515624999 0.50928359375 0.8847910359375 0.5082973265625 0.88259933125 0.5075576265625 0.8819418203125 0.5042289765625 0.879750115625 0.502133159375 0.877339240625 0.5011468921875 0.8762433890624999 0.49843465781249996 0.8762433890624999 0.497078540625 0.8771200703125
2 0.625910828125 0.1838834078125 0.6222942406249999 0.18902699843749998 0.6222942406249999 0.1926703765625 0.6232586625 0.196956703125 0.6263930390625 0.1960994375 0.62808078125 0.19288469218749998 0.6284424390625001 0.1896699484375 0.6302507328125 0.1860265703125 0.6306123921875 0.18174024375 0.6304918390625 0.179811396875 0.6288040984375 0.180882978125 0.625910828125 0.1838834078125
2 0.6306123921875 0.1984569171875 0.63169736875 0.1995284984375 0.6330234515625001 0.19888555000000002 0.6344700859375 0.19717101875 0.6349522984375 0.1954564890625 0.6349522984375 0.19288469218749998 0.6365194859375001 0.1905272140625 0.637966121875 0.1870981515625 0.637483909375 0.18452635625 0.63579616875 0.18345477500000001 0.6330234515625001 0.1802400296875 0.6313357093749999 0.18281182499999998 0.630009628125 0.1870981515625 0.6292863093750001 0.1900985796875 0.630009628125 0.1965280703125 0.6306123921875 0.1984569171875
2 0.6386894390625 0.185812253125 0.637725015625 0.1896699484375 0.6401360734375 0.189241315625 0.6424265796874999 0.188169734375 0.643632109375 0.1868838359375 0.643873215625 0.18345477500000001 0.641823815625 0.179811396875 0.6406182859375 0.17509643749999998 0.6390510968750001 0.1744534890625 0.6373633562500001 0.1755250703125 0.63507285 0.177025284375 0.633987875 0.1800257140625 0.635193403125 0.1821688765625 0.6368811453125 0.18238319218750002 0.6386894390625 0.185812253125
2 0.6326617921875 0.2276039375 0.635434509375 0.225460775 0.635434509375 0.2222460296875 0.63326455625 0.2192456015625 0.631938475 0.2166738046875 0.6294068625 0.21538790625 0.6302507328125 0.22031718281249998 0.6284424390625001 0.22567509062500002 0.629889075 0.229532784375 0.6326617921875 0.2276039375
2 0.6232586625 0.21753107031250002 0.6226558984375 0.22053149843750003 0.623379215625 0.2233176109375 0.6244641921875 0.225032140625 0.6247052984375 0.227818253125 0.6265135921875 0.228461203125 0.627719121875 0.224817825 0.6290452046875 0.21988855 0.6288040984375 0.214959275 0.6269958046874999 0.214959275 0.6253080625 0.21581653906249998 0.6232586625 0.21753107031250002
2 0.6655727421875001 0.45435060937499994 0.665211084375 0.45070723125 0.66304113125 0.447706803125 0.6608711781250001 0.4470638546875 0.6597862015625 0.4470638546875 0.6577368015625 0.4489927015625 0.65556685 0.4500642828125 0.6539996609375 0.4498499671875 0.6519502609375001 0.448778384375 0.6485747796875 0.44942133437500004 0.6461637203125 0.451564496875 0.6461637203125 0.4530647109375 0.6505036265624999 0.4547792421875 0.6556874015624999 0.45499355937499997 0.6625589187500001 0.457136721875 0.6643672140625 0.45627945625 0.6655727421875001 0.45435060937499994
2 0.6459226140625 0.47235318125000003 0.6489364375 0.47513929218750006 0.6530352374999999 0.4757822421875 0.656651825 0.47706814062499997 0.6600273078125001 0.47706814062499997 0.662679471875 0.475567925 0.6642466609375 0.47278181406249997 0.665211084375 0.4684954875 0.6640055546875 0.46378052812500004 0.6623178140625 0.46013715 0.6611122843749999 0.45863693593750005 0.65532574375 0.458208303125 0.6497803078125 0.45670808906250004 0.6467664859375 0.459279884375 0.6449581906249999 0.46463779374999997 0.6459226140625 0.47235318125000003
2 0.6838967890625 0.6830261281250001 0.6877544828125 0.67895411875 0.6898038828125 0.6770252718750001 0.6900449875 0.6725246281249999 0.6898038828125 0.6663094546874999 0.6876339296875 0.66288039375 0.68618729375 0.6624517609375 0.6826912593750001 0.6654521890625 0.677145825 0.6708100984375001 0.6758197421875 0.67831116875 0.678833565625 0.6851692921875 0.6838967890625 0.6830261281250001
2 0.6795568828125 0.6581654343750001 0.6782307999999999 0.6618088125 0.6763019531250001 0.6618088125 0.674493659375 0.66288039375 0.6728059187500001 0.6654521890625 0.672926471875 0.6708100984375001 0.674975871875 0.6725246281249999 0.67895411875 0.6690955671875 0.681124071875 0.666523771875 0.6848612125 0.6613801796875001 0.684258446875 0.659879965625 0.681124071875 0.6577368015625 0.6795568828125 0.6581654343750001
2 0.702461940625 0.8660522703125 0.7036674703125 0.8606943625 0.7036674703125 0.8546935046874999 0.7010153046875 0.8501928624999999 0.698604246875 0.8486926484374999 0.69595208125 0.8486926484374999 0.694626 0.849335596875 0.6928177062499999 0.84740675 0.6899244359375001 0.843763371875 0.686790059375 0.8405486281250001 0.6846201062499999 0.8394770453125 0.6813651765625 0.8411915765625 0.681124071875 0.8441920046875 0.6831734703125 0.849335596875 0.6905272 0.859837096875 0.6932999171875001 0.8632661578124999 0.6987248 0.8671238515624999 0.702461940625 0.8660522703125
2 0.6773869296874999 0.862837525 0.678833565625 0.8690526984375 0.682450153125 0.8750535562499999 0.684740659375 0.881911678125 0.688357246875 0.8872695859374999 0.694023234375 0.8864123218750001 0.6961931875 0.8836262093749999 0.6976398234375 0.8797685156249999 0.69800148125 0.8716244953125001 0.6932999171875001 0.863480475 0.6878750359375 0.8564080359374999 0.6819679421875 0.8478353828125 0.678592459375 0.8489069640625001 0.6766636125 0.853836240625 0.6773869296874999 0.862837525
2 0.708610140625 0.9543505968750001 0.7130705984375 0.9500642703125 0.7157227625 0.9414916171875 0.7174105046875 0.9335619124999999 0.71849548125 0.9294899031250001 0.71849548125 0.9243463109375 0.7163255281249999 0.9196313515625001 0.71391446875 0.9181311375 0.712106175 0.91920271875 0.7099362218749999 0.923917678125 0.708007375 0.933776228125 0.706078528125 0.9361337093750001 0.703908575 0.94299183125 0.7049935515625 0.9513501671875 0.708610140625 0.9543505968750001
2 0.7035469171875001 0.9226317796875 0.700653646875 0.924989259375 0.6976398234375 0.93034716875 0.6976398234375 0.93741960625 0.700171434375 0.940420034375 0.7035469171875001 0.9406343515625 0.706078528125 0.9367766578125 0.70824848125 0.9301328515625 0.7110211984375 0.9183454531249999 0.7092129046875 0.9198456687500001 0.705957975 0.9217745140625 0.7035469171875001 0.9226317796875