2 0.0633090078125 0.15277611093750001 0.06595691406250001 0.15405994375 0.06908625625 0.153632 0.0698084125 0.1519202234375 0.07004913125 0.1489246125 0.0698084125 0.14592900312499998 0.0678826625 0.145501059375 0.0642718828125 0.145501059375 0.061623978125 0.1450731140625 0.060901821875 0.1476407796875 0.061864696875 0.15277611093750001 0.0633090078125 0.15277611093750001
2 0.067401225 0.16689827343750002 0.06836410000000001 0.170749771875 0.07004913125 0.174173325 0.0722155984375 0.1746012703125 0.0741413484375 0.1750292140625 0.076548534375 0.17374538125 0.078233565625 0.1728894921875 0.079196440625 0.1698938828125 0.077992846875 0.166470328125 0.076307815625 0.1643306078125 0.0743820671875 0.16261882968750002 0.0729377546875 0.16261882968750002 0.07101200625000001 0.16347471875 0.06836410000000001 0.1621908859375 0.067401225 0.16261882968750002 0.067401225 0.16689827343750002
2 0.250654153125 0.8966442750000001 0.2530538015625 0.8966442750000001 0.2556716 0.8950929859375 0.2578530984375 0.8935416984375 0.25916199687499997 0.8892756578125001 0.26068904531250003 0.8842339734375001 0.2611253453125 0.877253178125 0.2611253453125 0.872599315625 0.2602527453125 0.8656185203125 0.2574167984375 0.8632915890625 0.25327195156250004 0.8605768359375 0.2486908046875 0.8605768359375 0.2493452546875 0.8671698078125001 0.24912710468750002 0.8698845625 0.249999703125 0.8768653562500001 0.24738190625 0.880743575 0.24716375625000003 0.8865609046875 0.2486908046875 0.8927660546875 0.250654153125 0.8966442750000001
2 0.24650930624999998 0.8687210953125 0.24585485624999998 0.8625159453125001 0.2449822578125 0.8625159453125001 0.243673359375 0.8632915890625 0.24171001093750002 0.8679454515625 0.24171001093750002 0.8745384250000001 0.243018909375 0.882682684375 0.243237059375 0.8892756578125001 0.243673359375 0.8947051640625 0.24672745625 0.89897120625 0.2489089546875 0.89974685 0.249999703125 0.899359028125 0.2486908046875 0.8900513015625 0.24781820625 0.8846217953125001 0.24738190625 0.8795801093750001 0.24781820625 0.8745384250000001 0.24760005624999998 0.87376278125 0.24650930624999998 0.8687210953125
2 0.29863119375 0.36963191875 0.301521171875 0.37191535937500003 0.3039294875 0.370202778125 0.30505336875 0.36535046875 0.30505336875 0.3622107375 0.304250596875 0.3582147171875 0.3024844984375 0.3559312765625 0.30087895468750003 0.35364783593750004 0.2984706390625 0.3527915453125 0.2975073125 0.3579292859375 0.29638343125 0.36135444687499996 0.29638343125 0.36477960781249996 0.29686509375000003 0.3676339078125 0.29863119375 0.36963191875
2 0.3056955875 0.3607835875 0.30730113124999997 0.3607835875 0.3093883375 0.35907100625 0.308585565625 0.35478955624999997 0.30762223906249997 0.35136439531249997 0.30762223906249997 0.348795525 0.3052139234375 0.347368375 0.30505336875 0.347368375 0.3012000640625 0.3490809546875 0.30184228125 0.351078965625 0.302645053125 0.35478955624999997 0.30376893437499997 0.3579292859375 0.3056955875 0.3607835875
2 0.3220721359375 0.35193525625 0.319824375 0.3527915453125 0.3180582765625 0.3542186953125 0.3180582765625 0.3579292859375 0.3180582765625 0.3624961671875 0.3207877 0.3656358984375 0.32142991875 0.36049815625 0.32191158125 0.3596418671875 0.3236776796875 0.3559312765625 0.3248015609375 0.353076975 0.32464100625 0.35136439531249997 0.3220721359375 0.35193525625
2 0.3185399390625 0.32653198125 0.317897721875 0.3305280015625 0.31886104843749996 0.3353803125 0.3212693640625 0.3353803125 0.325283225 0.33794918281249997 0.3286548671875 0.33852004375 0.33058151874999997 0.33281144218750003 0.33009985625 0.3273882703125 0.32737043125 0.32624654999999997 0.3251226703125 0.3253902609375 0.323517125 0.3219651 0.320627146875 0.3231068203125 0.319503265625 0.3236776796875 0.3185399390625 0.32653198125
2 0.32383823437500003 0.370202778125 0.3264071046875 0.3699173484375 0.32785209531250004 0.365921328125 0.329297084375 0.3639233171875 0.33170540000000004 0.35992729687499997 0.3326687265625 0.35621670625 0.33234761874999996 0.35136439531249997 0.33058151874999997 0.34965181562500003 0.3275309859375 0.3505081046875 0.3264071046875 0.3527915453125 0.3244804515625 0.355645846875 0.323356571875 0.3587855765625 0.32271435312499996 0.362781596875 0.3223932453125 0.36677761875 0.32383823437500003 0.370202778125
2 0.3471186234375 0.3222505296875 0.34647640625 0.3216796703125 0.343425871875 0.3208233796875 0.3411781109375 0.3216796703125 0.3384486859375 0.3236776796875 0.33571926093750004 0.32624654999999997 0.334755934375 0.32938628125 0.339572565625 0.325675690625 0.34182032812499996 0.3259611203125 0.3426231 0.32396311093749997 0.343425871875 0.32396311093749997 0.3471186234375 0.3222505296875
2 0.337485359375 0.33623660312500003 0.3384486859375 0.3402326234375 0.33973312031249997 0.3416597734375 0.3411781109375 0.341945203125 0.3431047625 0.341945203125 0.344549753125 0.3388054734375 0.346636959375 0.33794918281249997 0.349366384375 0.3353803125 0.3514535921875 0.3313842921875 0.3511324828125 0.3268174109375 0.350008603125 0.325675690625 0.3471186234375 0.324248540625 0.34406808906249997 0.324248540625 0.3427836546875 0.325675690625 0.3416597734375 0.328529990625 0.3394120125 0.328529990625 0.337967021875 0.3305280015625 0.337485359375 0.33281144218750003 0.337485359375 0.33623660312500003
2 0.3525774734375 0.13871900625 0.351614146875 0.142144165625 0.3522563640625 0.14585475625 0.353701353125 0.1475673375 0.35562800625 0.1472819078125 0.356270225 0.1432858859375 0.35530689843749996 0.139860725 0.3538619078125 0.13786271562500002 0.3525774734375 0.13871900625
2 0.35916020312499997 0.14699647656249998 0.36108685625 0.1487090578125 0.3623712921875 0.1478527671875 0.36429794375 0.1455693265625 0.36477960781249996 0.142144165625 0.36477960781249996 0.1404315859375 0.3622107375 0.137006425 0.3607657484375 0.1381481453125 0.35916020312499997 0.13786271562500002 0.35675188750000003 0.13757728593750002 0.355949115625 0.1404315859375 0.3561096703125 0.143856746875 0.357554659375 0.14699647656249998 0.35916020312499997 0.14699647656249998
2 0.3604446390625 0.1598408296875 0.3617290734375 0.1612679796875 0.3636557265625 0.161838840625 0.36477960781249996 0.158699109375 0.364137390625 0.1552739484375 0.36188962812500003 0.1524196484375 0.3601235296875 0.15213421875 0.35883909531249997 0.1524196484375 0.35899965 0.1567010984375 0.3604446390625 0.1598408296875
2 0.811792328125 0.9215912906250001 0.813892309375 0.9263912453125001 0.817492275 0.9317245281250001 0.8201922500000001 0.9381244687500001 0.8222922296874999 0.9450577359375 0.8255921984375 0.9519910046875 0.8291921640625001 0.9530576609375 0.8330921265625 0.951457675 0.8348921109375 0.9445244078125 0.8327921296874999 0.9365244828125 0.8315921421875 0.930657871875 0.8291921640625001 0.9274579015625 0.8249922046875 0.922657946875 0.8213922374999999 0.917324665625 0.814492303125 0.9130580374999999 0.811192334375 0.9130580374999999 0.811792328125 0.9215912906250001
2 0.8282921734375 0.9183913218749999 0.8327921296874999 0.922657946875 0.83669209375 0.9237246046875001 0.8402920593750001 0.9258579171875001 0.8423920390624999 0.9258579171875001 0.8420920421875 0.91999130625 0.839692065625 0.9146580234374999 0.837592084375 0.90772475625 0.8357921015625 0.9045247859375 0.830992146875 0.9066580984374999 0.827992175 0.9087914125 0.8240922125000001 0.9055914421875 0.8165922828125 0.9007914875 0.82079224375 0.9055914421875 0.823792215625 0.9087914125 0.8264921890625001 0.9141246953125 0.8282921734375 0.9183913218749999
2 0.8348921109375 0.9754574484375 0.8390920703125 0.9759907765625 0.8414920484374999 0.9743907921874999 0.8441920218750001 0.9701241656249999 0.8462920031250001 0.9642575546875 0.8480919859375 0.9594576 0.8531919374999999 0.9541243171874999 0.8561919093749999 0.951457675 0.852891940625 0.9434577515625 0.8504919624999999 0.9423910953125001 0.8444920203124999 0.94025778125 0.8411920500000001 0.9418577656249999 0.8399920625 0.9434577515625 0.83789208125 0.9498576906249999 0.83669209375 0.96052425625 0.8327921296874999 0.9653242109375 0.8330921265625 0.9722574796875 0.8348921109375 0.9754574484375
2 0.8579918921875 0.988257328125 0.8603918687500001 0.9807907312499999 0.8603918687500001 0.9749241203125001 0.8609918640625001 0.9653242109375 0.8609918640625001 0.9567909578125 0.8606918671875 0.948791034375 0.8552919171875001 0.9535909890625 0.852891940625 0.959990928125 0.8489919765625 0.9658575390624999 0.8456920078125 0.9759907765625 0.8462920031250001 0.9855906859375001 0.8534919343749999 0.990390640625 0.8579918921875 0.988257328125
2 0.8741917390625 0.96852418125 0.8816916687499999 0.9653242109375 0.885891628125 0.9615909125 0.8870916171875001 0.9519910046875 0.885891628125 0.940791109375 0.8840916453125001 0.9327911859375 0.8816916687499999 0.9269245734375 0.8795916874999999 0.9221246203125 0.8750917312500001 0.920524634375 0.8732917468749999 0.9253245890624999 0.8711917671875 0.9386577968750001 0.8675918015624999 0.9498576906249999 0.866691809375 0.9615909125 0.8684917921875 0.9653242109375 0.8741917390625 0.96852418125
2 0.852891940625 0.9434577515625 0.8540919296875 0.9450577359375 0.8564919062499999 0.9461243921875001 0.859791875 0.9455910640624999 0.86309184375 0.9423910953125001 0.865491821875 0.9375911406249999 0.868791790625 0.9301245437500001 0.872091759375 0.9242579328125 0.8747917328125 0.9215912906250001 0.8714917640625 0.9146580234374999 0.868791790625 0.91199138125 0.8648918265625 0.91199138125 0.8603918687500001 0.9178579921875001 0.8576918953125 0.9242579328125 0.8549919203125 0.9290578875 0.850791959375 0.9327911859375 0.8516919515625 0.940791109375 0.852891940625 0.9434577515625
2 0.8492919750000001 0.9023914718749999 0.846891996875 0.9023914718749999 0.843592028125 0.9055914421875 0.8444920203124999 0.9109247249999999 0.8456920078125 0.9157246796875 0.8492919750000001 0.9178579921875001 0.8519919484375 0.91199138125 0.8540919296875 0.9039914578125 0.852891940625 0.9039914578125 0.8492919750000001 0.9023914718749999
2 0.8546919234375 0.9263912453125001 0.8570919 0.9231912765624999 0.8591918812499999 0.91999130625 0.859791875 0.9167913359375 0.859791875 0.9109247249999999 0.859791875 0.9045247859375 0.8564919062499999 0.9055914421875 0.8534919343749999 0.9109247249999999 0.8519919484375 0.9151913515625001 0.8522919453125001 0.9242579328125 0.852891940625 0.9253245890624999 0.8546919234375 0.9263912453125001
2 0.766192759375 0.5930610625 0.76919273125 0.5999943296875 0.7724927 0.6010609859375 0.7769926578125 0.5994610015624999 0.7811926171875 0.5978610171875001 0.78509258125 0.595727703125 0.78839255 0.5925277343750001 0.7889925437499999 0.5861277953124999 0.7889925437499999 0.581327840625 0.785692575 0.5786611984375 0.782092609375 0.5786611984375 0.7769926578125 0.5791945265625 0.7706927171875 0.5791945265625 0.765592765625 0.582927825 0.7646927734375 0.5887944359375 0.766192759375 0.5930610625
2 0.7502929093749999 0.5978610171875001 0.753892875 0.5978610171875001 0.7556928593750001 0.59626103125 0.7574928421875 0.5898610921875 0.7550928640625 0.5818611687499999 0.7541928734375001 0.5791945265625 0.7487929234374999 0.574394571875 0.7472929374999999 0.5727945875 0.743392975 0.5738612437499999 0.74279298125 0.5850611375 0.743392975 0.59092775 0.746392946875 0.595727703125 0.7502929093749999 0.5978610171875001
2 0.7502929093749999 0.5770612140625 0.7517928953124999 0.5802611828125 0.756892846875 0.5791945265625 0.7577928390625 0.5770612140625 0.759592821875 0.57172793125 0.7583928328125 0.563194678125 0.7541928734375001 0.55359476875 0.753592878125 0.553061440625 0.7484929265625 0.5503947984375 0.7451929578125001 0.5466615015625 0.743692971875 0.546128171875 0.7424929828125 0.5466615015625 0.743092978125 0.55359476875 0.743692971875 0.561061365625 0.746992940625 0.5674613046875 0.7481929296875001 0.572261259375 0.7502929093749999 0.5770612140625
2 0.7769926578125 0.5594613796875 0.779392634375 0.5562614109374999 0.7817926125 0.5519947828125 0.784792584375 0.5477281578125 0.78509258125 0.5450615156249999 0.78239260625 0.5381282484375001 0.7805926234375 0.5375949203125 0.7787926406250001 0.5375949203125 0.7748926765624999 0.542394875 0.772192703125 0.5487948140625 0.77189270625 0.555194753125 0.775192675 0.5599947078125 0.7769926578125 0.5594613796875
2 0.75989281875 0.5519947828125 0.762892790625 0.5557280812500001 0.765592765625 0.5589280515625 0.7670927515625 0.5589280515625 0.7676927453125 0.5567947375 0.7676927453125 0.55146145625 0.765592765625 0.5439948593749999 0.7631927875 0.5386615765625 0.7607928109375 0.5327949656250001 0.7577928390625 0.5317283078124999 0.753892875 0.534928278125 0.7514928984375 0.5365282625 0.7475929359375 0.5397282328124999 0.749092921875 0.5450615156249999 0.753892875 0.546128171875 0.7571928437500001 0.5493281421875 0.75989281875 0.5519947828125
2 0.776092665625 0.5765278859375 0.778192646875 0.573327915625 0.7805926234375 0.5690612890625 0.784792584375 0.5658613203125 0.785392578125 0.564261334375 0.782092609375 0.561061365625 0.77849264375 0.564261334375 0.7748926765624999 0.5647946625 0.7724927 0.5647946625 0.76919273125 0.5647946625 0.7676927453125 0.5658613203125 0.7637927828125 0.566394646875 0.766192759375 0.5690612890625 0.7685927375 0.5711946015625 0.7724927 0.5749278999999999 0.776092665625 0.5765278859375
2 0.725150321875 0.32312182031250003 0.7277736046875 0.324121165625 0.7315211515625 0.32378805 0.7337696796875 0.32312182031250003 0.7363929625 0.3207900140625 0.7367677171875 0.3164595140625 0.7375172265625001 0.3114627859375 0.7348939437500001 0.30879786249999996 0.7332075484375 0.3081316328125 0.72983475625 0.31046343906249996 0.725150321875 0.310130325 0.7225270390625 0.3131283625 0.7240260578125 0.3191244375 0.725150321875 0.32312182031250003
2 0.7135329265625 0.31745886093750003 0.7172804734375 0.317791975 0.71990375625 0.3194575515625 0.721590153125 0.3164595140625 0.7217775296875 0.3117959015625 0.7204658875 0.3051335953125 0.719154246875 0.3044673640625 0.717093096875 0.30579982499999997 0.7157814546875 0.3048004796875 0.7124086625 0.30280178750000003 0.7094106250000001 0.30646605625 0.7090358703125 0.3111296703125 0.7101601343749999 0.315793284375 0.7135329265625 0.31745886093750003
2 0.72383868125 0.306799171875 0.7240260578125 0.30280178750000003 0.7240260578125 0.30046998125 0.7225270390625 0.2994706359375 0.7212153984375 0.29880440468749997 0.7187794921874999 0.30013686562499997 0.7172804734375 0.3011362125 0.714657190625 0.3021355578125 0.717093096875 0.303801134375 0.719341625 0.306132940625 0.7227144171875 0.3081316328125 0.72383868125 0.306799171875
2 0.704164059375 0.312129015625 0.7064125875 0.3111296703125 0.7082863609375 0.30879786249999996 0.71090964375 0.30579982499999997 0.7135329265625 0.3021355578125 0.7144698125 0.297805059375 0.7137203046875 0.2934745609375 0.7122212859375 0.2868122546875 0.7103475125000001 0.2871453703125 0.7079116062499999 0.2898102921875 0.7062252109375 0.2924752140625 0.7045388140625 0.2924752140625 0.702102909375 0.2961394828125 0.700603890625 0.30280178750000003 0.7002291359374999 0.30713228593749997 0.701166021875 0.31046343906249996 0.704164059375 0.312129015625
2 0.6964815875 0.30146932656250003 0.69798060625 0.2984712890625 0.7004165125 0.29480702187499996 0.70397668125 0.29180898437499997 0.7060378328125 0.28881094687500003 0.7088484937499999 0.28581290937500003 0.7097853796875 0.2804830640625 0.713158171875 0.2774850265625 0.7135329265625 0.2721551828125 0.7122212859375 0.2718220671875 0.7088484937499999 0.2751532203125 0.7075368515625 0.2808161796875 0.7067873421875001 0.282814871875 0.70341455 0.2871453703125 0.7017281546875 0.288144715625 0.7000417578125 0.288144715625 0.6977932296875 0.28881094687500003 0.6946078140624999 0.29114275312500004 0.6931087953125 0.29280832968750004 0.69292141875 0.297805059375 0.6942330609375 0.30046998125 0.6964815875 0.30146932656250003
2 0.723463925 0.29580636718750003 0.7247755671875 0.298138175 0.7272114734375 0.29880440468749997 0.7296473781249999 0.29880440468749997 0.73283279375 0.2984712890625 0.7345191890625 0.29480702187499996 0.7362055859375001 0.29147586875 0.7377046046875 0.28581290937500003 0.738079359375 0.28248175625 0.735643453125 0.279150603125 0.73283279375 0.276818796875 0.731146396875 0.2728214140625 0.7288978687500001 0.2728214140625 0.7277736046875 0.2754863359375 0.7262745859375 0.2784843734375 0.725150321875 0.2814824109375 0.723651303125 0.285146678125 0.7225270390625 0.29147586875 0.723463925 0.29580636718750003
2 0.7150319453125 0.28847783125 0.71484456875 0.2904765234375 0.71596883125 0.29147586875 0.718592115625 0.2871453703125 0.7212153984375 0.28414733281250004 0.72383868125 0.28181552499999996 0.7260872093749999 0.2784843734375 0.7273988499999999 0.276818796875 0.7272114734375 0.2718220671875 0.7260872093749999 0.2688240296875 0.723463925 0.26715845312500003 0.720653265625 0.2688240296875 0.71690571875 0.27015649062499997 0.7157814546875 0.273820759375 0.7157814546875 0.276152565625 0.7152193234374999 0.28014995 0.7152193234374999 0.28414733281250004 0.7150319453125 0.28847783125
2 0.6889229421875 0.1424245515625 0.68976036875 0.14540206875 0.690458225 0.146394575 0.6922726484374999 0.14540206875 0.6950640703125 0.14316893125000002 0.6960410687499999 0.1399432875 0.69645978125 0.1362213921875 0.6961806390625 0.1329957484375 0.6940870734375 0.12977010625000002 0.6922726484374999 0.1280332203125 0.6908769375 0.1272888421875 0.6890625125 0.12977010625000002 0.6882250875 0.13349200156250002 0.6882250875 0.1352288859375 0.6883646578125 0.13870265625 0.6889229421875 0.1424245515625
2 0.6799903921875 0.1416801734375 0.6823631 0.142672678125 0.6832005265625 0.1411839203125 0.6845962375 0.1399432875 0.68571280625 0.13646951875 0.68710851875 0.131506990625 0.689202084375 0.12977010625000002 0.6908769375 0.12778509531249999 0.69157479375 0.126048209375 0.6903186531250001 0.12356694531250001 0.6890625125 0.121581934375 0.6866898046875 0.1218300609375 0.68347966875 0.12530383125 0.681386103125 0.1285294734375 0.680688246875 0.1310107375 0.6798508203125 0.1357251390625 0.6795716781250001 0.13870265625 0.6799903921875 0.1416801734375
2 0.66519585625 0.1411839203125 0.6670102796874999 0.14540206875 0.6677081359375 0.14689082656250002 0.6693829890624999 0.1461464484375 0.6703599859375 0.1441614375 0.6723139812500001 0.14540206875 0.674686690625 0.144905815625 0.6755241171875 0.1416801734375 0.676221971875 0.13771015 0.6756636874999999 0.13423638124999998 0.67412840625 0.13200324375 0.6720348390625001 0.131506990625 0.6710578421875 0.1324994953125 0.66966213125 0.130266359375 0.66603328125 0.1322513703125 0.66519585625 0.1357251390625 0.6643584296875 0.1389507828125 0.66519585625 0.1411839203125
2 0.665754140625 0.1290257265625 0.6670102796874999 0.1287776 0.666870709375 0.12455945156249999 0.6664519953125 0.12108568125000001 0.6664519953125 0.11885254375000001 0.6653354265625 0.11587502812499999 0.6646375703125 0.114882521875 0.66338143125 0.115378775 0.6619857203125 0.1186044171875 0.6601712953125001 0.1230706921875 0.6625440046875 0.1250557046875 0.6646375703125 0.126048209375 0.665754140625 0.1290257265625
2 0.6758032593750001 0.11438626874999999 0.6783155390625 0.1138900171875 0.6783155390625 0.11339376406249999 0.6777572546874999 0.1119050046875 0.6760824015625 0.10892748906250001 0.6774781125 0.10470933906249999 0.67971125 0.1052055921875 0.67971125 0.1039649609375 0.678036396875 0.1024762015625 0.676221971875 0.10098744374999999 0.67412840625 0.1024762015625 0.671755696875 0.1044612140625 0.6699412734375 0.1044612140625 0.6685455625000001 0.1044612140625 0.665754140625 0.10719060312499999 0.6647771421875001 0.1128975109375 0.6650562843750001 0.11612315312499999 0.66714985 0.1168675328125 0.6681268484375 0.11637127968750001 0.670220415625 0.115378775 0.6720348390625001 0.1128975109375 0.6732909796875 0.1138900171875 0.6758032593750001 0.11438626874999999
2 0.6727326953125 0.13001823125 0.674686690625 0.1322513703125 0.677338540625 0.1327476234375 0.67971125 0.1317551171875 0.680688246875 0.130266359375 0.681386103125 0.1267925890625 0.681804815625 0.123815071875 0.68124653125 0.11984505000000001 0.6804091046875 0.1173637859375 0.6776176828125 0.11711565937499999 0.6765011140625 0.1176119125 0.6755241171875 0.11612315312499999 0.674686690625 0.11513064843750001 0.6721744109375 0.114882521875 0.6710578421875 0.11835629218749999 0.670220415625 0.1228225671875 0.6709182703125001 0.12530383125 0.6727326953125 0.13001823125
2 0.6809673890625 0.120589428125 0.6823631 0.1240631984375 0.6845962375 0.12331882031250001 0.6854336640625001 0.1230706921875 0.6845962375 0.119348796875 0.6829213843749999 0.11637127968750001 0.6829213843749999 0.11264938437500001 0.682502671875 0.1084312359375 0.6809673890625 0.10619809843750001 0.6788738234375 0.10594997187499999 0.6766406859375 0.10545371875000001 0.67678025625 0.1101681203125 0.6781759671875001 0.11264938437500001 0.6791529656249999 0.11711565937499999 0.6809673890625 0.120589428125