2 0.2907290453125 0.22848389062500002 0.2907290453125 0.2238576703125 0.2901507671875 0.22077352343749998 0.2889942125 0.2166613265625 0.2885605046875 0.20997900937499997 0.2876930875 0.20663784999999998 0.2858136859375 0.20432473906249998 0.28205488125 0.2012405921875 0.27858521718749996 0.203296690625 0.278296078125 0.2068948625 0.27872978593750003 0.21306315625 0.2800309109375 0.21948846249999998 0.28306686718749996 0.2233436453125 0.2876930875 0.22848389062500002 0.2907290453125 0.22848389062500002
2 0.2664413875 0.216147303125 0.26658595625000003 0.221801571875 0.26774251250000003 0.2266848046875 0.271501315625 0.23696529531250002 0.276850384375 0.23953541718750002 0.27858521718749996 0.23850736874999998 0.28046461875 0.23696529531250002 0.28219945156250004 0.228226878125 0.2807537578125 0.2238576703125 0.27901892500000003 0.2202594984375 0.275693828125 0.2138341921875 0.27309157968750003 0.2076658984375 0.270055621875 0.2068948625 0.2675979421875 0.21075004531250002 0.2664413875 0.216147303125
2 0.27092303906250004 0.24339060156249998 0.26745337343750003 0.248273834375 0.2664413875 0.254699140625 0.26788708125 0.2577832875 0.26976648281250004 0.25752627499999997 0.27077846875 0.2564982265625 0.27207959375 0.254185115625 0.2736698578125 0.2493018828125 0.27858521718749996 0.242362553125 0.27858521718749996 0.23902139375 0.27656124531250004 0.23979242968749997 0.27092303906250004 0.24339060156249998
2 0.2950661265625 0.24339060156249998 0.293186725 0.2374793203125 0.288415934375 0.2364512703125 0.28595825625 0.2364512703125 0.2814766046875 0.23979242968749997 0.28494627031249997 0.24313358906250002 0.28870507343749996 0.248273834375 0.29347586406250004 0.24750279687500001 0.2950661265625 0.24339060156249998
2 0.26615224843749996 0.6124601937499999 0.26340543125 0.6078339734375 0.25834550156249997 0.6011516546875 0.25661066875 0.596782446875 0.25371928125 0.596782446875 0.25371928125 0.602693728125 0.257333515625 0.6119461687500001 0.2651402625 0.61785745 0.2660076796875 0.614773303125 0.26615224843749996 0.6124601937499999
2 0.2492376296875 0.61117513125 0.24808107499999998 0.6173434265625 0.24808107499999998 0.6209415984375 0.2506833234375 0.6235117203125 0.253141003125 0.628651965625 0.2570443765625 0.6325071484375 0.25921291874999997 0.6296800140625 0.2590683484375 0.6240257437500001 0.255887821875 0.615544340625 0.25357471249999997 0.6104040953125 0.2532855734375 0.6008946421875 0.25082789375000003 0.6008946421875 0.2496713375 0.6052638499999999 0.2492376296875 0.61117513125
2 0.770698925 0.6313095359374999 0.7683970812500001 0.6246132656250001 0.7637933953125 0.6212651296875 0.7608637765624999 0.6216371453125 0.7581434171875 0.626101325 0.7545860234374999 0.6324255812499999 0.7518656625 0.6331696109375 0.7472619765624999 0.6313095359374999 0.745587909375 0.6339136421875 0.7451693921875 0.6417259578125 0.7487267859375 0.6480502140625 0.7596082265625 0.64693416875 0.7679785640625 0.642842003125 0.7702804078125001 0.6387498375 0.770698925 0.6313095359374999
2 0.7514471453125 0.6699991015625 0.755632315625 0.6673949953125 0.7602360015625 0.6666509656249999 0.7631656203125 0.6662789499999999 0.76714153125 0.6696270859375 0.770489665625 0.6696270859375 0.772791509375 0.6655349203125 0.77362854375 0.661070740625 0.773419284375 0.6536304390625001 0.7713267 0.651026334375 0.7677693062500001 0.65065431875 0.76128229375 0.651026334375 0.753958246875 0.65437446875 0.7493545609375001 0.6573505890625 0.74893604375 0.664790890625 0.7514471453125 0.6699991015625
2 0.7553647234375 0.701037909375 0.7587629812500001 0.7027294875 0.7616175171874999 0.7032127953125 0.7651517046875 0.6993463328125 0.7674625203125001 0.692821678125 0.7699092656250001 0.6809806375 0.7700451968750001 0.6763892140625 0.768278103125 0.6732477140625 0.76678286875 0.67276440625 0.7629563609375001 0.6792994765625 0.7564693484375 0.689343884375 0.754549140625 0.6923383703125 0.7531898375 0.6962048328125 0.7553647234375 0.701037909375
2 0.7576755375 0.664789828125 0.754549140625 0.66889794375 0.7512868140625 0.6713144828125001 0.7516946046874999 0.674939290625 0.753733559375 0.6773558296875 0.75332576875 0.6814639453125 0.747344834375 0.685088753125 0.7492478593749999 0.6904051390625 0.75427728125 0.6906467921874999 0.7580833296875 0.6862970234375 0.7608019359375 0.6802556765625 0.7612097265625 0.6732477140625 0.7621612390625 0.6664814046875 0.7605300749999999 0.664064865625 0.7576755375 0.664789828125
2 0.733887734375 0.25325326718749996 0.7326643609375 0.2520449984375 0.7304894765625 0.25325326718749996 0.7264115671875 0.25639476875 0.7211102859375 0.26267776875000004 0.72070249375 0.2699273859375 0.723149240625 0.27427715625000004 0.7283145921874999 0.27282723125 0.7345673859375 0.266785884375 0.7395968078124999 0.25905296093749997 0.7359266890625 0.2576030375 0.7345673859375 0.256636421875 0.733887734375 0.25325326718749996
2 0.7345673859375 0.2902263109375 0.7379656437500001 0.29530104375 0.7425872734375 0.290467965625 0.742995065625 0.28442661875 0.74340285625 0.278385271875 0.7436747171875 0.275485425 0.7435387859375 0.271377309375 0.74340285625 0.266785884375 0.74245134375 0.264369346875 0.7381015734374999 0.26461100000000004 0.7353829671875001 0.26847746250000004 0.7345673859375 0.2779019640625 0.7336158734375 0.282735040625 0.7332080828125 0.286601503125 0.7345673859375 0.2902263109375
2 0.7518864515625 0.2818902765625 0.75457214375 0.28437305 0.7575801203125 0.284755015625 0.7631663609375 0.2805533984375 0.765100059375 0.276542765625 0.7658520531249999 0.2719591828125 0.765744625 0.2664206890625 0.7655297703125 0.2601182640625 0.7658520531249999 0.25648959531250004 0.764777775 0.25286092656250003 0.7629515046875001 0.2543887859375 0.7584395421875 0.2614551421875 0.755431565625 0.26718461875 0.753175584375 0.2719591828125 0.751779025 0.2771157125 0.7518864515625 0.2818902765625
2 0.7497378984374999 0.2438847453125 0.7459779281250001 0.2456035890625 0.743936803125 0.2484683265625 0.7440442296875001 0.2519060140625 0.7447962234375 0.2570625421875 0.744473940625 0.25897236874999996 0.743721946875 0.2631739859375 0.7442590859375 0.272150165625 0.7465150671874999 0.275778834375 0.750704746875 0.276542765625 0.7518864515625 0.2750149046875 0.7532830125000001 0.2713862359375 0.7560761328125001 0.2650838109375 0.7560761328125001 0.2620280890625 0.7556464218750001 0.252287978125 0.7556464218750001 0.2480863625 0.7536052953125 0.2448396578125 0.7497378984374999 0.2438847453125
2 0.7492007593750001 0.2345265984375 0.7479116265625 0.2389191984375 0.745225934375 0.243120815625 0.743829375 0.246749484375 0.7453333625 0.2471314484375 0.7519938796875001 0.24407572812499997 0.753927578125 0.2442667109375 0.754679571875 0.240638040625 0.7562909875 0.23261677343749998 0.7536052953125 0.23051596562499999 0.75102703125 0.23108891250000002 0.7492007593750001 0.2345265984375
2 0.7584395421875 0.25801745625 0.7605880953125 0.2570625421875 0.76273665 0.253051909375 0.7638109265625 0.2515240484375 0.76101780625 0.2435027796875 0.76005095625 0.2402560765625 0.7594063906249999 0.23357168593750002 0.758761825 0.23261677343749998 0.7560761328125001 0.23108891250000002 0.7567206984375 0.23376266874999999 0.7558612765625 0.2385372328125 0.7560761328125001 0.24254786718750002 0.7561835593749999 0.2511420828125 0.7570429812499999 0.2547707515625 0.7584395421875 0.25801745625
2 0.765637196875 0.2562986125 0.765637196875 0.260309246875 0.76595948125 0.2650838109375 0.76595948125 0.26947641093749997 0.7662817640624999 0.27329606093750003 0.7672486125 0.27253213125000003 0.7693971671875001 0.2669936359375 0.7700417328125 0.2614551421875 0.7712234375 0.25286092656250003 0.7677857515625 0.2524789609375 0.765744625 0.25419780468750003 0.765637196875 0.2562986125