3 0.5286263499999999 0.045533853125 0.525590759375 0.0452086109375 0.5242897921874999 0.0452086109375 0.5199532359375 0.045533853125 0.515616678125 0.0468348203125 0.5125810875 0.0481357875 0.5060762515625 0.0504124796875 0.5008723828125 0.050087237500000006 0.48959733281249995 0.050087237500000006 0.4869953984375 0.052363931249999995 0.4852607765625 0.056917315625 0.489163678125 0.0598444921875 0.5043416281249999 0.061795943750000006 0.5121474312500001 0.0640726359375 0.522988825 0.059194009375 0.531228284375 0.048786270312500005 0.5286263499999999 0.045533853125
3 0.5433706453125 0.086189078125 0.5503091375 0.0839123859375 0.55507935 0.0767570671875 0.5594159078125001 0.0728541640625 0.5620178421875 0.07057747187499999 0.5620178421875 0.0689512625 0.55507935 0.0656988453125 0.542503334375 0.058868767187500004 0.5333965640625 0.056592075 0.5221215140625 0.05951925 0.51778495625 0.0676502953125 0.5195195796875 0.0767570671875 0.5216878578124999 0.0813104515625 0.52906000625 0.08358714375000001 0.5433706453125 0.086189078125
3 0.509979153125 0.08261141875 0.5043416281249999 0.0933443984375 0.5095454968750001 0.105053103125 0.5173513 0.10765503750000001 0.5268917265625 0.11123269843750001 0.5433706453125 0.11708705 0.54510526875 0.11383463281249999 0.552911071875 0.1063540703125 0.552911071875 0.09659681718749999 0.5490081703125 0.093669640625 0.5407687109375 0.09106770625 0.531661940625 0.0891162546875 0.5225551703125 0.08358714375000001 0.5169176453125 0.080985209375 0.509979153125 0.08261141875
3 0.5030406609375 0.0673250546875 0.49913775937500005 0.066349328125 0.493500234375 0.0702522296875 0.4904646453125 0.078383275 0.4904646453125 0.0881405296875 0.493500234375 0.1001744765625 0.499571415625 0.1060288296875 0.5056425953125 0.10472786249999999 0.5069435625 0.1018006859375 0.505208940625 0.09659681718749999 0.5073772187500001 0.0858638375 0.515183021875 0.0793590015625 0.514749365625 0.0770823078125 0.514749365625 0.071553196875 0.5030406609375 0.0673250546875
3 0.45360390625 0.11188318125 0.467480890625 0.10993173125 0.4796232515625 0.1057035875 0.48612808750000003 0.1008249609375 0.48612808750000003 0.0949706078125 0.4822251859375 0.0907424640625 0.47918959531249994 0.088465771875 0.473118415625 0.086189078125 0.46487895625000003 0.0871648046875 0.45750680781249997 0.09009198125 0.4553385296875 0.1044026203125 0.45360390625 0.10993173125 0.45360390625 0.11188318125
3 0.47918959531249994 0.06016973437499999 0.47225110312499996 0.0578930421875 0.462277021875 0.059194009375 0.45360390625 0.062446426562500004 0.44753272656250004 0.06830077968750001 0.4392932671875 0.079033759375 0.4418952015625 0.0891162546875 0.44926735000000007 0.090417221875 0.45707315312499996 0.088465771875 0.46964916875 0.08228617656250001 0.483092496875 0.073829890625 0.48482712031249997 0.068626021875 0.48482712031249997 0.065373603125 0.47918959531249994 0.06016973437499999
3 0.5211872296875 0.595272959375 0.51742414375 0.5900987171875001 0.5114659265625 0.5879819828125 0.49923590156250003 0.586570825 0.488573828125 0.5856300546875 0.48982819062500005 0.5926858375 0.496727178125 0.604210284375 0.505507709375 0.6098549125 0.510838746875 0.6086789484375 0.5155426015625 0.6065622125 0.5199328671875 0.6032695140625 0.522441590625 0.5985656578125 0.5211872296875 0.595272959375
3 0.5208736390625 0.615029153125 0.5240095421875 0.6138531890625 0.527145446875 0.60961971875 0.527145446875 0.6070325984375 0.5236959515625 0.604210284375 0.5196192765625 0.6053862484375 0.5167969640625001 0.6053862484375 0.5130338796875 0.6082085625 0.508957203125 0.6107956828125001 0.510838746875 0.6140883828125 0.5164833734375 0.6147939609375 0.5208736390625 0.615029153125
3 0.5042533484375 0.5804558125 0.50519411875 0.5837485124999999 0.5086436140624999 0.5811613906249999 0.5114659265625 0.578339078125 0.51867850625 0.5750463781249999 0.5205600484375 0.568931365625 0.517737734375 0.565873859375 0.514288240625 0.5623459671875 0.5077028421875001 0.5623459671875 0.504880528125 0.562816353125 0.50237180625 0.57128329375 0.5026853953125 0.5764575359374999 0.5042533484375 0.5804558125
3 0.5572501234375 0.6176162749999999 0.5619539796875 0.6115012609375 0.559758846875 0.6009175859375 0.5538006296875 0.5886875609375 0.5490967734375001 0.5818669703125 0.5437657375 0.5799854265625 0.538121109375 0.5799854265625 0.5293405796874999 0.5842188968750001 0.5249503140625 0.5896283312499999 0.5249503140625 0.5999768140625 0.53028135 0.615029153125 0.538121109375 0.6204385875 0.5475288218750001 0.621379359375 0.5572501234375 0.6176162749999999
3 0.522128 0.6423115171875 0.5287133984375 0.6394892046875 0.5334172546875 0.6345501546875 0.5324764828124999 0.6298463 0.530594940625 0.6256128296875 0.5236959515625 0.6206737812500001 0.5102115656249999 0.6176162749999999 0.5029989859375 0.6171458890625 0.49547281718749997 0.6185570453125 0.48731946718749997 0.6251424437499999 0.48606510468749997 0.6314926484375001 0.48888741874999997 0.6347853484375 0.493277684375 0.638313240625 0.505507709375 0.641135553125 0.5102115656249999 0.6413707468750001 0.5152290109375001 0.6423115171875 0.522128 0.6423115171875
3 0.5252639046875001 0.5576421125000001 0.526518265625 0.5555253765625 0.5274590375 0.5538790265625 0.526518265625 0.5501159421875 0.5246367234375 0.5472936296875 0.522441590625 0.543060159375 0.5196192765625 0.5409434234375 0.518992096875 0.5409434234375 0.5124066984375 0.543060159375 0.5114659265625 0.5588180765625 0.51460183125 0.5592884609375 0.5211872296875 0.559758846875 0.5252639046875001 0.5576421125000001
3 0.54313855625 0.8718596828124999 0.5487831828124999 0.868566984375 0.5506647250000001 0.8633927421875001 0.5497239546875 0.8565721515625 0.543452146875 0.8502219468750001 0.5368667484375 0.8481052109375 0.5331036640625 0.8476348249999999 0.526204675 0.8476348249999999 0.5083300234375 0.8438717406249999 0.5008038531250001 0.8457532828125001 0.4942184546875 0.8502219468750001 0.49547281718749997 0.8589240796875 0.5026853953125 0.8640983203125 0.514915421875 0.8688021765625 0.5293405796874999 0.8720948765625 0.5359259765625 0.8725652625 0.54313855625 0.8718596828124999
3 0.5161697828125 0.8683317921875 0.509897975 0.8688021765625 0.502058215625 0.8716244906249999 0.49484563593750003 0.8758579609374999 0.4870058765625 0.8772691171875 0.485437925 0.877739503125 0.48982819062500005 0.8810322015625 0.493277684375 0.8850304796874999 0.5008038531250001 0.8909103 0.5111523359375 0.894673384375 0.518364915625 0.8942029984375001 0.5246367234375 0.8920862640625 0.5268318562500001 0.8894991421875 0.5274590375 0.886912021875 0.526204675 0.88456009375 0.521814409375 0.88173778125 0.5249503140625 0.8775043109375 0.5236959515625 0.8720948765625 0.5205600484375 0.869978140625 0.5161697828125 0.8683317921875
3 0.5158561921875 0.9167815062500001 0.518992096875 0.9181926640625001 0.5249503140625 0.9177222781250001 0.5296541703125001 0.9167815062500001 0.5324764828124999 0.9160759281249999 0.53906188125 0.9167815062500001 0.54658805 0.9160759281249999 0.555054990625 0.9134888078125 0.559758846875 0.9073737953125001 0.559758846875 0.9005532046875 0.5575637140625 0.8951437703125 0.5519190875 0.8925566484375 0.546901640625 0.8916158781249999 0.5409434234375 0.89067510625 0.5315357125 0.893027034375 0.5246367234375 0.8949085765625 0.5127202890625 0.9010235890624999 0.5083300234375 0.9064330234375 0.5102115656249999 0.91395919375 0.5158561921875 0.9167815062500001
3 0.48448920624999997 0.92642994375 0.48004163125000004 0.924428534375 0.4758905609375 0.9237613984375 0.4705534703125 0.924428534375 0.4655128859375 0.9268747015625 0.46343734999999997 0.9304327609374999 0.46343734999999997 0.933990821875 0.4595827859375 0.9368817453125 0.45394918906250004 0.939550290625 0.45098413906249996 0.9431083515625 0.45098413906249996 0.9466664109374999 0.453652684375 0.9551168046875 0.4622513296875 0.961343409375 0.4699604609375 0.961343409375 0.4729255109375 0.9568958343749999 0.4847857125 0.9462216531250001 0.4859717328125 0.9424412140625 0.4874542578125 0.9342132 0.48448920624999997 0.92642994375
3 0.493398775 0.9577598203125 0.48951629375000005 0.9538773375 0.48531027031249996 0.94999485625 0.48272195 0.9487815796874999 0.47560406562499996 0.9570318546875001 0.4836925703125 0.9618849578124999 0.4908104546875 0.9635835437500001 0.495987096875 0.962855578125 0.493398775 0.9577598203125