1 0.11335495 0.514634184375 0.11985559374999999 0.51219644375 0.12391849375 0.5059666609375 0.12351220468749999 0.49946601875 0.12026188281250001 0.4932362375 0.11619898125000001 0.4891733359375 0.1119329359375 0.482943553125 0.1052291484375 0.4750886109375 0.0962907640625 0.472380009375 0.08735238125 0.478068071875 0.08633665625 0.4870064546875 0.0885712515625 0.494319678125 0.093649878125 0.497840859375 0.0999473765625 0.5027163406249999 0.10238511718750001 0.5089461234375 0.1044165671875 0.511113003125 0.11335495 0.514634184375
1 0.123309059375 0.4989243 0.123309059375 0.5032580609374999 0.12391849375 0.5032580609374999 0.127168815625 0.5027163406249999 0.1330600234375 0.5002786 0.1389512296875 0.497840859375 0.1456550171875 0.4951322578125 0.151139934375 0.4856521546875 0.1505304984375 0.477255490625 0.1470770328125 0.47319259062499996 0.1397638109375 0.4729217296875 0.13813865 0.47563033125 0.1318411515625 0.4818601125 0.1257468 0.481589253125 0.12087131874999998 0.4845687140625 0.118636721875 0.49106935625 0.1200587375 0.492152796875 0.1226996234375 0.4951322578125 0.123309059375 0.4989243
1 0.12249647968749999 0.5241142890625 0.1273719609375 0.527364609375 0.1322474421875 0.5292606296875 0.1383417953125 0.5289897703124999 0.1478896125 0.5265520296874999 0.157843721875 0.5222182671875 0.1600783171875 0.5178845062499999 0.16170347812500002 0.5097587031249999 0.157843721875 0.5051540812499999 0.15256195 0.500549459375 0.146264453125 0.500549459375 0.14199840625 0.5021746203124999 0.137732359375 0.5051540812499999 0.1330600234375 0.5035289203125 0.12391849375 0.5070501015625 0.12087131874999998 0.5100295640625 0.120465028125 0.517071925 0.12249647968749999 0.5241142890625
1 0.16515694375 0.5029872 0.1692198453125 0.504070640625 0.175111053125 0.5016328999999999 0.176126778125 0.49567397812499997 0.1749079078125 0.488902475 0.1700324265625 0.4821309734375 0.1629223484375 0.4796932328125 0.1604846078125 0.47833893125 0.1572342859375 0.4788806515625 0.153983965625 0.4796932328125 0.15174936875 0.4788806515625 0.15093678906250002 0.48483957499999997 0.1491084828125 0.4902567765625 0.1470770328125 0.4926945171875 0.144436146875 0.49675741875 0.1499210640625 0.4986534390625 0.1558122703125 0.4986534390625 0.15845315625 0.4983825796875 0.16515694375 0.5029872
1 0.05302086406249999 0.517071925 0.05302086406249999 0.5211348265625 0.056068040625 0.5295314906249999 0.06317811718750001 0.537928153125 0.0664284390625 0.5430744953125 0.069678759375 0.5446996562499999 0.0721165015625 0.5482208375 0.0761794015625 0.55174201875 0.0794297234375 0.55309631875 0.083086334375 0.5514711578125 0.08532093125 0.5501168578125 0.08735238125 0.54605395625 0.08532093125 0.5381990140624999 0.08166431874999999 0.5306149312499999 0.079226578125 0.5268228890625 0.07394480625 0.5214056874999999 0.06622529375 0.514634184375 0.05809949062500001 0.511113003125 0.054036589062499994 0.5135507453125 0.05302086406249999 0.517071925
1 0.08979012187499999 0.52628116875 0.0946656046875 0.5281771890625 0.1001505203125 0.5268228890625 0.10238511718750001 0.5233017078125 0.0995410859375 0.5073209624999999 0.097509634375 0.501362040625 0.0938530234375 0.4975699984375 0.08938383125 0.4937779578125 0.08491464062500001 0.4913402171875 0.0794297234375 0.4926945171875 0.079226578125 0.4975699984375 0.0773982734375 0.5021746203124999 0.0765856921875 0.5081335421875 0.08064859375 0.511925584375 0.086946090625 0.5143633249999999 0.086946090625 0.5162593453125 0.086742946875 0.5200513875 0.08979012187499999 0.52628116875
1 0.088774396875 0.5257394484375 0.0871492359375 0.5211348265625 0.08653980156249999 0.5151759046875 0.083492625 0.5138216046874999 0.0773982734375 0.50948784375 0.0765856921875 0.5062375218749999 0.0773982734375 0.500549459375 0.07861714375 0.4948613984375 0.0784139984375 0.492152796875 0.07394480625 0.4905276359375 0.066631584375 0.494319678125 0.065819003125 0.5037997812499999 0.069069325 0.5113838640624999 0.075366821875 0.5184262265624999 0.081054884375 0.5233017078125 0.086946090625 0.5268228890625 0.088774396875 0.5257394484375
1 0.10238511718750001 0.5219474078124999 0.102181971875 0.5268228890625 0.0981190703125 0.5276354703125 0.1001505203125 0.53196923125 0.1025882625 0.5371155734374999 0.10685430781250001 0.5419910546875 0.11112035468749999 0.5455122359375 0.1164021265625 0.5452413765624999 0.12188704375 0.5441579359375 0.12432478437500001 0.5422619140625 0.12209018906249999 0.5354904125 0.1192461578125 0.5295314906249999 0.11579269218749999 0.525197728125 0.11213607968749999 0.5211348265625 0.10908890468750002 0.51653020625 0.101166246875 0.5143633249999999 0.10238511718750001 0.5219474078124999
1 0.123309059375 0.5349486921875 0.1277782515625 0.5365738531249999 0.1314348625 0.5338652515625 0.13163800781249999 0.528718909375 0.128997121875 0.5279063296875 0.1245279296875 0.525197728125 0.1206681734375 0.5186970859375 0.120465028125 0.51219644375 0.118636721875 0.5116547234375 0.1143706765625 0.5151759046875 0.108885759375 0.514634184375 0.11172979062499999 0.5208639671874999 0.1159958375 0.5227599875 0.1178241421875 0.5276354703125 0.1192461578125 0.5300732109374999 0.123309059375 0.5349486921875
1 0.1623228375 0.5226665859375 0.1682140453125 0.519957984375 0.170938484375 0.5162479531249999 0.170585428125 0.51091286875 0.1686203359375 0.5042480984375 0.1634654421875 0.5017333828125 0.158228428125 0.4985950984375 0.159111071875 0.5019687546875 0.161713403125 0.5088527203125001 0.16128825625 0.5157772109375001 0.15881685625 0.522289153125 0.1623228375 0.5226665859375
1 0.5555156640625001 0.478436725 0.5616728578125 0.4743319296875 0.5654355859375 0.466806471875 0.5633831890625001 0.4633858078125 0.5597914921875 0.45882492499999994 0.558423228125 0.4515275109375 0.55431843125 0.44491422812500003 0.5510688015625 0.441493565625 0.5486743374999999 0.4378448578125 0.5454247078125001 0.4346522390625 0.5402937140625 0.434880284375 0.5360178859375 0.44012529999999994 0.5348206531249999 0.4465105375 0.5367020171875 0.45586035 0.5423461125 0.46452602968749995 0.54405644375 0.4681747359375 0.54747710625 0.4743319296875 0.5555156640625001 0.478436725
1 0.5189145703125 0.45563230624999995 0.51703320625 0.4649821171875 0.51994076875 0.473875840625 0.5221642 0.47957694687499997 0.5238745312499999 0.4804891234375 0.52438763125 0.48641827187500003 0.5271241609375 0.4930315546875 0.53122895625 0.49713635 0.5349916859375 0.4985046140625 0.53841235 0.4978204828125 0.5428592109375 0.49371568593750004 0.5437143765625 0.4866463171875 0.543201278125 0.47775259375 0.5411488796875 0.47022713437499997 0.5389254484375 0.467034515625 0.5334523875 0.457456659375 0.529689659375 0.45403599687499996 0.5238745312499999 0.452895775 0.5189145703125 0.45563230624999995
1 0.5158359734375 0.476840415625 0.5185725046874999 0.4713673546875 0.5180594046875 0.4695430015625 0.5172042390625 0.46543820625 0.5172042390625 0.46110536562500004 0.5158359734375 0.45882492499999994 0.5115601453124999 0.45722861562499995 0.5079684484375 0.4592810125 0.5028374546875 0.45950905625000005 0.4963381953125 0.457684703125 0.4924044328125 0.45882492499999994 0.4877865375 0.4665784265625 0.4877865375 0.476384328125 0.49394373125 0.4820854328125 0.498219559375 0.48185738906250003 0.5043767531250001 0.48026107968750004 0.5074553500000001 0.48026107968750004 0.5124153109375 0.4793489015625 0.5158359734375 0.476840415625
1 0.4871024046875 0.4807171671875 0.482997609375 0.4877865375 0.482997609375 0.49371568593750004 0.48487897343749997 0.5005570125000001 0.48744447187500006 0.5030654984375 0.4917203 0.5026094109375 0.49616716250000004 0.5042057203125 0.49787749375 0.5064861609375 0.5006140234374999 0.5064861609375 0.50574501875 0.5094507359375 0.5091656812500001 0.51013486875 0.5137835765625 0.50717029375 0.5166911390625 0.501925278125 0.5166911390625 0.5001009234375 0.5141256421875 0.49394373125 0.5132704765625 0.4886987140625 0.5124153109375 0.4868743609375 0.5062581171875 0.48505000625 0.50181125625 0.48505000625 0.499587825 0.48162934375 0.49531199531250003 0.48185738906250003 0.49137823281250004 0.480033034375 0.4871024046875 0.4807171671875
1 0.5144677078125001 0.5224492546875 0.5189145703125 0.5249577421875 0.5238745312499999 0.52586991875 0.5266110625 0.5233614328125 0.5290055265625 0.5203968578125 0.52832139375 0.5153798859375 0.5240455640625 0.5094507359375 0.5206249015625 0.5060300734375 0.5182304375 0.50329354375 0.5163490734375 0.5021533218750001 0.513954609375 0.5076263828124999 0.510020846875 0.5099068250000001 0.5054029515625 0.5089946484375 0.5021533218750001 0.5073983390625 0.5035215875 0.51309944375 0.507284315625 0.5162920625 0.5110470453125 0.518344459375 0.5144677078125001 0.5224492546875
1 0.5272951953125 0.5142396640625 0.5317420562499999 0.514923796875 0.536530984375 0.511959221875 0.5387544156249999 0.5060300734375 0.5385833828125 0.50078505625 0.53738615 0.4978204828125 0.5336234203125 0.4980485265625 0.5317420562499999 0.4975924375 0.526953128125 0.49348764218749996 0.5247296968749999 0.4877865375 0.523532465625 0.4836817421875 0.5226773 0.4788928140625 0.5211380015625 0.47798063749999997 0.519598703125 0.47798063749999997 0.51600700625 0.4793489015625 0.5136125421875 0.4823134765625 0.5127573765625 0.4884706703125 0.513954609375 0.49394373125 0.5158359734375 0.498732659375 0.5197697359375 0.5012411453125 0.52045386875 0.5048898515625 0.523019365625 0.508538559375 0.5272951953125 0.5142396640625
1 0.5433723109375 0.476384328125 0.54354334375 0.48276956562500006 0.5437143765625 0.4884706703125 0.5437143765625 0.4932595984375 0.540977846875 0.49622417343749997 0.53841235 0.4994167921875 0.539267515625 0.5035215875 0.542175078125 0.5058020296875 0.5471350390625 0.5080824703125 0.551752934375 0.5092226921874999 0.55431843125 0.508766603125 0.5563708296875001 0.5060300734375 0.558423228125 0.5035215875 0.5594494265625001 0.498732659375 0.55431843125 0.49439981875 0.55089776875 0.48915480312500004 0.5502136359375001 0.48254152031249997 0.547819171875 0.47912085781249997 0.544740575 0.476840415625 0.5433723109375 0.476384328125
1 0.557397028125 0.49736439375 0.55927839375 0.4980485265625 0.5626990562499999 0.49439981875 0.5650935203125 0.4900669796875 0.56714591875 0.4848219625 0.5662907515625 0.482997609375 0.5642383546875 0.4807171671875 0.5633831890625001 0.4761562828125 0.5633831890625001 0.47250757656250003 0.5596204593749999 0.476384328125 0.5546604984375 0.47798063749999997 0.5515819015625001 0.47798063749999997 0.548332271875 0.4745599734375 0.5512398359375 0.48254152031249997 0.5526080999999999 0.4884706703125 0.5551735984375 0.49211937656250004 0.557397028125 0.49736439375
1 0.878195296875 0.44364772500000005 0.8792946453124999 0.4377845390625 0.876179828125 0.431921353125 0.8723321125 0.43021125781249997 0.866835375 0.43167705468750006 0.8637205578125 0.4343643484375 0.856391575 0.4377845390625 0.8508948390625 0.4404718328125 0.847413571875 0.44438062343749996 0.8466806734375 0.45268680312500004 0.8492458171875 0.45732849218749994 0.85419288125 0.4587942890625 0.862804434375 0.457572790625 0.8664689265625001 0.4543969 0.8710495390625 0.45244250468749997 0.8747140312499999 0.44975521093750004 0.878195296875 0.44364772500000005
1 0.8573076984375 0.48200273281249995 0.8662857015625001 0.48102553437499995 0.8712327640625 0.48029263593750005 0.878195296875 0.4807812359375 0.8831423609375 0.4790711390625 0.8869900765625 0.4741851515625 0.8873565250000001 0.46734476718750007 0.8855242796875 0.46343597656249996 0.8825926875000001 0.4609929828125 0.8780120734375 0.4587942890625 0.8730650093750001 0.4587942890625 0.8673850484375001 0.4592828875 0.8595063921874999 0.45977148593750006 0.8514445125 0.46490177343749994 0.8497954906249999 0.4702763609375 0.8492458171875 0.47491805 0.8521774109375 0.4795597390625 0.8573076984375 0.48200273281249995
1 0.8869900765625 0.45952718593749997 0.8891887703125001 0.458061390625 0.891204240625 0.45732849218749994 0.8945022828125 0.4585499890625 0.8946855078124999 0.45659559375000003 0.894135834375 0.449999509375 0.8926700375 0.4456021203125 0.8895552203125 0.442670528125 0.8890055468750001 0.43631874374999996 0.88753975 0.429478359375 0.8849746062499999 0.42459237187500004 0.8802107671874999 0.423370875 0.8752637046875 0.42556956875 0.8739811328125 0.429478359375 0.8767295015625001 0.43216565312500005 0.8792946453124999 0.43583014374999995 0.8792946453124999 0.44022753437500006 0.8778288484375001 0.44413632343750004 0.8739811328125 0.45146530625 0.87709595 0.4590385875 0.880760440625 0.4587942890625 0.883692034375 0.45952718593749997 0.8869900765625 0.45952718593749997
1 0.87709595 0.4986150921875 0.8818597890625 0.4995922890625 0.8866236265625 0.49739359531250005 0.8910210171875 0.491530409375 0.8917539140624999 0.4866444203125 0.8923035875 0.483712828125 0.89523518125 0.4800483375 0.899082896875 0.473207953125 0.90054869375 0.468077665625 0.9003654687499999 0.46343597656249996 0.8974338765625 0.46026008437500004 0.8932197109375 0.457817090625 0.8879061984375 0.4570841921875 0.883875259375 0.4585499890625 0.8818597890625 0.45952718593749997 0.8860739531249999 0.4636802765625 0.8879061984375 0.4678333671875 0.88753975 0.4739408515625 0.8827759109375 0.478582540625 0.8774624 0.4807812359375 0.87434758125 0.48053693593749996 0.8712327640625 0.48029263593750005 0.8699501921874999 0.48591152343750005 0.8708663156249999 0.4905532109375 0.8728817859375001 0.4956835 0.87709595 0.4986150921875
1 0.89505195625 0.5164489484375 0.899266121875 0.5154717515625 0.9032970625000001 0.5127844578125 0.904029959375 0.509364265625 0.9038467359375 0.5035010796875 0.906595103125 0.5008137859375 0.91044281875 0.49763789375 0.9115421671874999 0.4922633078125 0.9117253906249999 0.48859881562499996 0.9113589421875 0.48395712812499997 0.91044281875 0.48053693593749996 0.9076944515625 0.478826840625 0.904029959375 0.48029263593750005 0.8996325703125001 0.48395712812499997 0.8946855078124999 0.4871330203125 0.8935861609375 0.494217703125 0.8908377921874999 0.504478278125 0.8919371390625 0.512051559375 0.89505195625 0.5164489484375
1 0.909709921875 0.478582540625 0.91099249375 0.48249133125 0.911908615625 0.48591152343750005 0.912091840625 0.4907975109375 0.9148402093750001 0.4903089125 0.9183214749999999 0.4900646125 0.9212530687499999 0.4881102171875 0.9227188640625 0.4807812359375 0.9214362921875001 0.47540664843749997 0.9188711484375001 0.471009259375 0.914290534375 0.46929916250000003 0.9126415140624999 0.46685616874999997 0.9102595953125 0.4622144796875 0.9049460828125 0.4609929828125 0.9023809390625 0.4636802765625 0.9003654687499999 0.46978776250000004 0.90018224375 0.47491805 0.9038467359375 0.47589524687500007 0.906595103125 0.47784964218750003 0.909709921875 0.478582540625
1 0.9304142953125 0.4700320609375 0.93133041875 0.46148158125 0.9300478468750001 0.45659559375000003 0.9267498046875 0.4539083 0.9203369453124999 0.45122100625000006 0.914473759375 0.44609071875 0.9108092687499999 0.442181928125 0.9086105734375 0.44364772500000005 0.9108092687499999 0.44926661093750003 0.9130079625 0.457817090625 0.9152066578125 0.46539037343749995 0.9201537203125 0.4717421578125 0.92638335625 0.4741851515625 0.9304142953125 0.4700320609375