3 0.5462056375000001 0.05598678124999999 0.55296630625 0.052606448437499995 0.5546564734375 0.046268321875000004 0.55296630625 0.0401414671875 0.5481775 0.0361273203125 0.5419802203125 0.0352822359375 0.536628025 0.0327469859375 0.5346561640624999 0.027676484374999998 0.530712440625 0.0236623375 0.5245151609375001 0.0219721703125 0.510993825 0.023028525 0.5090219640625 0.028944109375 0.512120603125 0.038240028125 0.5194446609375001 0.046902134375 0.5301490515625 0.053662803125000005 0.5371914140625 0.056198053125 0.5462056375000001 0.05598678124999999
3 0.525923634375 0.0777476828125 0.53437446875 0.0800716625 0.535501246875 0.07584624375 0.5374731078125 0.068029221875 0.538036496875 0.0638038046875 0.536628025 0.05809949062500001 0.52986735625 0.054930428125 0.523951771875 0.049859926562500004 0.518881271875 0.0464795921875 0.5112755203125 0.0485923015625 0.50620501875 0.053451531249999996 0.4983175734375 0.0585220328125 0.4988809609375 0.0690855765625 0.510993825 0.07584624375 0.525923634375 0.0777476828125
3 0.4867680984375 0.030423006250000002 0.4788806515625 0.0314793609375 0.47409184531250004 0.034437153124999995 0.472119984375 0.039718925 0.469584734375 0.044366884375 0.4633874546875 0.0492261140625 0.4647959265625 0.054930428125 0.4656410109375 0.0638038046875 0.46535931562500005 0.07098701406249999 0.46648609375000005 0.07521243125 0.4732467625 0.07880403750000001 0.4808525140625 0.07838149531250001 0.48648640312499997 0.07394480625 0.4926836828125 0.061479825 0.4940921546875 0.050916281249999994 0.49606401718750004 0.0373949453125 0.49381046093750003 0.0319019015625 0.49212029375000005 0.0302117359375 0.4867680984375 0.030423006250000002
3 0.46226067656250003 0.0980296859375 0.46817626093750003 0.10521289687499999 0.48057081874999996 0.10415654218749999 0.48507793125000004 0.097818415625 0.48507793125000004 0.09380426875 0.4867680984375 0.0876774140625 0.49014843125 0.0817618296875 0.49212029375000005 0.07838149531250001 0.4926836828125 0.07267718125 0.48958504375 0.06824049374999999 0.4845145421875 0.074156078125 0.4788806515625 0.0790153078125 0.472119984375 0.0790153078125 0.4670494828125 0.07542370312499999 0.46395084375 0.085775975 0.4608522046875 0.0876774140625 0.4616972875 0.0916915609375 0.46226067656250003 0.0980296859375
3 0.5002894343750001 0.09317045625 0.5067684078125 0.09697333125 0.519162965625 0.09126901875 0.5205714390625 0.091057746875 0.523670078125 0.084719621875 0.5245151609375001 0.08091674531250001 0.5247968562499999 0.07817022343749999 0.5104304359375 0.07542370312499999 0.5070501015625 0.074789890625 0.5019796015625 0.0728884515625 0.49944435 0.0775364109375 0.49465554375 0.08091674531250001 0.49803587812499994 0.09063520625 0.5002894343750001 0.09317045625
3 0.4929653765625 0.11493135624999999 0.4988809609375 0.118311690625 0.5067684078125 0.118945503125 0.5140924640625 0.11662152343750001 0.5222616046875 0.11450881406249999 0.53183921875 0.110917209375 0.53437446875 0.1073256046875 0.5363463296875 0.10267764531250001 0.53183921875 0.095283165625 0.528458884375 0.0923253734375 0.516627715625 0.09253664375000001 0.5124022984375001 0.0948606234375 0.5067684078125 0.097184603125 0.49634571093749996 0.09908604062500001 0.49099351562500004 0.10373399999999999 0.4898667375 0.11049466875 0.4929653765625 0.11493135624999999
3 0.5136224656249999 0.5016646546875 0.519131825 0.5069235875 0.529148840625 0.5116190625 0.5369120265625 0.513309434375 0.5529392515625 0.5093652343749999 0.565710946875 0.50279156875 0.57247243125 0.49471535 0.5719715812499999 0.48964423593750006 0.5682152 0.484760940625 0.557697334375 0.481004559375 0.546177765625 0.48269493125 0.5421709609375001 0.48288275 0.5361607515625 0.48701476875000005 0.524891609375 0.48945641718750005 0.5186309734375001 0.49302497812499996 0.5138728921875 0.496593540625 0.5136224656249999 0.5016646546875
3 0.5566956328125 0.481004559375 0.5634571187499999 0.4817558359375 0.5669630734375 0.4821314734375 0.57222200625 0.47217706562500006 0.5772305140625 0.46691813125000003 0.5774809390625 0.4654155796875 0.5719715812499999 0.4657912171875 0.5654605218750001 0.46353738906249997 0.5591998859375 0.460344465625 0.546177765625 0.4590297328125 0.5351590500000001 0.464288665625 0.53190351875 0.4691719609375 0.5326547953125 0.47330397968750004 0.5361607515625 0.4772481796875 0.5374128781249999 0.480253284375 0.537913728125 0.4840096640625 0.5424213859375 0.4836340265625 0.549934146875 0.4817558359375 0.5566956328125 0.481004559375
3 0.48407227031250005 0.4631617515625 0.481067165625 0.46090792187499996 0.47230227812500003 0.4592175515625 0.46704334531249997 0.4631617515625 0.4572767546875 0.47142578906250004 0.4577776046875 0.476684721875 0.46178441093749995 0.48344620781250003 0.46453909062500004 0.4864513125 0.4692971734375 0.488517321875 0.47380482968750004 0.49509098749999997 0.4813175921875 0.4979082734375 0.4860756734375 0.4980960921875 0.4953414140625 0.49527880625 0.4958422640625 0.49020769218750004 0.49433971093749995 0.48832950156250005 0.493087584375 0.48551221718750004 0.4915850328125 0.4825071125 0.487077375 0.47743599843749995 0.487077375 0.47048669375 0.48557482343749997 0.4676694078125 0.48407227031250005 0.4631617515625
3 0.49509098749999997 0.4877660453125 0.49509098749999997 0.4920858828125 0.49609268906250004 0.49358843593749996 0.5061097046875 0.49452753125 0.5143737421875 0.49452753125 0.5163771453125 0.4941518921875 0.5221369296875 0.48964423593750006 0.5221369296875 0.485136578125 0.5206343765625 0.47837509375 0.5176292734375 0.472364884375 0.5128711906250001 0.46898414062500005 0.5061097046875 0.468232865625 0.5000994953125 0.470298875 0.4958422640625 0.47536998906249994 0.49083375625 0.4800654640625 0.492336309375 0.48269493125 0.49283715937499994 0.484760940625 0.49509098749999997 0.4877660453125
3 0.5529392515625 0.4509535140625 0.5529392515625 0.447948409375 0.551186275 0.4447554859375 0.5491828703125 0.44212601874999996 0.545927340625 0.44175038125 0.5401675578125 0.44344075156249996 0.5341573484375 0.4470093140625 0.5268950109375 0.44644585625 0.5203839515625 0.447948409375 0.5136224656249999 0.4509535140625 0.509615659375 0.45489771250000005 0.5023533234374999 0.45809063749999995 0.50260375 0.46147137968749996 0.5033550250000001 0.464664303125 0.5078626828125 0.4671059515625 0.519131825 0.4671059515625 0.5326547953125 0.4654155796875 0.5424213859375 0.460344465625 0.5486820203125 0.456588084375 0.5529392515625 0.4509535140625
3 0.5213856531250001 0.446633675 0.521636078125 0.4447554859375 0.5193822499999999 0.44250165625 0.5151250187499999 0.44156256093749996 0.5098660859375 0.43987219062499994 0.49709439062499994 0.44419202812499997 0.496593540625 0.4488875046875 0.49909779375 0.4530195234375 0.502854175 0.45771499843749996 0.5108677875 0.4528317046875 0.51537544375 0.4490753234375 0.5213856531250001 0.446633675
3 0.5263195984375 0.8411518390625 0.529150965625 0.8343093703125 0.5282071765625 0.8314780031250001 0.5253758093750001 0.8284106890625 0.522229846875 0.8260512171875 0.5181400953125 0.8239276921875 0.5061854359375 0.8258152703125001 0.503668665625 0.8277028484375 0.502095684375 0.8317139499999999 0.4976913359375 0.8347812640625 0.49139940937500004 0.8369047890625 0.4841636953125 0.8411518390625 0.481961521875 0.8498818859374999 0.483534503125 0.8579040921875001 0.48825344687500005 0.8586119328124999 0.49454537343749994 0.856960303125 0.50870220625 0.8515335171875 0.51499413125 0.848938096875 0.5175109015625 0.846578625 0.5263195984375 0.8411518390625
3 0.5216006546874999 0.8682857687500001 0.5260050015625 0.8692295578125 0.5335553140625 0.8668700859375 0.5385888546875 0.8671060328125 0.5429932015625 0.86191519375 0.5442515875 0.85884788125 0.5433077984375 0.848466203125 0.5464537609375 0.8411518390625 0.5451953765625001 0.84020805 0.5319823312499999 0.84020805 0.524117425 0.8432753640625 0.5184546906249999 0.8472864671875 0.51184816875 0.84870215 0.51184816875 0.8541289359375 0.516881709375 0.85979166875 0.519083884375 0.8642746671875001 0.5216006546874999 0.8682857687500001
3 0.5499143203125 0.8845661281250001 0.55431866875 0.8779596062499999 0.5533748796875 0.8734766078125 0.5514873015624999 0.8704092937500001 0.5467683578125 0.8694655062500001 0.53953264375 0.8673419812500001 0.5344991015625 0.8673419812500001 0.526948790625 0.8692295578125 0.5131065546875 0.8708811890625 0.498635125 0.8741844499999999 0.49139940937500004 0.8800831312499999 0.493601584375 0.8857458640625 0.5011518953125 0.8902288609375001 0.52348823125 0.8940040171874999 0.5332407171875 0.89070075625 0.5442515875 0.8881053359375001 0.5499143203125 0.8845661281250001
3 0.5162525171875 0.9055654296875 0.52348823125 0.9053294828125 0.524117425 0.904149746875 0.5244320203124999 0.899902696875 0.5278925796875 0.8961275421874999 0.5260050015625 0.8942399640625001 0.5102751875 0.8923523859375001 0.5030394734375 0.8904648078124999 0.495174565625 0.887161546875 0.4939161796875 0.8940040171874999 0.496747546875 0.899430803125 0.505241646875 0.9048575890624999 0.5162525171875 0.9055654296875
3 0.5228590390625001 0.9201941578125 0.5256904062500001 0.9251490499999999 0.5297801578125 0.9272725749999999 0.5363866796875 0.9268006796874999 0.5505435140625 0.9218457890625 0.5524310906250001 0.9173627906249999 0.5505435140625 0.9048575890624999 0.553060284375 0.8984870140625001 0.5521164953125 0.895183753125 0.5455099734375 0.89070075625 0.5370158734375 0.88952101875 0.5300947546875 0.893296175 0.5253758093750001 0.8984870140625001 0.5247466171874999 0.9043856937499999 0.523802828125 0.9119360046875 0.5228590390625001 0.9201941578125
3 0.4740966140625 0.9024981171875 0.47755717343750004 0.9121719531249999 0.4838490984375 0.91500331875 0.49045562187499997 0.9173627906249999 0.49423077656250003 0.92349741875 0.5030394734375 0.9265647328125001 0.5093313984375001 0.9286882578125001 0.5131065546875 0.9282163640625001 0.5131065546875 0.925856890625 0.509016803125 0.9183065796875001 0.503668665625 0.9107562687499999 0.49423077656250003 0.8991948546874999 0.4879388515625 0.890936703125 0.479759346875 0.893060228125 0.4759841921875 0.8975432250000001 0.4740966140625 0.9024981171875