1 0.03405065 0.556235765625 0.036080159375 0.561347125 0.0426196921875 0.5604451218750001 0.0500612234375 0.5568371062499999 0.05479674531249999 0.5541310937499999 0.057051751562499996 0.547817065625 0.060659764062499996 0.542104371875 0.0656207921875 0.5327836625 0.0656207921875 0.527070971875 0.06178727187500001 0.5246656265625 0.05908125937499999 0.5237636234374999 0.052541728125 0.52286161875 0.050286721874999996 0.5264696343749999 0.05163972812499999 0.535489675 0.0491592125 0.5440587125 0.045325703125 0.5460130578125 0.03901166875 0.5511244109375 0.03405065 0.556235765625
1 0.0451001953125 0.56856315625 0.042394184375 0.57547851875 0.043972696875 0.58269455 0.046678709375 0.5829952203125 0.050286721874999996 0.581491875 0.0556987453125 0.5784852 0.0593067578125 0.57126916875 0.059983260937500005 0.564955140625 0.06381678125 0.5628504624999999 0.0678757984375 0.55713776875 0.07351332031249999 0.5430063765625001 0.0701308046875 0.5372936828125 0.06471878125 0.537594353125 0.06201276875 0.5418037015625 0.0577282546875 0.5508237421875 0.056938996875 0.556461265625 0.052541728125 0.5586411140624999 0.04870821875 0.5628504624999999 0.0451001953125 0.56856315625
1 0.043747189062500004 0.57126916875 0.0457766984375 0.566458478125 0.0412666859375 0.567661153125 0.03314865 0.573373840625 0.028187621875000003 0.581491875 0.0270601234375 0.5872045765625 0.0284131296875 0.5887079078124999 0.036756662499999995 0.5866032359375 0.043070687499999996 0.583596553125 0.0428451890625 0.5802892078124999 0.0426196921875 0.5757791890624999 0.043747189062500004 0.57126916875
1 0.026158112500000004 0.594721271875 0.02660911875 0.60253864375 0.0308936328125 0.606146659375 0.03810966875 0.6070486640625 0.048031715625 0.6043426515625 0.05840475625 0.5992312906249999 0.059983260937500005 0.5932179265624999 0.062689271875 0.5899105890625 0.0629147796875 0.5860018953125 0.060208768749999995 0.583295884375 0.052767235937500004 0.5829952203125 0.049835715625 0.5829952203125 0.0451001953125 0.58555089375 0.041041178125 0.5854005609375 0.03540365625 0.5869039 0.0284131296875 0.5893092484375 0.026158112500000004 0.594721271875
1 0.0728368171875 0.6302000890625 0.079601846875 0.6329061 0.085464875 0.6295987609375 0.08952389375 0.6238860609375 0.091102396875 0.6187747140625001 0.0906514015625 0.6100553390625 0.0890728875 0.6064473234375 0.08456287500000001 0.6004339578125 0.0820823609375 0.595021934375 0.0800528515625 0.5902112515625 0.07667033749999999 0.5872045765625 0.0712583125 0.5860018953125 0.0656207921875 0.5869039 0.060659764062499996 0.5908125921875 0.0577282546875 0.598930628125 0.060659764062499996 0.60825133125 0.0681012953125 0.6121600093749999 0.06877779843750001 0.6187747140625001 0.0692288046875 0.623284734375 0.0728368171875 0.6302000890625
1 0.050737726562499995 0.611859346875 0.046904206250000004 0.6208793859374999 0.050512218750000004 0.6271934140625001 0.0514142296875 0.6308014296875 0.052541728125 0.6347101078125 0.055924242187499994 0.6383181234374999 0.059983260937500005 0.6413248125 0.06381678125 0.6419261406250001 0.06900330625 0.64012213125 0.07261131875 0.6359127890625 0.07351332031249999 0.632004096875 0.0705818109375 0.6250887421875 0.0685523015625 0.619075378125 0.0657335359375 0.617797534375 0.06178727187500001 0.609754675 0.05863025468750001 0.6073493265625001 0.0556987453125 0.6073493265625001 0.050737726562499995 0.611859346875
1 0.5208014609375 0.550354978125 0.52304130625 0.545377546875 0.5225933375 0.5398028187499999 0.5211001093750001 0.5352235765625 0.51841229375 0.533630796875 0.5160231203125 0.532834409375 0.512738015625 0.532237115625 0.509751553125 0.5306443359374999 0.5061678 0.528852459375 0.5028826953125 0.5284542671875 0.49840300312499997 0.5304452390625001 0.4942219609375 0.534626284375 0.4951178984375 0.538608234375 0.497955034375 0.5413955953125 0.5021360765625 0.5449793484375001 0.5048238921875 0.547766715625 0.5090049421875 0.54916039375 0.517367028125 0.5509522703124999 0.5208014609375 0.550354978125
1 0.48809971250000006 0.550554078125 0.48765174375000003 0.5569251921875 0.4889956515625 0.5640926984375 0.49496857031249997 0.56807465 0.5015387875 0.5694683281249999 0.5073623859375 0.5712602046875 0.5090049421875 0.5728529875 0.5140819234375 0.5702647203125 0.5169190593749999 0.564889090625 0.5169190593749999 0.5579206828125 0.5146792125 0.5527441468750001 0.5100502015624999 0.5497576859375 0.508258325 0.5497576859375 0.5075117062500001 0.5499567859375001 0.504935884375 0.549907009375 0.5003442 0.5459748390625 0.49646180624999997 0.54458115625 0.4900409109375 0.5461739328124999 0.48809971250000006 0.550554078125
1 0.519457553125 0.565884575 0.51841229375 0.562101728125 0.5170683859375 0.56090714375 0.5161724484375 0.56568548125 0.51542583125 0.5688710359375 0.512738015625 0.5722556953125 0.5085569734375001 0.5728529875 0.5040772812500001 0.5702647203125 0.49676044687500004 0.56847284375 0.49437128125 0.5728529875 0.4924300828125 0.5782286171875 0.492878053125 0.583604246875 0.4987016515625 0.588382584375 0.50452525 0.5863916140625001 0.5090049421875 0.5824096625 0.5112074515625 0.5796222953125 0.5160231203125 0.5750430578125 0.517964325 0.5714593046875 0.519457553125 0.565884575
1 0.49780571250000005 0.5925636296875 0.49780571250000005 0.597939259375 0.4991496203125 0.602717596875 0.5036293125 0.6053058609375 0.5090049421875 0.6059031515625 0.514828540625 0.6055049640625 0.5202041703125 0.60132391875 0.5243852140625 0.5959482890625 0.52856625625 0.5919663374999999 0.528715584375 0.585993415625 0.5270730359375 0.579224103125 0.5231906265624999 0.5758394484375 0.5167697375 0.5762376421875001 0.5143805718750001 0.57802951875 0.5099008796875 0.58320605 0.5078103546875 0.583604246875 0.5037786328125 0.5873870953125 0.49840300312499997 0.588183490625 0.49780571250000005 0.5925636296875
1 0.47331673125 0.550554078125 0.46674651406249995 0.5537396375 0.46450666875 0.5619026296875 0.46659719375 0.5700656203125 0.46913568437500003 0.5774322265625 0.4710768859375 0.586192509375 0.4730180828125 0.5913690453125 0.47824439218750003 0.59176724375 0.48362002187500003 0.5901744609375 0.4854118984375 0.5851970296875 0.48526257656249994 0.5802195890624999 0.48481460781249996 0.576635834375 0.484515959375 0.5722556953125 0.48164148906250004 0.5684230671875 0.48093220625 0.5623008234375 0.47839371249999996 0.5557306078125 0.4767511640625 0.5533414390625 0.47331673125 0.550554078125
1 0.4860091875 0.5770340328125 0.488697003125 0.5798213999999999 0.49228075625 0.58221056875 0.49317669375 0.577631325 0.49481925000000004 0.5702647203125 0.49586450937500004 0.5678755515625 0.49541654062499996 0.5676764515625 0.492728725 0.5666809671874999 0.49063820625 0.56568548125 0.48884633125 0.5626990203125 0.4879503921875 0.5593143609375 0.4873530953125 0.5539387312499999 0.48914497187499995 0.54657213125 0.49153414531250006 0.5449793484375001 0.49019023749999996 0.5439838640625 0.4860091875 0.5417937937499999 0.48212679375 0.5419928875 0.47884168125000004 0.5451784484375 0.47749777499999996 0.550354978125 0.47794574375 0.555133315625 0.48093220625 0.5640926984375 0.48298539687500003 0.56349540625 0.4834707 0.5706629140625 0.4843666390625 0.574246665625 0.4860091875 0.5770340328125
1 0.8744985859375 0.5386798296875 0.871074053125 0.53753831875 0.8655947890625001 0.5382232265625 0.86131411875 0.539821340625 0.8589169406250001 0.545985509375 0.8575471218749999 0.5496383515625001 0.8575471218749999 0.5558025203125 0.8563485375000001 0.55854215 0.8548074937499999 0.5669893453125 0.8570334421875 0.5740667203125 0.8633688421875 0.580002590625 0.8688480984375 0.5788610734375 0.8729575437499999 0.5770346609375 0.875525946875 0.57246860625 0.8770669890624999 0.564249715625 0.8750122656249999 0.5596836609375 0.875868403125 0.5564874265624999 0.8772382203125 0.550323259375 0.8772382203125 0.54119115625 0.8744985859375 0.5386798296875
1 0.8813476671875 0.57771956875 0.8847721999999999 0.57771956875 0.8897377828125 0.57771956875 0.8924774093750001 0.5752082374999999 0.8952170453124999 0.571327090625 0.8955594937500001 0.5681308625 0.893676003125 0.5615100843749999 0.8911076 0.5560308234375 0.8887104203125 0.548496840625 0.8864844734374999 0.5448439984375 0.882375028125 0.5425609703125 0.8791217124999999 0.5425609703125 0.8770669890624999 0.5430175796875 0.8772382203125 0.5468987203125 0.8765533078125 0.550323259375 0.8765533078125 0.554661009375 0.8766817281250001 0.558998753125 0.8763820843750001 0.56539123125 0.8772382203125 0.5695006765625 0.8813476671875 0.57771956875
1 0.9053194281250001 0.5996366109375 0.90788783125 0.5996366109375 0.9096001046875 0.595755465625 0.9113123796875 0.5911894109375 0.9111411468749999 0.5850252421875 0.912853421875 0.5779478671875 0.912853421875 0.5731535140624999 0.9109699156250001 0.5681308625 0.9075453828125 0.5647063234374999 0.9018948953124999 0.5626516015624999 0.8986415781250001 0.563336509375 0.8972717687499999 0.5697289765625 0.8993264906249999 0.5742950296875 0.8993264906249999 0.5784044765624999 0.8991552593750001 0.5822856125 0.900011396875 0.587079965625 0.90309348125 0.5962120734374999 0.9053194281250001 0.5996366109375
1 0.8902514625 0.5784044765624999 0.8863132421875 0.5784044765624999 0.8837448374999999 0.578632775 0.8837448374999999 0.5822856125 0.8837448374999999 0.58822148125 0.8842585187499999 0.5930158343749999 0.88597079375 0.600093209375 0.8899090062499999 0.60739889375 0.8943609078125 0.60922531875 0.9012099812500001 0.60762719375 0.9036071609375 0.6035177484375 0.9042920656250001 0.6007781171875 0.9039496171874999 0.5980384859375001 0.9029222562499999 0.5946139484375 0.9013812140624999 0.59164601875 0.9001826203125001 0.58822148125 0.8977854484375 0.585938459375 0.8988128109375 0.5827422203125 0.9001826203125001 0.578632775 0.8993264906249999 0.5731535140624999 0.8956879140625 0.568587459375 0.8952170453124999 0.5722403078125 0.8938472281250001 0.574751628125 0.8902514625 0.5784044765624999
1 0.8962444062499999 0.568587459375 0.8967580875 0.568587459375 0.8977854484375 0.5669893453125 0.8986415781250001 0.5635648078125 0.90309348125 0.5628799 0.9066892531249999 0.5647063234374999 0.9109699156250001 0.5683591609375 0.912853421875 0.5715554 0.9167916343750001 0.568587459375 0.9183326765625001 0.5658478296875 0.9176477640625 0.5621949921875 0.9152505937500001 0.5594553624999999 0.9116548281249999 0.5564874265624999 0.9070317015624999 0.5562591234375 0.9005250765625 0.5548893078125 0.898984034375 0.5535194921875 0.8950458140625001 0.554661009375 0.8919637296875 0.555060534375 0.8926486421875 0.558998753125 0.8938472281250001 0.5628799 0.8948745890625001 0.5665327375 0.8962444062499999 0.568587459375