0 0.059115215624999995 0.5306149312499999 0.0660221484375 0.530885790625 0.06825674375 0.52628116875 0.0692724703125 0.5222182671875 0.06764730937499999 0.517071925 0.065819003125 0.5100295640625 0.064803278125 0.5046123609375 0.062162392187500005 0.5002786 0.059927796874999995 0.4964865578125 0.055052314062499996 0.4945905375 0.0509894125 0.4945905375 0.0479422375 0.4959448390625 0.04509820625 0.49946601875 0.04509820625 0.5070501015625 0.049364253125 0.514634184375 0.0499736875 0.5184262265624999 0.05302086406249999 0.525197728125 0.059115215624999995 0.5306149312499999
0 0.0414415953125 0.5059666609375 0.0367692578125 0.5105712828125 0.0343315171875 0.5149050453124999 0.0333157921875 0.5173427859374999 0.037378693750000004 0.5219474078124999 0.041238449999999996 0.5246560078125 0.0432699 0.52628116875 0.0442856265625 0.5289897703124999 0.044895060937499995 0.5330526718749999 0.048551671875 0.5365738531249999 0.0505831234375 0.5368447125 0.05302086406249999 0.535761271875 0.0534271546875 0.5349486921875 0.0511925578125 0.52844805 0.050379978125 0.5233017078125 0.049364253125 0.5176136453125 0.04712965625 0.5092169828124999 0.044691915625 0.5056958015624999 0.0434730453125 0.5056958015624999 0.0414415953125 0.5059666609375
0 0.0434730453125 0.566097603125 0.0487548171875 0.5688062046875 0.05281771875 0.5690770640625 0.05383344375 0.56853534375 0.056677475 0.5677227640625 0.0587089265625 0.5677227640625 0.0635844078125 0.5674519046875 0.0688661796875 0.5652850234375 0.0721165015625 0.557700940625 0.0721165015625 0.5522837390625 0.06703787343749999 0.5482208375 0.0587089265625 0.5476791171875 0.0534271546875 0.54876255625 0.0457076421875 0.5503877171875 0.0434730453125 0.5512002984375 0.0410353046875 0.5579718 0.0434730453125 0.566097603125
0 0.0511925578125 0.5850578109375 0.054239734375 0.5853286703125 0.056068040625 0.5853286703125 0.0583026359375 0.584516090625 0.0603340875 0.584516090625 0.065819003125 0.5818074890625 0.069678759375 0.5774737265625001 0.070491340625 0.57286910625 0.0706944859375 0.5690770640625 0.065819003125 0.56718104375 0.0623655375 0.566910184375 0.055255459375 0.5690770640625 0.049364253125 0.570431365625 0.044488770312499995 0.5725982453125 0.0459107859375 0.57991146875 0.0511925578125 0.5850578109375
0 0.034940953125 0.5579718 0.036972403125 0.5582426609375 0.038800709375 0.5582426609375 0.040425868749999996 0.5571592203125 0.041238449999999996 0.554179759375 0.042863610937500005 0.5512002984375 0.0457076421875 0.5495751375 0.0481453828125 0.5495751375 0.0487548171875 0.5476791171875 0.048551671875 0.543887075 0.046113931250000004 0.540095034375 0.04306675625 0.5406367546874999 0.040832159374999996 0.5422619140625 0.0343315171875 0.542532775 0.029456035937500003 0.5446996562499999 0.028643454687499997 0.5493042765625 0.031690631250000004 0.55309631875 0.034940953125 0.5579718
0 0.0434730453125 0.530885790625 0.041644740624999996 0.5303440703125 0.0406290140625 0.5295314906249999 0.03839441875 0.5281771890625 0.0365661125 0.5276354703125 0.0355503875 0.528718909375 0.0345346625 0.5306149312499999 0.0343315171875 0.53332353125 0.0339252265625 0.5371155734374999 0.0318937765625 0.541449334375 0.033112646875 0.542532775 0.035956678125 0.5430744953125 0.03839441875 0.5433453546875 0.044488770312499995 0.539282453125 0.0479422375 0.535761271875 0.0463170765625 0.534406971875 0.044488770312499995 0.53196923125 0.0434730453125 0.530885790625
0 0.069069325 0.5476791171875 0.07191335625 0.5528254593749999 0.072522790625 0.552012878125 0.0737416609375 0.5490334171875 0.07394480625 0.5457830953125 0.073335371875 0.5430744953125 0.0727259359375 0.5395533140625 0.0731322265625 0.5354904125 0.0721165015625 0.532240090625 0.071507065625 0.5306149312499999 0.069678759375 0.52844805 0.0680536 0.527364609375 0.06785045468749999 0.5289897703124999 0.065819003125 0.53115665 0.06338126250000001 0.5314275109375 0.05809949062500001 0.5295314906249999 0.0578963453125 0.5395533140625 0.0613498125 0.5417201953124999 0.05850578125 0.5468665359375 0.062771828125 0.5468665359375 0.06419384375000001 0.547137396875 0.069069325 0.5476791171875
0 0.05180199375 0.5371155734374999 0.04977054375 0.5371155734374999 0.04712965625 0.5365738531249999 0.0469265125 0.5376572937499999 0.0481453828125 0.5411784749999999 0.0499736875 0.5441579359375 0.04977054375 0.54876255625 0.052208284375000004 0.548491696875 0.0554586046875 0.5479499765625 0.05952150625 0.54740825625 0.05952150625 0.5452413765624999 0.0603340875 0.5419910546875 0.059927796874999995 0.5411784749999999 0.0583026359375 0.5395533140625 0.057286910937500005 0.5349486921875 0.057286910937500005 0.5300732109374999 0.05281771875 0.53115665 0.054036589062499994 0.5365738531249999 0.05180199375 0.5371155734374999
0 0.51112555625 0.5220367484375 0.5141013359375 0.5227925015625 0.5150932625 0.521847809375 0.5153766703125 0.51863585625 0.5142430390625 0.515234965625 0.5104170375 0.511834075 0.5101336296875 0.5101336296875 0.5075829609375 0.5063548625000001 0.5048905890625 0.5055991078125001 0.502339921875 0.5059769859375 0.499080734375 0.5080553078125 0.49709688124999996 0.5120230140625 0.4993641421875 0.516557534375 0.5041820703125001 0.5197694875 0.5072995546875 0.5205252406249999 0.50786636875 0.5205252406249999 0.51112555625 0.5220367484375
0 0.49794710468750003 0.5161796578125 0.4966717703125 0.515234965625 0.4941211015625 0.51466815 0.4914287296875 0.5141013359375 0.49100361875000004 0.515046028125 0.49100361875000004 0.5156128421874999 0.49242065625000003 0.5175022265625 0.49525473125 0.5195805484375 0.49879732656250003 0.5235482546875 0.5027650328125 0.5261933921875 0.5094251109375 0.529783221875 0.5115506671875 0.5282717140625001 0.5149515578125 0.5256265765625 0.513676225 0.5243040078125001 0.5104170375 0.5216588703125 0.50829148125 0.52109205625 0.5047488859375 0.5203363015625 0.50319014375 0.5205252406249999 0.5010645874999999 0.517880103125 0.500497771875 0.517691165625 0.49794710468750003 0.5161796578125
0 0.5002143640625001 0.5250597609375001 0.49525473125 0.52128099375 0.4939793984375 0.521847809375 0.4917121375 0.5237371937499999 0.4912870265625 0.5263823296875 0.49298747187499997 0.532617296875 0.49879732656250003 0.5367739406250001 0.5020565140625 0.53469561875 0.50970851875 0.5322394203124999 0.511975778125 0.5290274671875 0.5095668140625 0.529783221875 0.50644933125 0.52921640625 0.5002143640625001 0.5250597609375001
0 0.4912870265625 0.5409305859375 0.4914287296875 0.54527616875 0.493695990625 0.55075538125 0.496955178125 0.552644765625 0.5002143640625001 0.55340051875 0.503756959375 0.553967334375 0.5067327390624999 0.5522668890625 0.5102753328125 0.5503775046875 0.5129677046875 0.547354490625 0.51466815 0.543197846875 0.5150932625 0.5401748328125 0.51395963125 0.5356403109375 0.5116923718749999 0.5331841125000001 0.5098502218750001 0.5329951734375 0.5084331843750001 0.532617296875 0.5020565140625 0.535262434375 0.4992224375 0.536585003125 0.4966717703125 0.5348845578125 0.49426280624999996 0.535262434375 0.4912870265625 0.5409305859375
0 0.48037583437500003 0.529783221875 0.4795256125 0.529972159375 0.4765498328125 0.5341288046875 0.47555790625 0.5367739406250001 0.4754162015625 0.538663325 0.476833240625 0.5416863390625 0.4779668703125 0.5443314765625 0.48009242656250006 0.546787675 0.48235968749999997 0.5496217515625 0.48306820625 0.5541562734375 0.485760578125 0.5564235328125 0.4902951 0.555289903125 0.493129175 0.5520779499999999 0.493129175 0.551322196875 0.49341258281249994 0.5499996281249999 0.4914287296875 0.5464097984375 0.4912870265625 0.5414974015625 0.48774443125 0.5384743875 0.485760578125 0.53337305 0.4839184296875 0.5307279140625 0.4825013921875 0.529783221875 0.48037583437500003 0.529783221875
0 0.4941211015625 0.5350734953125 0.493129175 0.5329951734375 0.4914287296875 0.5277048984375 0.491570434375 0.523170378125 0.4914287296875 0.5222256859375001 0.49100361875000004 0.521847809375 0.4894448765625 0.5205252406249999 0.487602728125 0.5209031171875 0.48547717031250004 0.5214699328125 0.4832099109375 0.5229814390625 0.48122605781249994 0.5250597609375001 0.47995072343749995 0.5282717140625001 0.48009242656250006 0.5282717140625001 0.48264309531249994 0.52921640625 0.48406013281250004 0.5303500359375 0.48646909687499995 0.5337509265625 0.487602728125 0.5360181875000001 0.4885946546875 0.5380965093750001 0.49057850781249995 0.5401748328125 0.49341258281249994 0.5369628796875 0.49440450937499997 0.5356403109375 0.4941211015625 0.5350734953125
0 0.8746249031250001 0.5209401609375 0.8712325968749999 0.5209401609375 0.8679877828125001 0.5225134046875 0.8666603593750001 0.5260532015625 0.86680785 0.5333294515625 0.8665128671875 0.53804918125 0.86607039375 0.5457187421875 0.8694626984375 0.5516184046875 0.8728550046875 0.554174925 0.8774272421875 0.5535849578125001 0.8809670390625 0.550438471875 0.8824419546875 0.5459153984375 0.8824419546875 0.5413923234375 0.8812620234375 0.5354926609375 0.8824419546875 0.53214951875 0.8827369375 0.52801975625 0.8789021578125 0.5219234390625 0.8746249031250001 0.5209401609375
0 0.8828844296874999 0.5476852953125 0.8850968031249999 0.5494551953125 0.88701419375 0.550241815625 0.8876041593749999 0.548865228125 0.88745666875 0.544735465625 0.8884891093749999 0.538835803125 0.8904064984375 0.53667259375 0.8918814140625001 0.5360826265624999 0.8932088390624999 0.530182965625 0.8932088390624999 0.5254632359375 0.8917339234374999 0.522906715625 0.8884891093749999 0.522710059375 0.884211853125 0.5246766140625 0.8831794125 0.5272331343750001 0.883031921875 0.530182965625 0.8819994812499999 0.5352960062500001 0.8825894468750001 0.53667259375 0.883031921875 0.54394884375 0.8828844296874999 0.5476852953125
0 0.8976050171875001 0.5504592296874999 0.8984340218750001 0.5510119 0.8991593999999999 0.549906559375 0.8991593999999999 0.5475577125 0.8991593999999999 0.542445515625 0.8993666515625 0.53733331875 0.8991593999999999 0.5334646296875001 0.89801951875 0.5294577734375 0.8967760109375 0.5280760984375 0.8945998734374999 0.528214265625 0.8934599921874999 0.529872275 0.8924237359375 0.535398975 0.8913874796875 0.53664248125 0.8934599921874999 0.539820334375 0.8956361296875001 0.5439653578125 0.8968796375 0.5478340484374999 0.8976050171875001 0.5504592296874999
0 0.88744970625 0.5457615359375 0.8879678343749999 0.5489393875 0.8866207015625 0.5510119 0.8883823375000001 0.55225540625 0.8907657265625 0.55432791875 0.895325253125 0.55432791875 0.8955325046875 0.5551569234375 0.894185371875 0.5565385984375 0.8924237359375 0.557367603125 0.8955325046875 0.556814934375 0.8972941390625 0.554051584375 0.8971905140624999 0.5514264015625 0.8967760109375 0.549630225 0.89584338125 0.5463142046875 0.8945998734374999 0.542445515625 0.8914911062499999 0.53802415625 0.8884859625000001 0.539129496875 0.8881750859374999 0.5407875062499999 0.88744970625 0.5457615359375
0 0.903304425 0.5626179671875 0.905895065625 0.5660721546875 0.9098328375 0.5673156625 0.9125271046875 0.5644141453125 0.9125271046875 0.562203465625 0.9136669859375001 0.561512628125 0.9157394984374999 0.5602691203125 0.91719025625 0.5581966078125 0.91719025625 0.5562622640625 0.916154 0.5530844109374999 0.9142887390625001 0.549906559375 0.9127343546875 0.5476958796875 0.9111799703125 0.5478340484374999 0.9077603265624999 0.5503210625 0.9059986906249999 0.5525317421875 0.9046515578125 0.5541897515625 0.9030971734375 0.558058440625 0.903304425 0.5626179671875
0 0.9023717937500001 0.53871499375 0.9007137843749999 0.540373003125 0.89998840625 0.542445515625 0.9005065328124999 0.546866875 0.9024754203124999 0.5504592296874999 0.9038225531249999 0.5541897515625 0.9047551828125 0.5539134171875 0.9083820796875001 0.5493538890624999 0.909211084375 0.5446561953125 0.909211084375 0.5389913296875 0.907553075 0.5392676640625 0.9062059421875001 0.5395439984375 0.9023717937500001 0.53871499375