1 0.10400482656250001 0.5002608140625 0.10690667812500002 0.4946329875 0.10769809062499999 0.4883016859375 0.1050600515625 0.481618640625 0.1018944015625 0.47493560468749996 0.09872875 0.469307778125 0.0921336359375 0.46965952031249997 0.0871213578125 0.47599082187499997 0.08764897031249999 0.48232212499999993 0.0918698359375 0.4890051609375 0.0960907 0.49006037812500003 0.09899255 0.4981503796875 0.10083917656250001 0.50131603125 0.10400482656250001 0.5002608140625
1 0.0831642953125 0.49111559531250004 0.0868575578125 0.499205596875 0.089231796875 0.507647334375 0.0923974484375 0.5118682015625 0.097145925 0.5118682015625 0.09899255 0.5097577671875 0.100575375 0.5058886328125001 0.09925635000000001 0.49990907343749996 0.09820113750000001 0.49779863906250005 0.0925293421875 0.4892689640625 0.089759396875 0.48337734218749995 0.0858023328125 0.480563425 0.0844833203125 0.485839509375 0.0831642953125 0.49111559531250004
1 0.11640363125 0.4946329875 0.11640363125 0.49322602812499994 0.1100723296875 0.49111559531250004 0.10743429062500001 0.4935777703125 0.10400482656250001 0.50131603125 0.1018944015625 0.5048334156250001 0.100575375 0.5132751515625 0.10479623906249999 0.5185512375 0.109280915625 0.5160890703125001 0.1135017796875 0.5094060265625 0.11719504375 0.5055369 0.11877786875 0.4985021140625 0.11640363125 0.4946329875
1 0.11271036718750001 0.528751675 0.1208883078125 0.52593775625 0.1225239859375 0.5235115718750001 0.11755447968749999 0.51802798125 0.123038071875 0.51734253125 0.1262939515625 0.5136868031249999 0.1283502984375 0.5091171453125 0.12774721093750002 0.503426465625 0.126164384375 0.49955733125 0.1214159078125 0.49955733125 0.11904167031249999 0.5006125484374999 0.1170403921875 0.50409051875 0.1170403921875 0.5059183859374999 0.11207089374999998 0.5114019765625 0.10848950312500001 0.5167925453125 0.10743429062500001 0.5192547203125 0.10743429062500001 0.52523428125 0.11271036718750001 0.528751675
1 0.511386209375 0.505840765625 0.5169660953124999 0.5017075171875 0.5177927421875 0.4956454234375 0.5175860828125 0.4871033734375 0.51469280625 0.4837967734375 0.5091129203125 0.4769080234375 0.503533034375 0.4722236765625 0.4944398921875 0.46588603125 0.4832801203125 0.464508278125 0.47666692031249996 0.471121475 0.4760469328125 0.47993907656249996 0.480180184375 0.4915121734375 0.4878266921875 0.4953698765625 0.493406578125 0.4953698765625 0.4956798671875 0.500329775 0.501259753125 0.504463025 0.511386209375 0.505840765625
1 0.4580673 0.4733258796875 0.4545540359375 0.471121475 0.44918081875000004 0.471121475 0.44546089375 0.476081375 0.4427742765625 0.48545007343749996 0.4411209828125 0.49399212343750004 0.439674340625 0.504187465625 0.4411209828125 0.5105251187500001 0.44546089375 0.5138317171875 0.450007465625 0.5132806140625 0.4547607046875 0.512729521875 0.456827325 0.5077696234375 0.457860640625 0.5025341671875 0.45889394687499996 0.49509431875 0.45982392812499995 0.49261436875 0.460753909375 0.484347871875 0.460753909375 0.47938797343750006 0.4580673 0.4733258796875
1 0.469847059375 0.520444915625 0.4743936296875 0.5163116671875 0.47542694531249996 0.5061163234375 0.4746002984375 0.49950312500000005 0.4731536546875 0.4923388234375 0.47480695781250004 0.4871033734375 0.4762535921875 0.48324567656250006 0.47542694531249996 0.4802146234375 0.4731536546875 0.479112428125 0.4665404640625 0.48324567656250006 0.46406051406250004 0.48682782031249994 0.46302719843749995 0.4893077703125 0.4624072109375 0.4970231765625 0.46013392187499996 0.504463025 0.460753909375 0.5124539640625 0.4648871609375 0.5193427203125001 0.469847059375 0.520444915625
1 0.47212034999999997 0.5218226687499999 0.4750136171875 0.5267825687500001 0.48348678125 0.5276092171875 0.49071996875 0.5284358671875 0.493406578125 0.5295380625 0.4954731984375 0.531742465625 0.5004330968749999 0.5331202078125 0.5027063875 0.5314669078125001 0.5051863359375 0.529813609375 0.5070462984375 0.5237515140625 0.5078729453124999 0.5190671609375 0.5066329703125 0.5132806140625 0.503533034375 0.5077696234375 0.494233225 0.5030852703125 0.4882400203125 0.49977867187499997 0.48121349062499996 0.4956454234375 0.4756336046875 0.4956454234375 0.4743936296875 0.496472071875 0.4743936296875 0.49922756718750005 0.47542694531249996 0.5061163234375 0.47480695781250004 0.5124539640625 0.47253366874999997 0.519618265625 0.47212034999999997 0.5218226687499999
1 0.9038070453125 0.49986482656250003 0.90748919375 0.5024263203125 0.9116516171875 0.5041339812500001 0.9142131156250001 0.5032801484375 0.9175750765625 0.5009321140624999 0.9186957265625001 0.4960225859375 0.9186957265625001 0.48620352499999997 0.9154938578125 0.478305584375 0.9114915265624999 0.469553815625 0.90828965625 0.4646442859375 0.9039671359374999 0.4633635390625 0.8977234953125001 0.46528465937499996 0.8935610687500001 0.472115309375 0.8946817234375001 0.47809212968750003 0.8993244328125 0.48470931874999995 0.90348685625 0.4863102515625 0.90268639375 0.4896188515625 0.9023662046875 0.49495529375 0.9038070453125 0.49986482656250003
1 0.894361534375 0.4770248375 0.8937211640625 0.47339605625000003 0.8937211640625 0.47040764843750005 0.8930807890624999 0.4701941890625 0.8889183624999999 0.471048021875 0.8847559328125 0.47489026250000005 0.8834751875 0.48065362343749995 0.8829949078125001 0.4855631515625 0.8845958421875 0.49047267968749997 0.8868371484375001 0.49538221250000003 0.887317428125 0.49986482656250003 0.8885981734374999 0.5075493078125 0.89292069375 0.50968388125 0.8985239640625 0.5088300546875 0.901245553125 0.505841640625 0.9036469546875001 0.501785946875 0.9031666734374999 0.4968764140625 0.901885925 0.490045765625 0.8994845249999999 0.48769773125000004 0.9007252453125 0.4853496921875 0.89900424375 0.4851362375 0.896762934375 0.480867078125 0.894361534375 0.4770248375
1 0.898844153125 0.5261201359375 0.90348685625 0.5291085484375 0.9087699359375 0.528895084375 0.9138929265625 0.5254797625000001 0.9162943265625 0.52142406875 0.9169346984375 0.514593415625 0.9156539562500001 0.5103242546875 0.9111713375000001 0.5047743546875 0.9086098453125 0.5019994015625 0.9050877937499999 0.5015724875 0.9031666734374999 0.5037070671875 0.899644615625 0.5077627609375 0.8974033125 0.50968388125 0.8964427531249999 0.5135261234375 0.8962826546875 0.520356775 0.898844153125 0.5261201359375
1 0.9150135781250001 0.5271874296875 0.9150135781250001 0.5312431234375 0.9161342359375 0.5365795656250001 0.91885581875 0.539567978125 0.9225379671875 0.54042180625 0.9255797390625 0.539994896875 0.9299022593749999 0.53615265625 0.9321435687499999 0.5329507890625 0.932783940625 0.5297489234375 0.9343848781249999 0.5244124703125 0.93582571875 0.521210603125 0.93502525 0.5180087359375001 0.9300623578125 0.512031921875 0.9268604874999999 0.507976221875 0.9230182484375 0.5041339812500001 0.9172548875000001 0.501785946875 0.9153337671875 0.5045608953125 0.9123720375 0.50520126875 0.9177351671875 0.5137395875 0.9175750765625 0.5167279890625001 0.9156539562500001 0.5237720968749999 0.9150135781250001 0.5271874296875