3 0.5456467015625 0.13189630624999998 0.5459635703125 0.1342728171875 0.55451900625 0.1390258359375 0.5627575734375 0.1380752328125 0.57321421875 0.13213395781249998 0.578600975 0.12262791718749999 0.57828410625 0.12025140781250002 0.5754322937499999 0.11858785000000001 0.576699765625 0.11597368906250001 0.576699765625 0.11074536718750001 0.5728973500000001 0.1040911390625 0.5668768578125001 0.09696160937500001 0.55958889375 0.0945850984375 0.55166719375 0.0938721453125 0.547547909375 0.10123932656250001 0.547547909375 0.1086065078125 0.545012965625 0.11407248125 0.547864778125 0.120726709375 0.547864778125 0.1264303328125 0.5456467015625 0.13189630624999998
3 0.53328885 0.1076559046875 0.5405768140625 0.1069429515625 0.5462804375 0.10551704531249999 0.542161153125 0.103140534375 0.5323382453125001 0.0995757703125 0.5234659421875001 0.0952980515625 0.518712921875 0.09339684375 0.513326165625 0.092683890625 0.5098406171875001 0.092683890625 0.50920688125 0.0995757703125 0.513326165625 0.10290288437499999 0.5221984703125 0.10337818593749999 0.52505028125 0.1071806015625 0.53328885 0.1076559046875
3 0.5019189171875 0.0824648984375 0.492096009375 0.0824648984375 0.48258996875 0.0857920125 0.47403453281249996 0.0957733546875 0.468330909375 0.1069429515625 0.470865853125 0.11858785000000001 0.4768863453125 0.13213395781249998 0.4860755171875 0.13498576874999998 0.49589842500000003 0.1337975140625 0.5003345765625 0.1307080515625 0.5044538609375 0.12595503125000002 0.502869521875 0.12001375624999999 0.5057213328125 0.11122066875 0.5035032578124999 0.1090818109375 0.5057213328125 0.10195227968750001 0.5088900140625 0.094109796875 0.5073056734375 0.086504965625 0.5019189171875 0.0824648984375
3 0.4448826765625 0.147343621875 0.44710075312499997 0.162077984375 0.4581911328125 0.16873221249999998 0.4648453609375 0.168019259375 0.473717665625 0.16445449375 0.478787553125 0.1611273796875 0.48227310156250003 0.15399785 0.48354057343749995 0.1485318765625 0.48227310156250003 0.1433035546875 0.48354057343749995 0.136886978125 0.484174309375 0.13451046718749998 0.48195623281250005 0.1342728171875 0.4772032125 0.13047040000000001 0.473717665625 0.12476677656249999 0.4686477765625 0.11335952812500001 0.45945860468750005 0.1188255015625 0.4518537734375 0.1307080515625 0.4448826765625 0.147343621875
3 0.48354057343749995 0.14686831875 0.4829068375 0.1537601984375 0.49146227343750004 0.1575626140625 0.49558155781249996 0.1611273796875 0.49843336875000005 0.16326623906249998 0.502552653125 0.1604144265625 0.5101574859375 0.1575626140625 0.5158611093750001 0.1542355 0.5171285812499999 0.14948248125000002 0.5158611093750001 0.1454424140625 0.5126924296875 0.14354120625 0.5082562765625 0.1425906015625 0.5003345765625 0.1425906015625 0.494947821875 0.138550534375 0.4873429890625 0.13973878906249998 0.48195623281250005 0.142828253125 0.48354057343749995 0.14686831875
3 0.4901948015625 0.17942650625 0.499700840625 0.1808524125 0.5069888046875 0.17942650625 0.5126924296875 0.178475903125 0.531704509375 0.1780006015625 0.5326551140625 0.17776295 0.5443792296875001 0.172772278125 0.5481816453125 0.1706334203125 0.545329834375 0.16635570156249999 0.5456467015625 0.16160268125 0.545012965625 0.157800265625 0.5431117578125 0.15542375625 0.5351900578125 0.1506707359375 0.5282189609375 0.1499577828125 0.5193466578125 0.1509083859375 0.5130092984375 0.154948453125 0.5054044656250001 0.1587508703125 0.5035032578124999 0.15993912500000002 0.5003345765625 0.1625532859375 0.4952646890625 0.1625532859375 0.48797672499999994 0.156374359375 0.484174309375 0.1625532859375 0.4829068375 0.16873221249999998 0.48512491406249997 0.1746734875 0.4901948015625 0.17942650625
3 0.5173376484375 0.14397604375 0.5205913437499999 0.14397604375 0.525176096875 0.14475249375000002 0.5383387765625 0.13732075625 0.5451419578125 0.1295562546875 0.5460293296875001 0.1246757109375 0.5469167015624999 0.1206825390625 0.5445503765625 0.1144709375 0.5383387765625 0.10892486562499999 0.531239803125 0.110477765625 0.5265071546875 0.10959039374999999 0.5253239921875 0.105375378125 0.5170418578125 0.10315695 0.5158586953125 0.10315695 0.5075765609375 0.1067064359375 0.5046186546875 0.11136513750000002 0.5037312828125 0.118464109375 0.5043228640625 0.12401018281250001 0.508168140625 0.128447040625 0.512309209375 0.133327584375 0.5143797421875 0.13909549999999998 0.5173376484375 0.14397604375
3 0.5532204625 0.5377970390625 0.556001734375 0.5345732921875 0.556254578125 0.5286946921875 0.5537261484375 0.52414351875 0.547657915625 0.5222471953125 0.5388084109375 0.519971609375 0.5319816515625 0.5190234484375 0.527177634375 0.51826491875 0.5211094015625 0.5161789640625 0.5127655843750001 0.51598933125 0.5029047078125 0.5205405062499999 0.5001234343750001 0.5262294734374999 0.5036632359375 0.5304013828125 0.5120070546875 0.533245865625 0.5203508734375 0.5377970390625 0.5286946921875 0.5387452015624999 0.539819784375 0.5406415234375 0.5494278171875 0.5391244656249999 0.5532204625 0.5377970390625
3 0.5170639140625 0.5537261484375 0.5195923453125 0.55751879375 0.5289475359375 0.5567602640625 0.5294532203125 0.5556224703125 0.52995890625 0.5520194578125001 0.5309702796875 0.545003065625 0.5350157671875 0.5410207875 0.5327401796875 0.540262259375 0.5233849890625 0.5389348328125 0.5198451875 0.5432963749999999 0.5180752859375 0.5453823296875 0.5168110718750001 0.549174975 0.5170639140625 0.5537261484375
3 0.535521453125 0.5599840125 0.5431067421875 0.564345553125 0.5456351734375 0.5668107734375 0.54487664375 0.5706034171875001 0.5441181140625 0.572499740625 0.5514505609375 0.5704137859375 0.552209090625 0.5645351859375001 0.5547375203125 0.55296761875 0.5547375203125 0.5465201234375 0.5544846765625 0.54083115625 0.5534733046875 0.5379866718749999 0.54664654375 0.54083115625 0.538302725 0.5412104203125 0.5347629234375 0.540451890625 0.5317288078125 0.5465201234375 0.5307174359375 0.5514505609375 0.5317288078125 0.555812103125 0.535521453125 0.5599840125
3 0.5150411703125 0.53495255625 0.5099843109375 0.5326769687499999 0.5029047078125 0.5309702796875 0.4910210859375 0.5328666015625 0.4841943265625 0.535521453125 0.47913746562500004 0.5372281437499999 0.48318295468750005 0.5395037296875 0.48798697031250005 0.5482268125 0.4922853015625 0.5527779875000001 0.49885921875 0.5556224703125 0.5094786250000001 0.5561913671875 0.512512740625 0.5544846765625 0.5170639140625 0.5470890203125001 0.519086659375 0.5417793171875 0.5175696000000001 0.5379866718749999 0.5150411703125 0.53495255625
3 0.48214498125 0.5403403375 0.47661760624999994 0.5365501390625 0.47377495625000005 0.5361948078125 0.4674579578125 0.5358394765625001 0.46556285781250006 0.53951123125 0.46493115781250005 0.54389365 0.4622464328125 0.5486314 0.4638256828125 0.55206626875 0.46715892812500004 0.5551008296875 0.47423853125 0.561548325 0.48182382031250004 0.5643928093749999 0.48915626718749994 0.5606001640625 0.49573018593749996 0.5579453125 0.49977567343749996 0.5558593578125001 0.4894095296875 0.55111871875 0.48498763125 0.5450780875000001 0.48214498125 0.5403403375
3 0.44544459375 0.5494690078125 0.4412521734375 0.556412703125 0.4414268578125 0.5621772796875 0.4436977515625 0.5641424765624999 0.4470167515625 0.567024765625 0.44823954062500004 0.5713481984375 0.45033575 0.5824843125 0.45749779999999995 0.589690034375 0.46378642968749995 0.5912621921875 0.470424428125 0.5913932046875 0.4742674796875 0.5902140859375 0.4796826875 0.5877248374999999 0.48195358125 0.5841874828125 0.482827003125 0.5793399984375001 0.48038142500000003 0.5735754203125001 0.477062425 0.567286790625 0.471996584375 0.5604741093750001 0.4618649046875 0.549993059375 0.45679906406250004 0.5475038109375 0.449811696875 0.5472417843749999 0.44544459375 0.5494690078125
3 0.48370042343749997 0.5709551578125 0.48544726562499996 0.575016565625 0.4882422109375 0.5780298671875 0.49400678906250006 0.580519115625 0.514794203125 0.5813051953125 0.5214322 0.5819602609375 0.533834775 0.579208984375 0.5404727734375 0.5761956828125 0.544490509375 0.571217184375 0.54466519375 0.5675488171875 0.5423943 0.5634874109375 0.529817040625 0.5585089125 0.5186372546875 0.5568057421875 0.5116498875 0.557853846875 0.497500471875 0.557722834375 0.48771815937499996 0.561915253125 0.4838751078125 0.56505956875 0.48370042343749997 0.5709551578125
3 0.521544090625 0.8903468171875 0.5265387984375 0.8931261312500001 0.53298358125 0.893730328125 0.5374949296875 0.8925219312499999 0.543617475 0.8896217796875 0.5445841921875 0.8834589562499999 0.54265075625 0.8783836890625001 0.5410395609374999 0.8766919328125 0.5424896375 0.8737917812499999 0.5415229203124999 0.870529109375 0.5403950828124999 0.8676289562499999 0.53636709375 0.8646079640625001 0.5313723859375 0.8636412468750001 0.5268610375 0.8643662843750001 0.5226719281250001 0.8671455968749999 0.5213829718749999 0.871979184375 0.5223496890625 0.8782628484374999 0.522510809375 0.8803171234375 0.5218663296875 0.88587575 0.521544090625 0.8903468171875
3 0.5121991546875 0.8694415515625 0.5041431765625 0.8817672 0.5047876546875 0.8890175812500001 0.5078489265624999 0.8927636109374999 0.5120380359375 0.8948178859375 0.5147770687500001 0.8930052906249999 0.516710503125 0.8893801 0.5202551343749999 0.8861174281249999 0.5221885703125 0.8832172765624999 0.5218663296875 0.8785045281249999 0.5204162546875 0.8774169703125001 0.5199328953125 0.8747584984375001 0.51735498125 0.8713749875 0.51735498125 0.8689581937499999 0.5221885703125 0.8635204062499999 0.5186439390625 0.8637620859374999 0.516066025 0.866420559375 0.5121991546875 0.8694415515625