3 0.5656242609375 0.0875886875 0.5718848953125 0.0890334484375 0.57766394375 0.09390952031250001 0.5793494984375 0.09390952031250001 0.5795902921875 0.0884916625 0.5783863234375 0.0837961875 0.569476959375 0.0776559484375 0.5636979109375 0.0776559484375 0.5576780703125 0.0787395203125 0.5506950546875 0.0787395203125 0.5446752140625 0.07801713906249999 0.5381737859375 0.072779878125 0.5328763249999999 0.0691679734375 0.528301246875 0.0686261875 0.5239669609375001 0.0715157109375 0.5184287078125001 0.075127615625 0.519632675 0.0791007109375 0.527819659375 0.081267853125 0.5345618812499999 0.085060353125 0.5446752140625 0.09156178125 0.555029340625 0.092645353125 0.5571964828125 0.0893946390625 0.5656242609375 0.0875886875
3 0.5759783875 0.1116078515625 0.582239021875 0.113233209375 0.5851285453124999 0.1173869 0.58849965625 0.119373446875 0.5942787046875 0.11973463749999999 0.5988537828125 0.1191928515625 0.6012617203125 0.11576154218750001 0.6002985453125 0.10745416249999999 0.5969274343750001 0.1027586859375 0.5897036250000001 0.0993273765625 0.5815166406250001 0.0978826140625 0.57670076875 0.093367734375 0.5706809265625 0.0884916625 0.5624939437500001 0.08776928125 0.5593636265625 0.08885285312499999 0.5569556890625 0.089575234375 0.554788546875 0.094993090625 0.5636979109375 0.0993273765625 0.5699585468749999 0.1058288046875 0.5706809265625 0.1096213046875 0.5759783875 0.1116078515625
3 0.5699585468749999 0.1072735671875 0.5668282296875 0.10221690000000001 0.5535845796875 0.0951736859375 0.5466015640624999 0.09300654375 0.5439528328125001 0.09318713906250001 0.5437120390625 0.0982438046875 0.541544896875 0.102578090625 0.5372106109375 0.1079959484375 0.5376921984374999 0.11287201875 0.541544896875 0.11756749531249999 0.5523806109375 0.12298535156249998 0.5579188640625 0.12099880468749999 0.5653834671875 0.11792868593750001 0.5680321968750001 0.11269142343750001 0.5699585468749999 0.1072735671875
3 0.56153076875 0.1298479703125 0.5709217203125 0.1291255890625 0.5803126734374999 0.13183451875000002 0.583924578125 0.13418225625 0.5882588625 0.1320151125 0.5911483859375 0.13020916093749998 0.5892220375 0.1275002328125 0.5870548953125 0.1237077328125 0.5858509265625 0.1173869 0.5810350546875 0.1144973765625 0.5735704515625 0.11142725625000001 0.569476959375 0.110885471875 0.5658650546875 0.11702570937500001 0.563216325 0.120095828125 0.5586412453125 0.1247913046875 0.5579188640625 0.1282226140625 0.56153076875 0.1298479703125
3 0.5220406125 0.1309315421875 0.527578865625 0.13183451875000002 0.5302275953125 0.12894499375 0.5388961671875 0.1271390421875 0.5461199765625 0.125513684375 0.55021346875 0.125874875 0.5509358484375 0.12262416093749999 0.54732394375 0.1213599953125 0.5391369609375001 0.1172063046875 0.5376921984374999 0.11052428125 0.5379329921875 0.1054676140625 0.539859340625 0.1027586859375 0.53408029375 0.1027586859375 0.527338071875 0.1072735671875 0.5186695015625 0.1112466625 0.5162615640625 0.1168451140625 0.5186695015625 0.126958446875 0.5220406125 0.1309315421875
3 0.5205958500000001 0.08108725781250001 0.5162615640625 0.0841573765625 0.513853628125 0.08686630625 0.50807458125 0.09029761562500001 0.502054740625 0.093367734375 0.499165215625 0.099507971875 0.5102417234375001 0.10655118593749999 0.5220406125 0.1079959484375 0.527338071875 0.104925828125 0.5333579125 0.1020363046875 0.5376921984374999 0.096437853125 0.5396185484375 0.092645353125 0.5388961671875 0.08776928125 0.53359870625 0.0841573765625 0.528542040625 0.082351425 0.5205958500000001 0.08108725781250001
3 0.4823096609375 0.09553487656250001 0.47532664531249996 0.098063209375 0.46593569375 0.10763475781250001 0.46545410625 0.115580946875 0.46786204375 0.12081820937500001 0.4707515671875 0.1312927328125 0.4762898203125 0.139961303125 0.485921565625 0.1439343984375 0.4897742640625 0.143753803125 0.4969980734375 0.14212844687499998 0.502054740625 0.13490463749999998 0.5073521999999999 0.1294867796875 0.5071114062500001 0.11973463749999999 0.5039810890624999 0.113233209375 0.5027771203125 0.1038422578125 0.495071725 0.098063209375 0.486884740625 0.0946319 0.4823096609375 0.09553487656250001
3 0.5291599296875 0.1302651359375 0.526615690625 0.1383236984375 0.5287828343750001 0.1451863171875 0.5369698171875 0.1504235796875 0.554547753125 0.154396675 0.569236165625 0.154396675 0.5810350546875 0.1511459609375 0.5846469578125 0.147895246875 0.5865733078125 0.14374155625 0.5865733078125 0.138143103125 0.582479815625 0.13290584218749998 0.57573759375 0.129655128125 0.5651426734375 0.1301969140625 0.5583434328125 0.1331577734375 0.5555150765625 0.130940084375 0.5494910875000001 0.12730739062500002 0.5441936265625 0.1255014375 0.5375164390625 0.1261190203125 0.5291599296875 0.1302651359375
3 0.515401034375 0.4971694390625 0.5188834734375 0.492560328125 0.5178592265625 0.4893339515625 0.5137622390625001 0.48549302499999997 0.5096652515625 0.482573921875 0.5065925109375 0.4814984625 0.5033149203125 0.48134482500000003 0.49860338593750003 0.4807302765625 0.49450639843750005 0.47950118125 0.4893851640625 0.47919390625 0.48549302499999997 0.4811911875 0.48856576562500004 0.48702939531249995 0.4932773015625 0.4913312328125 0.49983248125 0.494711246875 0.5078216078125 0.496708528125 0.515401034375 0.4971694390625
3 0.518473775 0.513454965625 0.5129428421875 0.50792403125 0.5037246203125 0.506234025 0.49819368593749996 0.5060803875000001 0.4902045609375 0.51007495 0.4828299828125 0.515452246875 0.474226309375 0.5208295421875 0.46726142968750006 0.52482410625 0.46295959375000006 0.5303550390625 0.4676711296875 0.5395732609375 0.47381661093750005 0.5414169046875 0.47525055624999996 0.5406487203125 0.4789378453125 0.5383441640625 0.484263928125 0.534656875 0.49061425937500003 0.5352714234375 0.49245790468750006 0.5361932453125 0.5037246203125 0.53296686875 0.5147864859375 0.52482410625 0.5197028703125001 0.5197540828125 0.518473775 0.513454965625
3 0.490819109375 0.56138971875 0.48836091562500006 0.5563196968749999 0.48999971093749994 0.5527860453125 0.49655489062499997 0.54909875625 0.5014712765625 0.5471014750000001 0.4975791390625 0.5403414453125001 0.4953257953125 0.5377296171875 0.49061425937500003 0.5354250609375 0.48569787499999995 0.5352714234375 0.4820105859375 0.5361932453125 0.472177815625 0.5435678234375 0.4633692921875 0.550174215625 0.4615256484375 0.5560124234375 0.463983840625 0.5610824453125 0.472177815625 0.5669206531250001 0.47791359843750003 0.5684570234375 0.48651727187500005 0.5676888375 0.494711246875 0.5659988312500001 0.493687 0.564769734375 0.490819109375 0.56138971875
3 0.5434653984375 0.5441823718750001 0.5430557 0.5394196234375 0.5403926578125 0.534042328125 0.5365005203125001 0.52866503125 0.5332229296875 0.5268213875 0.529535640625 0.5265141125 0.5240047078125001 0.5252850171875 0.517449528125 0.5226731874999999 0.5145816359375 0.5260532015625 0.5115088953125 0.5291259421875 0.5145816359375 0.5394196234375 0.5211368171874999 0.54740875 0.5334277796875 0.5487914828125 0.540187809375 0.546179653125 0.5434653984375 0.5441823718750001
3 0.509050703125 0.5464869265625001 0.499013084375 0.548176934375 0.49143365625 0.552171496875 0.48897546406250003 0.55770243125 0.4961451921875 0.56584519375 0.5029052218750001 0.5676888375 0.5139670890625 0.5672279265625 0.5229804609375 0.568610659375 0.5365005203125001 0.567842475 0.5432605500000001 0.5626188156249999 0.5434653984375 0.5580097046875 0.5424411515625 0.554629690625 0.5389587125 0.5515569499999999 0.529535640625 0.5489451203125 0.52052226875 0.5478696609375 0.5129428421875 0.5466405640625001 0.51232829375 0.5464869265625001 0.509050703125 0.5464869265625001
3 0.48836091562500006 0.5870471046875 0.4891803140625 0.5901198453125 0.492867603125 0.5910416671875 0.49778398749999997 0.5928853109375 0.5014712765625 0.5934998593749999 0.507002209375 0.5867398296874999 0.51253314375 0.5796725265625 0.51232829375 0.5755243265625001 0.5102798 0.5712224890625001 0.5078216078125 0.5684570234375 0.504953715625 0.567842475 0.5006518796874999 0.5670742890625 0.4971694390625 0.5661524671875 0.493687 0.566767015625 0.48754151874999996 0.5676888375 0.478528146875 0.5684570234375 0.4764796515625 0.570915215625 0.47975724218750004 0.5741415937500001 0.48631242343750003 0.581055259375 0.48836091562500006 0.5870471046875
3 0.447391040625 0.5561660609375 0.44145040937499996 0.560467896875 0.4406310109375 0.568917934375 0.44493284843750003 0.5747561421875 0.453536521875 0.5818234453125 0.4623450453125 0.5847425484375 0.4715632671875 0.5901198453125 0.4828299828125 0.5930389484374999 0.486722121875 0.5922707625 0.48815606718750004 0.5899662078125 0.48754151874999996 0.58643255625 0.48590272343749996 0.5816698078125 0.47975724218750004 0.574909778125 0.46705658124999994 0.5635406374999999 0.45886260625 0.5567806078124999 0.4559947140625 0.5555515125 0.45271712500000005 0.5549369640624999 0.447391040625 0.5561660609375
3 0.5668095 0.8792829093750001 0.5668095 0.8739976984375 0.5637558234375 0.865012840625 0.5590578578125001 0.8588467609375 0.5548296890625 0.8562041562499999 0.55083641875 0.8553232875000001 0.5437894703125 0.8576135453125 0.5397962 0.8613131921875 0.540265996875 0.8687124875000001 0.5440243687499999 0.8780496937500001 0.5503666218750001 0.888620115625 0.55412499375 0.8900295046875 0.56422561875 0.8833349046875 0.5668095 0.8792829093750001
3 0.53885660625 0.86783161875 0.5397962 0.861665540625 0.535098234375 0.86025615 0.5304002703124999 0.8558518078124999 0.528521084375 0.8569088499999999 0.5235882203125 0.8634272765625 0.5231184234375 0.86959335625 0.525937203125 0.8748785671875 0.52875598125 0.8773449984375 0.5379170140625 0.8775211734375 0.5416753859375001 0.8768164781250001 0.5426149796875 0.8748785671875 0.53885660625 0.86783161875
3 0.51701106875 0.8690648359375001 0.509494325 0.8688886625000001 0.50526615625 0.869241009375 0.49915880156250003 0.872588309375 0.49774941093749997 0.878402040625 0.5003332921875 0.8836872515625 0.5045614609375 0.891086546875 0.5104339171875 0.8972526265624999 0.5146620859375 0.897957321875 0.5231184234375 0.8949623687500001 0.5299304734375 0.8961955843749999 0.531809659375 0.8946100203125 0.53392374375 0.8912627203125 0.53392374375 0.8879154203124999 0.527581490625 0.881044646875 0.5245278140625 0.8734691781249999 0.5219439328125001 0.8710027453125001 0.51701106875 0.8690648359375001
3 0.533546578125 0.9372765781249999 0.5374736515625 0.9358039249999999 0.5399727000000001 0.9284406625000001 0.54497079375 0.9150529093750001 0.5433642640625 0.9123753578124999 0.540508209375 0.910099440625 0.537830659375 0.9072880124999999 0.5331895703125 0.900861890625 0.529262496875 0.8963100546874999 0.52676345 0.8956406671874999 0.521943859375 0.8961761765625 0.5124831796875 0.8984520953124999 0.508734609375 0.9019329109375 0.5062355625 0.9059492375 0.506414065625 0.9111704609375 0.5096271265625 0.918533725 0.5173027703125 0.92281780625 0.519980321875 0.9267002546875001 0.5258709328125 0.9341973953125 0.533546578125 0.9372765781249999
3 0.4876712109375 0.9237549484375001 0.48303012343749996 0.9300471921875 0.481245090625 0.93473290625 0.48231611093750004 0.9379459656250001 0.4837441375 0.9406235171875 0.4848151578125 0.945175353125 0.4876712109375 0.9457108625 0.502486990625 0.945041475 0.5094486234375 0.9455769859375 0.51391120625 0.9447737203125 0.516053246875 0.9418284140625 0.51623175 0.933929640625 0.5153392343750001 0.9285745390625 0.5121261734375 0.9242904578125 0.506771071875 0.920675765625 0.502129984375 0.919069234375 0.4967748828125 0.9196047453125 0.4876712109375 0.9237549484375001
3 0.5049860390625 0.9059492375 0.5081990984375 0.90233454375 0.5108766499999999 0.8997908703125 0.50659256875 0.8980504625 0.5023084875 0.8949712796875 0.5005234546875 0.895908421875 0.4982029109375 0.8993892375 0.4942758359375 0.9051459718749999 0.494811346875 0.9080912781249999 0.49302631249999995 0.9127769906250001 0.49516835312499996 0.9167933171874999 0.5007019578125 0.9189353578125001 0.5081990984375 0.920006378125 0.50855610625 0.9166594390625 0.5051645421875001 0.911973725 0.5049860390625 0.9059492375
3 0.4935618234375 0.9076896453125001 0.49302631249999995 0.904476584375 0.49141978125 0.901531278125 0.48303012343749996 0.8977827078124999 0.4778535265625 0.8971133203124999 0.4719629140625 0.8976488296875 0.46839284687499994 0.8992553609374999 0.46535829062499995 0.9034055640625 0.461788221875 0.9094300531249999 0.45786114843750003 0.917061071875 0.45339856406249995 0.925361478125 0.45393407343750003 0.9309843343749999 0.45875366562500003 0.9355361703125 0.4789245453125 0.93741045625 0.48142359375000005 0.9351345375 0.4828516203125 0.9311182125 0.48499366093749996 0.9262986218749999 0.48606468124999996 0.9230855609375 0.4878497140625 0.9192031125 0.4917767890625 0.9165255625000001 0.4935618234375 0.912107603125 0.4935618234375 0.9076896453125001