3 0.5104721296875 0.1199569390625 0.5168748062499999 0.1199569390625 0.5237897125 0.11304182812500001 0.52737520625 0.104590021875 0.5243019265625 0.0976749078125 0.5173870203125001 0.0965223890625 0.5117526546875 0.090567709375 0.501508353125 0.083460509375 0.49382513437500003 0.079810865625 0.48716634374999995 0.07885043281250001 0.478714796875 0.079810865625 0.471799890625 0.088454759375 0.47128767656250004 0.09786699374999999 0.47820258281249994 0.103437503125 0.49158652031249994 0.108619640625 0.500227828125 0.115346865625 0.5076549484374999 0.1199569390625 0.5104721296875 0.1199569390625
3 0.5473515984375 0.1268720515625 0.5514493218750001 0.12495118593750001 0.5524737484375 0.12322241249999999 0.5524737484375 0.11918859531249999 0.5524737484375 0.11515477968750001 0.5481199265625001 0.1093921828125 0.5450466296875 0.1070871453125 0.542229446875 0.1059346265625 0.5381317218749999 0.106510884375 0.5355706546875 0.1070871453125 0.5324973578125001 0.1070871453125 0.5281435359375 0.1059346265625 0.5235335984375 0.113426 0.51919258125 0.1179155578125 0.5222530734374999 0.12072528281249999 0.5304485046875 0.12360658437500001 0.5396683796875 0.12571953593750002 0.5473515984375 0.1268720515625
3 0.485629703125 0.11035261562500001 0.485117490625 0.1086238359375 0.48076365 0.10574254062499999 0.474360975 0.104590021875 0.46795828124999994 0.1051662796875 0.4600189484375 0.10670297343749999 0.4551529109375 0.10977635781249999 0.454128484375 0.11515477968750001 0.45925063593750004 0.11880441718750001 0.46693385468750004 0.11861233125 0.47299468281249996 0.1164366625 0.47820258281249994 0.11457852187499999 0.4853735875 0.1124655671875 0.485629703125 0.11035261562500001
3 0.4715437921875 0.14435191875 0.47384876093750006 0.145504440625 0.4756414984375 0.144736096875 0.48178807656249995 0.1426231453125 0.485629703125 0.1422389671875 0.489983525 0.14300731875 0.49280070781249996 0.1441598328125 0.49459346406250004 0.1449281828125 0.4984350734375 0.1449281828125 0.4984350734375 0.14319940312499999 0.500740040625 0.13551594218750002 0.5020205828125001 0.12821665937499999 0.4971545296875 0.12014902499999999 0.49459346406250004 0.11707564374999999 0.4922884953125 0.1157310375 0.4861419171875 0.113810171875 0.481019765625 0.1140022578125 0.4696143484375 0.11728174531249999 0.46334834375 0.1241828421875 0.46206781875 0.1301375234375 0.4653972140625 0.1382051578125 0.4715437921875 0.14435191875
3 0.5371072953125 0.1551257640625 0.548632140625 0.1551257640625 0.550937109375 0.1537811625 0.5470954828125 0.148786915625 0.5432538734375 0.14071928281249999 0.540436690625 0.1353408578125 0.53659508125 0.1309228703125 0.5281435359375 0.126120709375 0.5196919890625 0.12688905625 0.5135454109375 0.1299624375 0.511023440625 0.1343946875 0.508423259375 0.1387984171875 0.5089354734375 0.146481871875 0.5202042015624999 0.1547415921875 0.5371072953125 0.1551257640625
3 0.472312103125 0.1462897859375 0.468726609375 0.1539732484375 0.47128767656250004 0.1587754078125 0.47487318749999996 0.162425053125 0.48178807656249995 0.1653063484375 0.48434916093749997 0.169340165625 0.4894713125 0.1710689453125 0.49741064531249995 0.17471858906249998 0.50637440625 0.1774077984375 0.5104721296875 0.1772157125 0.514825953125 0.1762552765625 0.5227652859374999 0.17164520156250002 0.5243019265625 0.1658826125 0.5232775000000001 0.16069627343749998 0.5219969578125 0.1583912375 0.5158503796875 0.1539732484375 0.50458165 0.1497473453125 0.49945950000000006 0.146481871875 0.4893329640625 0.1426342515625 0.485117490625 0.1416797125 0.47897089531250003 0.14225597031249998 0.472312103125 0.1462897859375
3 0.43824981875 0.10191781250000001 0.431847125 0.1042228515625 0.426468875 0.10883292656250002 0.4244200046875 0.113250915625 0.4239077921875 0.1190135078125 0.4254444484375 0.12227897812499999 0.431847125 0.1353408578125 0.4415792140625 0.14686605 0.451823515625 0.1493631734375 0.45976285 0.1478264796875 0.46258003125 0.144368921875 0.46386055624999994 0.13995093281249998 0.4607872765625 0.1309228703125 0.457713978125 0.1236235859375 0.44792387187499993 0.10650693124999999 0.44567693750000004 0.10345450468749999 0.441067 0.101533640625 0.43824981875 0.10191781250000001
3 0.5870380625 0.47604380468749996 0.5837086671875 0.4700891234375 0.58012315625 0.46605530625 0.5767937609375 0.46509487343749994 0.571927725 0.46490278749999997 0.567061671875 0.46605530625 0.562451734375 0.4714337265625 0.5683422140625 0.47969344375 0.5789118156249999 0.481301465625 0.586269734375 0.48007761562500006 0.5872941609375 0.47758049218750004 0.5870380625 0.47604380468749996
3 0.5688544265625 0.5094668484375 0.577049859375 0.5094668484375 0.5852453078125001 0.5021675640625001 0.5870380625 0.4987100046875 0.5867819484375 0.494484103125 0.5855014062499999 0.4916028078125 0.5824281250000001 0.49237115156250005 0.571671609375 0.49121863593750004 0.565268915625 0.49832583281250004 0.5621956359375 0.5040884296875 0.5606589953125 0.5063934671875 0.5688544265625 0.5094668484375
3 0.5291825796875 0.8255882781249999 0.5270515062500001 0.8223915703125 0.5225525828124999 0.8211484078125 0.5185272296875 0.8211484078125 0.51639615625 0.8211484078125 0.509529365625 0.8232795453125 0.5047936484375 0.8287849828124999 0.4950854390625 0.8362439609375001 0.4950854390625 0.8438805390624999 0.5000579328125 0.8511619187499999 0.5055040125 0.8520498968749999 0.5104765062500001 0.849563565625 0.5152122218749999 0.8454788859375 0.5193495296874999 0.8407324890625001 0.5265779359375 0.8383751 0.5315504453125001 0.8296729578125 0.5291825796875 0.8255882781249999
3 0.5055040125 0.8550690031249999 0.5055040125 0.8586209 0.504556871875 0.8621727953124999 0.5059775828124999 0.8634159546875001 0.512134009375 0.8618176078124999 0.5234997234375001 0.86359355625 0.531313653125 0.8618176078124999 0.5358125921875 0.8579105234375 0.5358125921875 0.854891409375 0.5355757999999999 0.8527602734374999 0.5341550890625 0.8499187593749999 0.5303665125 0.8463668640625001 0.5265779359375 0.8438805390624999 0.5251572265625 0.84352534375 0.517816865625 0.8438805390624999 0.5133179421875 0.847254834375 0.5078718624999999 0.8502739484375 0.5055040125 0.8524050843750001 0.5055040125 0.8550690031249999
3 0.5007682953125 0.86060588125 0.49934758593749995 0.8574091749999999 0.4984004296875 0.854745253125 0.4967429421875 0.8527917109375001 0.4934279359375 0.8510157640625 0.4898761515625 0.8495950062500001 0.4841932875 0.8504829812500001 0.48040471875 0.85172614375 0.47803686093750003 0.8536796859375 0.47637935625 0.8542124718749999 0.470459715625 0.8549228484375 0.466671146875 0.8579419578125 0.4659607921875 0.8639801828125 0.46761828593750004 0.8673544812499999 0.47164364843750006 0.870906378125 0.4770897203125 0.8721495406249999 0.482062221875 0.871083971875 0.4891382109375 0.86710228125 0.49437507500000005 0.8662889125 0.4984004296875 0.8643353703125 0.5007682953125 0.86060588125
3 0.49555900937499997 0.88866585 0.5040832859375 0.8874226890625 0.5078718624999999 0.8836932 0.5114236453125 0.8820948453125 0.5156857921875 0.8820948453125 0.5175800890625 0.8815620624999999 0.5152122218749999 0.877299790625 0.5107132984375 0.8755238421874999 0.503609715625 0.873747890625 0.49555900937499997 0.870906378125 0.493664728125 0.8707287796875001 0.4891382109375 0.8725715718749999 0.49011292968750003 0.8774773843749999 0.49034972187500003 0.8820948453125 0.4905864984375 0.8851139531250001 0.49555900937499997 0.88866585
3 0.523736515625 0.8783653546875 0.5223157890625 0.8822724390625 0.5166329328125 0.8874226890625 0.51639615625 0.8907969859374999 0.5208950796875 0.8968352062499999 0.5270515062500001 0.8986111546875 0.5365229390625 0.8961248296875001 0.5438633 0.892928121875 0.5481254453125 0.887955471875 0.5519140234375 0.8806740859375 0.5521507999999999 0.8780101671875 0.5514404359375 0.8767670015625001 0.5500197265625 0.8767670015625001 0.5467047359375 0.8778325718750001 0.5438633 0.8778325718750001 0.54054829375 0.8769445953125 0.5386540125 0.8753462484375 0.5355757999999999 0.873747890625 0.534628659375 0.8725047281249999 0.5291825796875 0.8732151078125 0.5272883 0.8741030828125 0.523736515625 0.8783653546875
3 0.5523875921875 0.8760409046875001 0.5549922359374999 0.874975334375 0.559727953125 0.868581925 0.565410809375 0.860057378125 0.5684890234375 0.8566830765625 0.5708568734374999 0.853486371875 0.5725143765625 0.8508224500000001 0.572277584375 0.84815853125 0.5701465265625 0.8463825828125 0.5677786593749999 0.8463825828125 0.5649372390625 0.8476257453124999 0.5599647296875 0.84940169375 0.553571509375 0.84975688125 0.545520803125 0.8529535859375 0.5334447265625 0.8628988921875 0.53060330625 0.8692923015625 0.5332079484375 0.8717786328124999 0.5391275828125 0.8744425515625001 0.5424425890625 0.8781720421875001 0.54646794375 0.877639259375 0.5523875921875 0.8760409046875001