3 0.1691857171875 0.48016517968750005 0.168087109375 0.47577074531249997 0.1606165703125 0.4702044609375 0.15226714531250002 0.46786076249999997 0.1434782765625 0.4702044609375 0.13073441875 0.47811444375 0.126339984375 0.49012589687499997 0.12677942656250002 0.505652896875 0.1324921921875 0.5082895578125 0.1489713203125 0.5079965953125 0.15995740625 0.4992077265625 0.16852655156250002 0.4871962734375 0.1691857171875 0.48016517968750005
3 0.168087109375 0.54315206875 0.17907319375 0.5440309562500001 0.1828084640625 0.540515409375 0.1856648453125 0.53553505 0.18874095 0.5270391437499999 0.191817053125 0.519422125 0.1896198359375 0.51063325625 0.18940011406249999 0.5012584640625 0.18830150625 0.5000866140625 0.1731407078125 0.4959851421875 0.1658898921875 0.4965710671875 0.15885879687499999 0.5018443875 0.1538051984375 0.5059458593749999 0.150509371875 0.5167854640625 0.1535854765625 0.5220587859375 0.1535854765625 0.5299687671875 0.1566615796875 0.5328983890625001 0.15863907500000002 0.5372928234375001 0.1603968484375 0.5413942953124999 0.168087109375 0.54315206875
3 0.15226714531250002 0.5205939734375 0.1511685375 0.515027690625 0.1485318765625 0.5123910296874999 0.1452360515625 0.51121918125 0.1408416171875 0.5120980671875001 0.1366669046875 0.515027690625 0.13403024375 0.5197150875000001 0.1313935828125 0.5282109937499999 0.1318330265625 0.5440309562500001 0.141940225 0.539929484375 0.15072909375000001 0.5387576359375 0.15226714531250002 0.530554690625 0.15402491875 0.5264532187500001 0.15226714531250002 0.5205939734375
3 0.1313935828125 0.5460816921875 0.130294975 0.5487183531250001 0.13161330468750002 0.5536987109375 0.13732606875 0.557507221875 0.14743326875 0.5703975609375 0.1527065890625 0.573034221875 0.1656701703125 0.5712764484374999 0.17423931718750002 0.5686397875 0.1821492984375 0.56102276875 0.1825887421875 0.5545775984375 0.17995208125 0.547546503125 0.1768759765625 0.54490984375 0.16149545781250002 0.5416872578125 0.15863907500000002 0.5390505984375 0.15512352812500002 0.539636521875 0.146774103125 0.539343559375 0.1377655125 0.5413942953124999 0.13490913124999998 0.54285910625 0.1313935828125 0.5460816921875
3 0.10947954687499999 0.5018012171875 0.105407003125 0.5014818015625 0.101334459375 0.5056342 0.10420919687500001 0.5104254265625 0.100615775 0.5123419171875 0.0951058640625 0.5123419171875 0.09294981249999999 0.5177719749999999 0.09199156562500001 0.520327296875 0.0883981453125 0.52447969375 0.086721215625 0.52895150625 0.0924706890625 0.5356592250000001 0.097501478125 0.5343815640625 0.103969634375 0.5327844875000001 0.10947954687499999 0.5273544296875 0.1109169140625 0.52000788125 0.11283340625 0.5110642578125 0.112114721875 0.5062730296875 0.10947954687499999 0.5018012171875
3 0.52084776875 0.4331970125 0.514888 0.4353642015625 0.51091481875 0.44451455468749995 0.51091481875 0.45318331093750003 0.5114566171875 0.45631369531250005 0.514888 0.4669088421875 0.514888 0.469557628125 0.5132626078125 0.477022390625 0.5139850046875 0.49122951875 0.5186805796875 0.4972494890625 0.5203059718749999 0.4972494890625 0.523917953125 0.4950823 0.5286135296875 0.4897847265625 0.5311419171875 0.4791895796875 0.5322255124999999 0.470280025 0.5322255124999999 0.46522325000000003 0.5318643140625 0.45992567656250005 0.53096131875 0.43753139062499996 0.526626940625 0.43295621406249996 0.525182146875 0.4331970125 0.52084776875 0.4331970125
3 0.5571481859375 0.45270171406250004 0.5531750062499999 0.438735384375 0.55064661875 0.43608659687499995 0.5468540375 0.43512340156249996 0.5405330703125 0.43102982343749996 0.5374628859375 0.4334378109375 0.5342121015625 0.43921698124999997 0.5316837140625 0.44933053125000005 0.5367404890625 0.462333665625 0.54324205625 0.4630560609375 0.5492018265625 0.460407275 0.554980996875 0.45968487812500003 0.5576899828124999 0.4555912984375 0.5571481859375 0.45270171406250004
3 0.5369210875 0.4753368 0.535115096875 0.4779855859375 0.535115096875 0.484487153125 0.5374628859375 0.4897847265625 0.5479376328125001 0.49749028749999996 0.551369015625 0.49628629375 0.5616631625 0.4876175375 0.5650945453125 0.4811159703125 0.5652751453125 0.4753368 0.5627467578124999 0.46883523125000004 0.5578705828125 0.4645008546875 0.557328784375 0.4625744640625 0.553897403125 0.4625744640625 0.5484794296875 0.46426005468750003 0.5459510421875 0.4654640484375 0.5428808578125001 0.46714964062500003 0.5398106734375 0.47148401875 0.5369210875 0.4753368
3 0.562385559375 0.4678720375 0.5656363437499999 0.4755775984375 0.5670811359375 0.4753368 0.569067725 0.472206415625 0.5708737171875 0.46474165312500004 0.5717767125 0.45896248125000005 0.5734021046875 0.45414650625 0.5741245 0.44981212812500004 0.5726797078125 0.44668174374999997 0.571054315625 0.44451455468749995 0.5694289234375 0.43897618281249995 0.5669005375 0.43512340156249996 0.5650945453125 0.432474615625 0.56419155 0.4259730484375 0.5609407671875 0.4204346765625 0.55570339375 0.4173042921875 0.5515496140625 0.4204346765625 0.5504660203125 0.4259730484375 0.5528138078125 0.43680899375 0.5576899828124999 0.45535050000000005 0.5605795687499999 0.45872168281250003 0.5607601671875 0.46426005468750003 0.562385559375 0.4678720375
3 0.588391828125 0.5018246656249999 0.59019781875 0.5044734515625 0.5914620125 0.5037510562499999 0.5965187875 0.49917587812499997 0.5986859765625 0.4941191046875 0.6013949625 0.4825607625 0.600672565625 0.477022390625 0.5985053765624999 0.472206415625 0.595976990625 0.469557628125 0.5966993859375 0.465945646875 0.593268003125 0.4594440796875 0.5882112296875001 0.4594440796875 0.5849604453125 0.4630560609375 0.5836962515625 0.46666804375000004 0.58279325625 0.475096 0.584599246875 0.4835239578125 0.587127634375 0.48520955 0.5864052375 0.4895439265625 0.5864052375 0.4950823 0.588391828125 0.5018246656249999
3 0.5654557437500001 0.4811159703125 0.5640109515625 0.4842463546875 0.5609407671875 0.4876175375 0.5609407671875 0.4933967078125 0.56292735625 0.4977310859375 0.5672617343749999 0.5037510562499999 0.5726797078125 0.5095302265625 0.5806260671875 0.5143462015625 0.584779846875 0.5126606109375 0.5876694312499999 0.509289428125 0.588391828125 0.50495505 0.5880306296875 0.5008614703125 0.5862246390625 0.49460070156249997 0.5818902609375 0.49122951875 0.5766528875 0.4842463546875 0.5724991078125 0.4811159703125 0.5717767125 0.47894878125 0.5678035328125 0.4784671828125 0.5654557437500001 0.4811159703125
3 0.9257039046875001 0.4599577359375 0.9303791765625 0.4508298234375 0.93171496875 0.43791716718749996 0.9310470734375 0.4332418953125 0.92971128125 0.43034767812499997 0.9257039046875001 0.42567240625 0.9218635015625001 0.42366871875 0.9180230999999999 0.42389135 0.9151845421875 0.42500451093749997 0.9126799312499999 0.42923451874999996 0.9101753218749999 0.43502295 0.9098413734375 0.44749034375 0.9130138796875 0.45795404843750004 0.91485059375 0.4617387921875 0.9185240218749999 0.46240668906250004 0.9257039046875001 0.4599577359375
3 0.8665951046875 0.44459612656249997 0.858580353125 0.4497166640625 0.8567436390625 0.45483719999999994 0.856409690625 0.4610708953125 0.856409690625 0.46774985625000004 0.8555748203125001 0.47531934531250003 0.8550738984375 0.4891225296875 0.8592482484374999 0.5002541296875 0.8672630015625 0.5064878265625 0.875277753125 0.505152034375 0.8787842078124999 0.499586234375 0.8804539484375 0.49157148125 0.8796190781250001 0.4835567296875 0.8797860515625 0.47821356093749995 0.8819567140625001 0.4717572328125 0.8806209218750001 0.45595035937499995 0.8787842078124999 0.4506071921875 0.8727731437499999 0.44548665468750004 0.8665951046875 0.44459612656249997
3 0.8562427171874999 0.4396982234375 0.8560757421874999 0.4332418953125 0.856409690625 0.4296797828125 0.8550738984375 0.42856662187500005 0.850064678125 0.42767609375 0.8452224328125 0.4278987265625 0.8418829515624999 0.4345776859375 0.8423838734375 0.44192454375 0.8477270421875 0.4517203515625 0.84973073125 0.45906720781250004 0.8555748203125001 0.46285195156250003 0.856409690625 0.46062563125 0.8577454828125 0.4528335109375 0.8600831187500001 0.448380871875 0.861752859375 0.44615455156249995 0.8602500937500001 0.44236980625 0.8562427171874999 0.4396982234375
3 0.8767805203125001 0.41654449375 0.8761126234375001 0.4134276453125 0.8717713 0.40964290156249994 0.8665951046875 0.4060807890625 0.8609179890625 0.40541289375 0.8555748203125001 0.4060807890625 0.8527362625 0.412091853125 0.8529032359375 0.4163218609375 0.8555748203125001 0.4218876625 0.8652593124999999 0.426562934375 0.875444728125 0.424559246875 0.8767805203125001 0.42166502968749997 0.8767805203125001 0.41654449375
3 0.864758390625 0.441034015625 0.8689327421874999 0.4414792796875 0.8731070921875 0.44058875156250005 0.8771144671875 0.435913478125 0.88012 0.43012504687500003 0.8821236875 0.42589503906250004 0.8824576359374999 0.424781878125 0.8761126234375001 0.42389135 0.8670960265625001 0.42700819843750004 0.8635895734375 0.4272308296875 0.8632556250000001 0.432128734375 0.8632556250000001 0.43301926249999995 0.8632556250000001 0.4363587421875 0.864758390625 0.441034015625
3 0.8807878953125 0.48889989843750004 0.8807878953125 0.494020434375 0.8797860515625 0.499586234375 0.8797860515625 0.5038162421875 0.8814557921875 0.505152034375 0.8901384406249999 0.5038162421875 0.8944797640625 0.5006993937499999 0.9004908296874999 0.4949109625 0.90216056875 0.4909035859375 0.8999899062500001 0.4893451609375 0.8969843750000001 0.48377936093749996 0.89581555625 0.479549353125 0.8909733109375001 0.4773230328125 0.8839604015625 0.48043988125 0.8809548703125 0.48377936093749996 0.8807878953125 0.48889989843750004
3 0.9090065031250001 0.45038455937500005 0.9108432171875 0.4470450796875 0.9110101921875 0.43836243125 0.9105092687499999 0.4323513671875 0.9075037375000001 0.42767609375 0.9039972828125 0.4263403015625 0.899655959375 0.42589503906250004 0.896483453125 0.4272308296875 0.8929769984375 0.431015575 0.8851292203125001 0.4343550546875 0.8884687 0.439475590625 0.8893035703125 0.4457092875 0.8949806875 0.46285195156250003 0.8993220109375001 0.46329721562500004 0.902661490625 0.4561729921875 0.9043312312499999 0.45261087968749997 0.9090065031250001 0.45038455937500005
3 0.9060009718750001 0.49001305781250004 0.90867255625 0.49246200937499995 0.912345984375 0.49001305781250004 0.9150175671874999 0.48422462499999996 0.9158524375000001 0.47710040156250005 0.9140157234374999 0.473093025 0.9120120359375001 0.46774985625000004 0.9068358421875 0.463074584375 0.9036633359374999 0.4637424796875 0.9011587249999999 0.46507827187500006 0.8991550374999999 0.4706440734375 0.897485296875 0.479549353125 0.89815319375 0.4855604171875 0.90216056875 0.4893451609375 0.9043312312499999 0.48266620156249995 0.904832153125 0.481553040625 0.9060009718750001 0.49001305781250004
3 0.8914742328124999 0.4543919359375 0.8889696218750001 0.446822446875 0.8866319859375 0.43858506249999996 0.88529619375 0.442147175 0.883793428125 0.4512750875 0.8857971156250001 0.459512471875 0.888134753125 0.46641406406249997 0.8894705437500001 0.47331565624999994 0.8924760765625 0.478658825 0.8944797640625 0.47687776875 0.8959825312499999 0.47531934531250003 0.8984871406250001 0.4708667046875 0.899488984375 0.4644103765625 0.8953146343749999 0.463074584375 0.8936448953125 0.459512471875 0.8914742328124999 0.4543919359375
3 0.9188579703125 0.42389135 0.9242011375000001 0.42366871875 0.9240341640624999 0.42144239843750003 0.9205277109375001 0.41810291875 0.916353359375 0.41454080624999995 0.9103422953125 0.41075606093749994 0.9071697890625 0.41120132500000006 0.9090065031250001 0.4140955421875 0.9088395296874999 0.4149860703125 0.9056670234374999 0.41008816562500006 0.9008247765625 0.4076392140625 0.8986541156250001 0.41142395781249996 0.90015688125 0.41988397343750006 0.9043312312499999 0.424781878125 0.910008346875 0.4307929421875 0.9128469062500001 0.42745346250000005 0.9151845421875 0.42433661406249995 0.9188579703125 0.42389135