3 0.5897036250000001 0.05038606875 0.58946283125 0.0440652359375 0.5856101328125 0.04280106875 0.5781455296875 0.04189809375 0.5721256890624999 0.042620475000000005 0.5656242609375 0.0467741640625 0.56056759375 0.053456187499999995 0.5509358484375 0.0718769015625 0.55021346875 0.08036487812500001 0.555510928125 0.0874080921875 0.56153076875 0.08776928125 0.5699585468749999 0.083434996875 0.57525600625 0.07747535312500001 0.5781455296875 0.0711545203125 0.581275846875 0.06591725937500001 0.5860917203125 0.059415831249999995 0.5897036250000001 0.05038606875
3 0.5531029921874999 0.08542154375 0.5494910875000001 0.079642496875 0.5504542609375 0.07386345 0.5504542609375 0.07025154375 0.54876870625 0.0711545203125 0.541785690625 0.0771141625 0.541544896875 0.08668571093750001 0.540822515625 0.0966184484375 0.5458791828125 0.10023035312499999 0.554066165625 0.1007721390625 0.5608083875000001 0.0982438046875 0.5649018796874999 0.09372892499999999 0.568995371875 0.08469916250000001 0.561289975 0.0875886875 0.5569556890625 0.08831106718750001 0.5531029921874999 0.08542154375
3 0.56153076875 0.10817654218749999 0.5738112453124999 0.1054676140625 0.582239021875 0.100952734375 0.5846469578125 0.0942707109375 0.583683784375 0.09246475781249999 0.5793494984375 0.0875886875 0.576459975 0.08469916250000001 0.569236165625 0.0845185671875 0.5670690234375 0.089575234375 0.5636979109375 0.09607666249999999 0.554788546875 0.1007721390625 0.54684235625 0.10041094843750001 0.542989659375 0.0993273765625 0.5410633093749999 0.1088989234375 0.540581721875 0.11070487656250001 0.5453975953125 0.10817654218749999 0.56153076875 0.10817654218749999
3 0.5990945765625 0.0928259484375 0.6080039421875 0.08885285312499999 0.610893465625 0.08307380625 0.6106526718749999 0.07819773437500001 0.6080039421875 0.075127615625 0.6058367984374999 0.07386345 0.60366965625 0.0736828546875 0.6005393390625 0.07404404375 0.597649815625 0.07169630625 0.5933155296875 0.068264996875 0.58946283125 0.0686261875 0.5846469578125 0.07025154375 0.5788679109375 0.075849996875 0.5786271171874999 0.0832544015625 0.5815166406250001 0.0875886875 0.5848877515625001 0.094993090625 0.5882588625 0.094090115625 0.5911483859375 0.09372892499999999 0.5990945765625 0.0928259484375
3 0.61739489375 0.0711545203125 0.624137115625 0.06700083125 0.6226923531249999 0.0650142828125 0.6188396546875 0.060679996874999996 0.611134259375 0.057609878125 0.5995761640625 0.0539979734375 0.59042600625 0.05417856875 0.58874045 0.0554427359375 0.58753648125 0.059054640625 0.5889812437499999 0.06284714062499999 0.5954826718749999 0.06952916406250001 0.6010209265625 0.0711545203125 0.604873625 0.072779878125 0.609207909375 0.07314106875000001 0.61739489375 0.0711545203125
3 0.631360925 0.09770201875 0.6323241000000001 0.0948124953125 0.6344912421875 0.09156178125 0.637621559375 0.09029761562500001 0.6400294953125 0.08831106718750001 0.6414742578125 0.08524094843749999 0.64291901875 0.07693356875 0.6407518765625 0.068264996875 0.637862353125 0.0660978546875 0.6342504484375 0.0642919015625 0.63015695625 0.0680844015625 0.623896321875 0.07440523437499999 0.6205252109375 0.0825320203125 0.6193212421875 0.09390952031250001 0.6243779093749999 0.09770201875 0.6277490203125 0.09770201875 0.631360925 0.09770201875
3 0.6075223546874999 0.10041094843750001 0.61546854375 0.094090115625 0.6157093375 0.09065880625 0.6135421953125 0.08668571093750001 0.6116158453125 0.08289321093749999 0.6080039421875 0.08885285312499999 0.5995761640625 0.09318713906250001 0.5933155296875 0.0942707109375 0.5858509265625 0.094993090625 0.5851285453124999 0.0982438046875 0.587777275 0.10131392343750001 0.597409021875 0.10348106718750001 0.6075223546874999 0.10041094843750001
3 0.5730888640625 0.117748090625 0.5791087046875 0.125513684375 0.5906667999999999 0.1282226140625 0.5981314015625 0.1278614234375 0.610893465625 0.1298479703125 0.6214883859375 0.1273196375 0.6287121953125 0.123165946875 0.63039775 0.11865106562500001 0.6272674328125001 0.11034368593749999 0.6207660046875 0.10655118593749999 0.6152277500000001 0.104022853125 0.6067999734375 0.1045646375 0.6000577515625001 0.10691237656250001 0.595001084375 0.104925828125 0.5844061640625 0.104925828125 0.574533625 0.11070487656250001 0.5730888640625 0.117748090625
3 0.5926124765624999 0.4866726265625 0.6015594125 0.4878926625 0.607578259375 0.4847205671875 0.6113197046875001 0.48020643124999995 0.6113197046875001 0.47727834375 0.6114823765625 0.47337422656249994 0.6113197046875001 0.47032413437500004 0.60887963125 0.46751804999999996 0.599282009375 0.458367775 0.5939138484375001 0.45482966874999997 0.5890337015625 0.449705515625 0.583665540625 0.4487294859375 0.5782973796875 0.44897349374999995 0.5732545609375 0.44946150781250005 0.5673983859375 0.4531216171875 0.5673983859375 0.45580569843749996 0.5730918890625001 0.461783878125 0.5729292187499999 0.46727404375 0.581876153125 0.4728862109375 0.5830148546875 0.47581429999999997 0.5846415703125001 0.48020643124999995 0.5926124765624999 0.4866726265625
3 0.5636569390624999 0.45495167187499996 0.5561740484375 0.457025734375 0.5511312296875001 0.46080784843749995 0.5482031421875 0.4662980140625 0.548528484375 0.47081215 0.5491791703125 0.4749602734375 0.5490165 0.477400346875 0.5478777984375001 0.48167047500000004 0.548528484375 0.48520858125000005 0.5511312296875001 0.49057674375 0.5594274796875001 0.493626834375 0.5652836546875 0.4937488390625 0.5708144875000001 0.49265080625 0.5734172328125 0.48874668750000005 0.5735799046875 0.478010365625 0.5732545609375 0.4705681421875 0.5719531890625 0.4612958625 0.5701638015625 0.4587337859375 0.567723728125 0.45580569843749996 0.5636569390624999 0.45495167187499996
3 0.5729292187499999 0.49106475781250003 0.5753692906250001 0.49435885625 0.5774840218749999 0.4972869453125 0.5802494375 0.49667692656250007 0.5848042421875 0.49350483125 0.589847059375 0.49106475781250003 0.5940765203125 0.487160640625 0.590172403125 0.4858186 0.5869189718750001 0.48289051250000004 0.5841535546875 0.4787423875 0.5823641687500001 0.47581429999999997 0.5800867671875001 0.47386224062500004 0.5748812765625 0.4749602734375 0.57406791875 0.47727834375 0.573905246875 0.47935240625000003 0.574555934375 0.4848425703125 0.5729292187499999 0.49106475781250003
3 0.5639822828125001 0.5091213 0.565120984375 0.5131474218750001 0.5695131156250001 0.5153434875 0.5737425765624999 0.5161975125 0.57732135 0.5150994796874999 0.5795987515625 0.5115613734375 0.58057478125 0.5057051984375 0.5795987515625 0.4986289859375 0.578948065625 0.49789696250000004 0.575694634375 0.4960669078125 0.5714651749999999 0.49472486875 0.5625182390625 0.494846871875 0.561542209375 0.5008250515625 0.5639822828125001 0.5049731765625001 0.5644702968749999 0.506071209375 0.5639822828125001 0.5091213
3 0.58057478125 0.5105853437500001 0.5833401984375 0.5142454546875 0.5909857609375 0.5207116484375 0.5948898781249999 0.52388374375 0.59651659375 0.5229077156249999 0.5971672796874999 0.5194916125 0.5999326968750001 0.5179055640625 0.5955405640625 0.5144894625 0.5940765203125 0.5102193328125 0.5937511765625 0.5066812265625 0.5953778921875 0.5037531390625001 0.5979806375 0.500459040625 0.601071396875 0.498384978125 0.601071396875 0.49801896718750005 0.5970046078125 0.49777495937499994 0.5911484328125 0.498262975 0.5857802703125 0.49911700000000003 0.5810627953124999 0.50143506875 0.580412109375 0.503387128125 0.58057478125 0.5105853437500001
3 0.5942391921875 0.5129034140625001 0.5991193390625 0.517295546875 0.606114215625 0.5183935796875 0.6118077203125 0.5143674578125 0.6135971062500001 0.5121713921875 0.6165251953124999 0.50973131875 0.618477253125 0.50887729375 0.6210799984375 0.5053391875 0.6223813703125 0.50180108125 0.62189335625 0.4988729921875 0.6230320578125 0.4975309515625 0.6223813703125 0.4911867609375 0.622056028125 0.48960071406249994 0.623194728125 0.48825867343749996 0.62010396875 0.485696596875 0.6161998515625 0.4841105484375 0.6145731359375 0.48386654218749997 0.61066901875 0.485696596875 0.6070902453125 0.48813667031249997 0.6062768875 0.48947871093749995 0.6049755140624999 0.4924067984375 0.602535440625 0.498262975 0.5973299515625 0.501923084375 0.595215221875 0.5042411546875 0.5939138484375001 0.5087552890625 0.5942391921875 0.5129034140625001
3 0.5482031421875 0.887698678125 0.5460884109374999 0.8831845421875 0.5436483390625 0.8801344500000001 0.54039490625 0.8801344500000001 0.5369788046874999 0.880622465625 0.5351894171875 0.884282575 0.528194540625 0.8853806078125 0.526567825 0.8887967109374999 0.52510378125 0.8880646890625 0.5221756937500001 0.88574661875 0.518271575 0.887698678125 0.5195729484375 0.8924568203125001 0.5216876781249999 0.8966049453125 0.518759590625 0.8980689890625 0.5153434875 0.9008750734375001 0.51030066875 0.8980689890625 0.5101379984375 0.8942868765625 0.5068845671875 0.8952629046875 0.50298045 0.8994110296875 0.5031431203125 0.903925165625 0.50916196875 0.90904931875 0.5164821890625 0.910391359375 0.528519884375 0.9099033453125 0.535840103125 0.90612123125 0.54072025 0.9011190812500001 0.5451123828125 0.8988010109375001 0.5467390984375 0.8953849093749999 0.5482031421875 0.887698678125
3 0.5478777984375001 0.8845265828125 0.548528484375 0.8923348171875001 0.5438110093749999 0.9005090625 0.547064440625 0.9030711406249999 0.5508058859375 0.904535184375 0.553733975 0.9036811578125 0.563006253125 0.899777040625 0.567723728125 0.8981909937499999 0.5678864 0.8958729234374999 0.5670730421875 0.890626765625 0.5660970125 0.8886747078124999 0.5626809109375001 0.881476490625 0.5620302234375 0.8734242484375001 0.5617048812500001 0.8701301499999999 0.5608915234375 0.8686661062500001 0.558288778125 0.865128 0.5534086312500001 0.8635419515624999 0.545275053125 0.8632979437499999 0.54072025 0.8656160140625 0.5355147609375 0.8730582374999999 0.535840103125 0.8797684390624999 0.5392562062499999 0.8792804249999999 0.54397368125 0.8795244328124999 0.5478777984375001 0.8845265828125
3 0.574555934375 0.8687881093750001 0.57732135 0.8668360515625 0.5833401984375 0.8668360515625 0.58529225625 0.8668360515625 0.5846415703125001 0.8642739734375 0.5833401984375 0.862565921875 0.5794360796875 0.86012585 0.5730918890625001 0.8558557203125 0.569187771875 0.8543916765624999 0.5669103703125 0.8540256656249999 0.5670730421875 0.8571977609375001 0.563168925 0.8672020625 0.5621928953124999 0.876474340625 0.56284358125 0.8802564546875 0.5669103703125 0.8830625390625 0.57113983125 0.8822085124999999 0.5700011296875 0.8780603875 0.570977159375 0.8741562703125 0.574555934375 0.8687881093750001
3 0.5813881390625 0.9062432359375 0.5844788984375 0.91112338125 0.5857802703125 0.9113673890625 0.5906604171875001 0.90904931875 0.5932631625 0.9022171140624999 0.5932631625 0.8890407187499999 0.5922871328125 0.8746442859375 0.587244315625 0.867934084375 0.5810627953124999 0.8661040296875001 0.577158678125 0.8668360515625 0.573905246875 0.8691541203125001 0.57113983125 0.8741562703125 0.5700011296875 0.8805004609375 0.572603875 0.8846485859375001 0.5721158609375 0.8858686234375 0.568049071875 0.89282283125 0.5683744140625 0.8983129968749999 0.571302503125 0.8994110296875 0.575694634375 0.9009970781250001 0.5813881390625 0.9062432359375
3 0.55698740625 0.9141734734375 0.5542219890625 0.9142954765625 0.5540593171875 0.9203956609375 0.556824734375 0.9252758078125 0.563006253125 0.9290579203125 0.5719531890625 0.93003395 0.5765079921875 0.9290579203125 0.5774840218749999 0.9268618546875 0.575694634375 0.92234771875 0.5781347078125 0.9173455687500001 0.580737453125 0.913685459375 0.5826895109375 0.9117333999999999 0.5831775265625 0.9106353671875 0.5791107375 0.90404716875 0.5750439484375 0.9001430515625 0.5704891453125 0.8995330328125 0.564307625 0.9001430515625 0.5566620624999999 0.9028271328124999 0.5511312296875001 0.9044131796875 0.5508058859375 0.9069752578125 0.5534086312500001 0.9100253484374999 0.55698740625 0.9119774078124999 0.55698740625 0.9141734734375
3 0.5472271125 0.9041691734375 0.54218429375 0.903925165625 0.5384428484375 0.90404716875 0.5322613296875 0.9079512859375001 0.529658584375 0.9116113968749999 0.52982125625 0.913929465625 0.5291705703125 0.92234771875 0.5286825546875 0.9268618546875 0.5239650796875 0.9352801078124999 0.5272185109375 0.9422343171875 0.5324240015624999 0.943210346875 0.5351894171875 0.9412582875 0.5381175046875 0.936988159375 0.5416962796875 0.9361341328125 0.5490165 0.9436983609375 0.5519445875 0.9450404015625 0.5543846609374999 0.9444303828124999 0.5543846609374999 0.9402822578125001 0.5543846609374999 0.9283258984374999 0.553571303125 0.9153935109375 0.5555233609375 0.9127094296875 0.553571303125 0.9099033453125 0.5498298578124999 0.9064872421875 0.54869115625 0.904779190625 0.5472271125 0.9041691734375
3 0.5620302234375 0.9416242984375 0.567723728125 0.9407702734375001 0.569838459375 0.9407702734375001 0.5752066203124999 0.9408922765625001 0.5802494375 0.94186830625 0.5846415703125001 0.93979424375 0.58529225625 0.9382081953125001 0.5843162265624999 0.9347920937499999 0.58171348125 0.9311319828125001 0.5784600515625 0.9288139140625 0.5688624296875 0.9307659718749999 0.5602408375000001 0.9284479031249999 0.556499390625 0.9247877921875001 0.553733975 0.9258858249999999 0.554872675 0.939916246875 0.5576380921874999 0.94186830625 0.559752821875 0.9422343171875 0.5620302234375 0.9416242984375