3 0.1058592609375 0.44569976718750004 0.10368864375 0.44236035781250005 0.10018226562500002 0.436349421875 0.09316950625 0.4318968765625 0.0861567484375 0.43145162187499997 0.0828173390625 0.4350136578125 0.08081369375 0.4390209484375 0.081481575 0.44592239375 0.0849879546875 0.45015231250000004 0.088828275 0.45460485625 0.092835565625 0.45950265625000003 0.09851256093750001 0.4601705390625 0.10335470312499999 0.45638587499999994 0.1053583484375 0.452378584375 0.1058592609375 0.44569976718750004
3 0.13107179687499998 0.48332377343750005 0.1385854671875 0.47798071875000003 0.140923053125 0.46684935625 0.13992123125 0.46172892968749996 0.13841849687500002 0.4586121484375 0.13391029375000002 0.45393697499999996 0.1222223640625 0.4479260390625 0.116211428125 0.4477034125 0.1108683734375 0.449261803125 0.10101711718749999 0.4592800296875 0.0948392109375 0.46662672812499995 0.0966758859375 0.4713019015625 0.1035216734375 0.47597707343750006 0.11454172343749999 0.477090209375 0.11788113124999999 0.48042961875 0.12188842343749999 0.48332377343750005 0.13107179687499998 0.48332377343750005
3 0.090998890625 0.47508656406250005 0.0846540140625 0.47241503749999997 0.0769733734375 0.470856646875 0.0711294078125 0.470856646875 0.0682909109375 0.4775354640625 0.0727991125 0.48822157343750006 0.074969728125 0.492451490625 0.0861567484375 0.4951230171875 0.09367041875 0.492451490625 0.0975107375 0.4859953 0.09600800468750001 0.47976173749999995 0.0941713296875 0.4775354640625 0.090998890625 0.47508656406250005
3 0.09817862031249999 0.5169404890625 0.1058592609375 0.5153820984374999 0.113205959375 0.51382370625 0.11921689531249999 0.508480653125 0.1203856890625 0.5018018359374999 0.120552659375 0.4969040359375 0.117547190625 0.487553690625 0.11303898906250001 0.4810975 0.10736199375 0.47798071875000003 0.1031877328125 0.479539109375 0.099848325 0.4835464 0.0970098265625 0.49267411718750004 0.0976777078125 0.5073675171875001 0.0966758859375 0.5140463343749999 0.09817862031249999 0.5169404890625
3 0.1265635953125 0.49846242656250006 0.13073785625 0.49846242656250006 0.13441120625 0.4962361546875 0.13758364375 0.4946777625 0.1405891125 0.493342 0.1410900234375 0.4922288640625 0.137249703125 0.48822157343750006 0.1349121171875 0.4839916546875 0.1284002703125 0.4839916546875 0.12355812656250001 0.4835464 0.12155448124999998 0.48332377343750005 0.1203856890625 0.48733106406250004 0.1200517484375 0.49356462656250005 0.12188842343749999 0.49757191718750005 0.1265635953125 0.49846242656250006
3 0.118715984375 0.5302981234375 0.1208866 0.5302981234375 0.12389206875 0.5289623609375 0.12522783125 0.526958715625 0.129235121875 0.525400325 0.13391029375000002 0.525400325 0.1377506140625 0.52228354375 0.14309366875 0.5151594703125 0.14309366875 0.509148534375 0.14125699375 0.50514124375 0.1374166734375 0.5024697171875 0.12355812656250001 0.5024697171875 0.1208866 0.5033602265625 0.1177141625 0.5104842984375 0.1123711078125 0.514714215625 0.1085307875 0.5151594703125 0.1040225859375 0.514714215625 0.10368864375 0.5202798984375 0.10652714218749999 0.527626596875 0.1135399 0.5298528703125001 0.118715984375 0.5302981234375
3 0.4434270640625 0.5078703046874999 0.4451860609375 0.50062110625 0.4451860609375 0.49742293125000003 0.44374688124999995 0.49657008437499994 0.4411883421875 0.49422475625000006 0.4394293453125 0.4895340984375 0.43767034843749997 0.48654913437499997 0.435431625 0.4869755578125 0.43303299375000004 0.49230585 0.43367262812499996 0.5029664359375 0.4367108953125 0.5070174578125 0.43990907031250004 0.50765709375 0.4434270640625 0.5078703046874999
3 0.418321384375 0.486335921875 0.41416375624999996 0.48889446249999996 0.41128539843749995 0.4935851203125 0.40664804375 0.503392859375 0.40472913750000006 0.5095759984375 0.407287678125 0.5121345390625 0.413524121875 0.51789125625 0.4188011109375 0.5181044671875 0.4272762765625 0.512774175 0.43143390625 0.506804246875 0.43079427031249995 0.4944379671875 0.4288753640625 0.48868125156250003 0.42551727968749997 0.4842038046875 0.418321384375 0.486335921875
3 0.42183937812499994 0.537293521875 0.42903527343750003 0.5385727921875 0.4339924453125 0.5370803109375 0.43878970937500006 0.534095346875 0.4443865171875 0.5330292875 0.4495035984375 0.530683959375 0.45382113593750006 0.5266329359374999 0.45589994999999994 0.5198101609375 0.45653958437500003 0.5161855625 0.4555801328125 0.5117081156250001 0.4536612265625 0.5063778234375 0.45078286875 0.5059514 0.43926943593749995 0.508296728125 0.4341523546875 0.51085526875 0.42167946875 0.5191705265625 0.4164024796875 0.5257800890625 0.41736193281249995 0.5319632296875 0.42183937812499994 0.537293521875
3 0.43894961875 0.479513146875 0.449023871875 0.4827113234375 0.45238195625 0.4816452640625 0.4531815 0.4792999359375 0.45302159218750004 0.474609278125 0.45062295937499997 0.47226394843749997 0.44774460156250007 0.47013183124999997 0.4429473375 0.4699186203125 0.43463208125 0.47333000781249995 0.4323933578125 0.47631497187500005 0.4283956390625 0.4748224890625 0.42183937812499994 0.47396964218750004 0.41240475937500004 0.4752489125 0.4103259453125 0.4790867234375 0.41368402968750007 0.4790867234375 0.42455782812500004 0.48015278281249996 0.4299947265625 0.48057920625 0.43319290156249995 0.47866030000000004 0.4360712609375 0.4792999359375 0.43894961875 0.479513146875
3 0.8746987781250001 0.4590698421875 0.8778288 0.4590698421875 0.8803897265625 0.4560346703125 0.8840888437500001 0.437254540625 0.8835197484374999 0.43402966875000004 0.880958821875 0.42321686718749996 0.8766906109375 0.41278346250000003 0.8719955781250001 0.40861010000000003 0.8653087140625001 0.4087997984375 0.8596177656249999 0.412404065625 0.8577682062499999 0.41733622031250006 0.8571991125 0.4266314359375 0.8613250499999999 0.43687514375000003 0.8690078296875001 0.444463075 0.870003746875 0.44844673906250004 0.8708573890625001 0.451102515625 0.8746987781250001 0.4590698421875
3 0.8577682062499999 0.428907815625 0.8567722906249999 0.42701083281249996 0.8546381859375 0.42606234218749994 0.8512236171875 0.42606234218749994 0.847809046875 0.4239756609375 0.847809046875 0.4253035484375 0.8452481203125 0.43346057499999996 0.845105846875 0.4391515234375 0.8462440359375 0.44370428124999994 0.85506500625 0.44237639375000004 0.858906396875 0.43782363437500005 0.8594754921875 0.43402966875000004 0.8577682062499999 0.428907815625
3 0.8485204156249999 0.466468075 0.8534999953125 0.47386630937499996 0.8556341015625 0.47917786093750003 0.85791048125 0.47917786093750003 0.8603291343749999 0.4753838953125 0.8636014296875001 0.47140023124999997 0.865735534375 0.4679856625 0.8685810093749999 0.45812135156249995 0.8653087140625001 0.4488261359375 0.861040503125 0.4450321703125 0.8599023125 0.4446527734375 0.8544959125 0.4459806609375 0.8490895109375 0.44711885156250003 0.8461017625 0.4512922125 0.8446790249999999 0.457931653125 0.8485204156249999 0.466468075