3 0.1213875109375 0.45950265625000003 0.1177141625 0.45304646562500006 0.1127050484375 0.44903917499999996 0.1030207625 0.44592239375 0.0976777078125 0.4472581578125 0.09083192031250001 0.45727638437499996 0.08765948125 0.465958846875 0.08765948125 0.47152452812499995 0.0901640390625 0.473973428125 0.096174975 0.4713019015625 0.1053583484375 0.46751723749999996 0.1200517484375 0.463732575 0.1213875109375 0.4630646921875 0.1213875109375 0.45950265625000003
3 0.11470869375 0.494232509375 0.12021871875000001 0.49645878125 0.12639662499999998 0.498685053125 0.13023694531250002 0.4962361546875 0.1294020921875 0.4913383546875 0.13023694531250002 0.48733106406250004 0.13073785625 0.4790938546875 0.1282333 0.47508656406250005 0.1280663296875 0.473305546875 0.12188842343749999 0.469075628125 0.1167123390625 0.470856646875 0.119383865625 0.475754446875 0.1195508359375 0.4799843640625 0.11654536874999999 0.49267411718750004 0.11470869375 0.494232509375
3 0.1108683734375 0.48911208124999994 0.1135399 0.4928967453125 0.11654536874999999 0.4913383546875 0.1177141625 0.4859953 0.1177141625 0.481988009375 0.1137068703125 0.47686758281249997 0.110033521875 0.47508656406250005 0.10786290624999999 0.4748639375 0.1011840875 0.4766449546875 0.0996813546875 0.479539109375 0.1011840875 0.4855500453125 0.107028053125 0.4857726734375 0.1108683734375 0.48911208124999994
3 0.5223369484375 0.4382862796875 0.5237795843749999 0.4450185765625 0.525428309375 0.44639251562500004 0.5275922625 0.446667303125 0.530992759375 0.445705546875 0.5349084828125 0.44185852031249995 0.5376907078125 0.4366375546875 0.5391333421875 0.42743216874999995 0.5391333421875 0.421661628125 0.536969390625 0.41383018125 0.5330536671874999 0.41108230468749996 0.5298592609375 0.4114944859375 0.52718008125 0.41547890625 0.525840490625 0.4252338671875 0.525016128125 0.42839392500000006 0.52439785625 0.43031743906250003 0.5223369484375 0.4382862796875
3 0.508219734375 0.40751006562500003 0.50409791875 0.41204406093749996 0.5025522390625 0.4168528453125 0.5028613749999999 0.427294775 0.5036857375 0.43567579843750004 0.5073953703125 0.4426828828125 0.51120805 0.44405682031250004 0.51326895625 0.44405682031250004 0.5157420453125 0.44213330781250004 0.5174938171875 0.4363627671875 0.5181120890625001 0.43072962031250006 0.5171846812500001 0.4231729609375 0.5164633624999999 0.41204406093749996 0.5135780921875 0.408471821875 0.5117232765625 0.40751006562500003 0.508219734375 0.40751006562500003
3 0.526664853125 0.420150296875 0.5265618078125 0.41740242031249997 0.5257374453125 0.41465454375000005 0.5240887203125 0.4124562421875 0.52161563125 0.409570971875 0.5199669046875 0.409845759375 0.5183181796875 0.4114944859375 0.5164633624999999 0.41671545 0.5167724984375 0.420974659375 0.5185242703124999 0.42468429218750003 0.52439785625 0.42578344218749997 0.525840490625 0.4245468984375 0.526664853125 0.420150296875
3 0.8458651312500001 0.4135560609375 0.8432254109375 0.40937650625 0.8395957968750001 0.40937650625 0.8359661828125 0.41223620156249996 0.8313466734375 0.42213515 0.8255722875 0.43137416875 0.8254073046875 0.43687358437499996 0.8268921468749999 0.44303292968749997 0.8296968484375 0.4474324625 0.8358012 0.45161201875 0.8422355156249999 0.45139204218750006 0.849659728125 0.44875232187499997 0.8504846390624999 0.44281295312499996 0.8498247093750001 0.43995325625000004 0.855599096875 0.43819344375 0.8579088515625 0.435993678125 0.859558675 0.42653468281249995 0.85609404375 0.42279507968749996 0.8506496218749999 0.41905547656250003 0.8458651312500001 0.4135560609375
3 0.878531659375 0.464810615625 0.8848009937500001 0.4593112 0.886945765625 0.4480923921875 0.8846360109375 0.4403932109375 0.8808414140625 0.43313398125 0.8788616250000001 0.42873444843749997 0.876716853125 0.4271946125 0.8724273078125 0.42653468281249995 0.8646731328125 0.42499484687500005 0.8612085 0.42829449531249997 0.8567539734375 0.43665360781249996 0.8549391671875 0.44985220468750003 0.8565889906249999 0.45117206562499995 0.8620334125 0.45887124687499997 0.8654980453125001 0.45865127031249997 0.86714786875 0.4637107328125 0.8747370625 0.46591049843750004 0.878531659375 0.464810615625
3 0.868302746875 0.4995669234375 0.866652921875 0.5041864328125001 0.869952571875 0.506606175 0.87457208125 0.5013267359375 0.8773767828124999 0.486808278125 0.8757269578125 0.48174881562499994 0.8752320109375 0.47756926093749996 0.8813363624999999 0.47294975156249996 0.8841410640625 0.4676703125 0.8846360109375 0.4593112 0.8811713796875 0.46151096718750007 0.8747370625 0.46701038281249996 0.86879769375 0.47338970468749997 0.869127659375 0.4852684421875 0.867477834375 0.49340757812499997 0.869127659375 0.4953873671875 0.868302746875 0.4995669234375
3 0.837451025 0.5286038390625001 0.8372860421875 0.5345432078125001 0.8452052 0.5391627156250001 0.8511445703125 0.5352031375 0.85444421875 0.5283838609375 0.8577438687500001 0.5217845624999999 0.8598886406249999 0.51254554375 0.8668179046875 0.505286315625 0.86632295625 0.5008867828125 0.8684677296875 0.4980270875 0.8686327125 0.49318760156249997 0.8638482203125 0.49362755468749997 0.8508146046875 0.5059462453125 0.8499896921874999 0.509465871875 0.8435553765625 0.5182649359375 0.8394308140625 0.5237643515625 0.837451025 0.5286038390625001
3 0.861538465625 0.49450746093750003 0.8654980453125001 0.4916477640625 0.86797278125 0.48460851250000003 0.8673128515625 0.480868909375 0.8684677296875 0.47536949375 0.86714786875 0.4692101484375 0.8633532718750001 0.4663504515625 0.8613734828125 0.46701038281249996 0.862858325 0.46107101406249995 0.8575788859375001 0.452491925 0.8557640796875001 0.45139204218750006 0.8516395171875001 0.4507321109375 0.8438853406250001 0.4535918078125 0.8377809890625001 0.4593112 0.8359661828125 0.46327077968749997 0.8384409187499999 0.4654705453125 0.8404207093749999 0.46855021875 0.8404207093749999 0.47624940000000004 0.8389358671875 0.48328865312499997 0.8356362171875 0.48878806875 0.8410806390625 0.4953873671875 0.849659728125 0.5000068765625 0.85526913125 0.50066680625 0.861538465625 0.49450746093750003
3 0.8407506734375 0.4714099140625 0.8386059015624999 0.46723035937499996 0.8369560765624999 0.4645906390625 0.8326665328124999 0.4619509203125 0.82573726875 0.46327077968749997 0.8212827421875 0.4705300078125 0.8206228125000001 0.47756926093749996 0.8178181109375 0.4813088625 0.81550835625 0.48548841875 0.816003303125 0.5039664562499999 0.8207877953124999 0.5121055906249999 0.8285419718749999 0.518044959375 0.8323365687500001 0.5176050062499999 0.8364611296875 0.513205475 0.8384409187499999 0.5046263859375 0.8377809890625001 0.49758713437499996 0.8349762875 0.4912078109375 0.8382759375 0.485048465625 0.8402557265624999 0.4797690265625 0.8407506734375 0.4714099140625