3 0.62758789375 0.104499025 0.6327336796874999 0.0955928578125 0.6321399359375001 0.093366315625 0.6351086578125 0.0819367359375 0.6333274234374999 0.07258526093749999 0.629369128125 0.06813217656250001 0.6256087453125 0.0670931234375 0.620660875 0.06768686874999999 0.613931771875 0.071397771875 0.61096305 0.07614772656249999 0.609181815625 0.084757021875 0.6066089234375001 0.0892101046875 0.6072026687500001 0.0993037609375 0.6103693046875 0.103459971875 0.61630675 0.1067255671875 0.621452534375 0.1067255671875 0.62758789375 0.104499025
3 0.6087859859375 0.0558119796875 0.6095776453124999 0.051952640625000004 0.6077964125 0.051210459374999996 0.6028485421875 0.0507651515625 0.596911096875 0.0507651515625 0.5905778234375 0.0518042046875 0.5787029343750001 0.057593212500000004 0.56148434375 0.0654603265625 0.558515621875 0.0694681015625 0.559505196875 0.0718430796875 0.5624739187500001 0.0736243125 0.5680155328125001 0.0736243125 0.5699946812500001 0.07317900468750001 0.57098425625 0.070655590625 0.5775154453125 0.06679625156249999 0.583254975 0.0669446875 0.5903799078125 0.0688743578125 0.596911096875 0.0654603265625 0.6079943265625001 0.059226009375 0.6087859859375 0.0558119796875
3 0.5751404671875 0.06813217656250001 0.57316131875 0.0694681015625 0.569203021875 0.074663365625 0.567025959375 0.0801555015625 0.5662343 0.0835695328125 0.56148434375 0.088764796875 0.5575260484375 0.0915850828125 0.563859321875 0.092772571875 0.5674217890625 0.0932178796875 0.5769217 0.09455380468749999 0.57949459375 0.09455380468749999 0.5856299515625001 0.0936631890625 0.5941402890624999 0.0915850828125 0.6004735640625001 0.087132 0.6010673078125001 0.0841632765625 0.597900671875 0.07525711093750001 0.5921611421875 0.069319665625 0.5842445484375001 0.0670931234375 0.5779112750000001 0.06768686874999999 0.5751404671875 0.06813217656250001
3 0.5721717453124999 0.10835836406249999 0.5802862515625 0.11058490624999999 0.5876091 0.108803671875 0.5941402890624999 0.1040537171875 0.5957236078125 0.09811627187500001 0.5951298640625 0.09455380468749999 0.590973653125 0.09440536875 0.5812758265625 0.0949991140625 0.5697967671875 0.0942569328125 0.5628697484375 0.09247570000000001 0.56148434375 0.0963350390625 0.5610885140625 0.0993037609375 0.562276003125 0.1036084078125 0.5721717453124999 0.10835836406249999
3 0.567025959375 0.1291394203125 0.5735571484374999 0.1344831203125 0.5790987640624999 0.1358190453125 0.582463315625 0.13863933125 0.58384871875 0.13997525625 0.5858278671875 0.13700653437500002 0.5880049296875 0.134928428125 0.5971090125 0.12795193124999998 0.5996819046875 0.12171761406249999 0.5982965015625 0.11652235 0.5921611421875 0.11221770312499998 0.589390334375 0.11147552187500001 0.58068208125 0.1126630109375 0.5727654890625 0.11192083125 0.5680155328125001 0.11474111718749999 0.5658384703125 0.12171761406249999 0.567025959375 0.1291394203125
3 0.60304645625 0.1358190453125 0.604629775 0.1380455875 0.6060151796875 0.139678384375 0.607598496875 0.1404205640625 0.6113588796875 0.1404205640625 0.6165046640625 0.1377487140625 0.6182858984374999 0.13255345000000002 0.6186817265625 0.12928785625 0.6202650453125 0.12661600625 0.6238275125 0.1200848171875 0.6240254281250001 0.11726453125 0.6236295984375 0.1153348609375 0.6194733859375 0.10999116093750001 0.6180879828125 0.1067255671875 0.6151192609375 0.10583495000000001 0.6129421984375 0.10598338593750001 0.6097755609375 0.10776461875000001 0.6042339453125 0.1129598828125 0.6042339453125 0.11563173281250001 0.60561935 0.120530125 0.6036402015625 0.13062378125000002 0.60304645625 0.1358190453125
3 0.5412970328125 0.09440536875 0.5341720999999999 0.09811627187500001 0.5327866953125 0.1031631 0.533974184375 0.10687400312499999 0.5335783546874999 0.1227566671875 0.535557503125 0.1297331640625 0.542484521875 0.134928428125 0.5486198812499999 0.1347799921875 0.5537656656250001 0.130920653125 0.55713021875 0.1257253890625 0.5608906 0.1190457640625 0.55930728125 0.113553628125 0.56029685625 0.1086552359375 0.56148434375 0.1031631 0.5610885140625 0.09811627187500001 0.5604947703125001 0.0932178796875 0.5565364734375 0.091436646875 0.5519844328125 0.0915850828125 0.5476303062500001 0.09262413593749999 0.5412970328125 0.09440536875
3 0.5721717453124999 0.48315955468749994 0.5688071921875 0.48583140468749997 0.5688071921875 0.49028448750000003 0.5711821703125 0.4959250609375 0.5787029343750001 0.49948752656249995 0.588598675 0.5006750156249999 0.5927548859375 0.5023078125 0.6040360312499999 0.5034953015625 0.614525515625 0.5008234515625001 0.6182858984374999 0.49651880468750004 0.6180879828125 0.49236259374999997 0.6149213453125 0.48701889375 0.610765134375 0.48508922343750005 0.607004753125 0.483901734375 0.596911096875 0.483307990625 0.588598675 0.4809330125 0.5828591453125 0.4797455234375 0.5769217 0.4800423953125 0.5721717453124999 0.48315955468749994
3 0.611754709375 0.4671284546875 0.6085880718750001 0.4669800171875 0.604827690625 0.4669800171875 0.5988902453125 0.46861281562499996 0.5951298640625 0.47143310156249996 0.593150715625 0.47766741875 0.5923590562500001 0.4810814484375 0.5943382046875 0.48256580937500004 0.6018589671875 0.48405017031249997 0.6087859859375 0.4841986078125 0.611754709375 0.48583140468749997 0.6151192609375 0.48627671250000004 0.6151192609375 0.4818236296875 0.6165046640625 0.4767768015625 0.6161088343750001 0.47143310156249996 0.611754709375 0.4671284546875
3 0.6301607875 0.4800423953125 0.6301607875 0.47455025937500006 0.6333274234374999 0.471284665625 0.6271920640624999 0.46876125156250004 0.6226400234375 0.46490191249999996 0.6226400234375 0.4647534765625 0.620858790625 0.46505034843750004 0.6176921531249999 0.467870634375 0.6151192609375 0.46950343125 0.61789006875 0.475292440625 0.6157130046875 0.48122988437499997 0.6161088343750001 0.4836048625 0.6218483640625 0.48508922343750005 0.62541083125 0.48568296875000005 0.6305566171875 0.4841986078125 0.6301607875 0.4800423953125
3 0.62758789375 0.49711255000000004 0.63075453125 0.505424971875 0.6349107421875 0.50705776875 0.64243150625 0.5057218437500001 0.6481710359374999 0.5026046859375 0.65094184375 0.49770629375000003 0.6533168203125 0.48865169062499997 0.6527230765625001 0.483307990625 0.6517335015625 0.480636140625 0.650743928125 0.4770736734375 0.6487647796875 0.4729174625 0.6459939734375 0.46950343125 0.6428273359375 0.4684643796875 0.6380773796875 0.46905812343750003 0.6319420203125 0.47143310156249996 0.6301607875 0.47944865156249994 0.63174410625 0.48523765937499996 0.6309524468750001 0.4885032546875 0.628379553125 0.4922141578125 0.62758789375 0.49711255000000004
3 0.5695988515625 0.4948860078125 0.5676197046875 0.49547975156249996 0.563859321875 0.49681567656250003 0.5618801734375001 0.50037814375 0.567025959375 0.5042374828125 0.5727654890625 0.5072062046875 0.5800883375 0.5088390015625001 0.5872132703124999 0.5106202359374999 0.5880049296875 0.5063155874999999 0.5889945046875 0.5014171968750001 0.5804841671875 0.49919065468749996 0.5737550640625 0.4978547296875 0.5695988515625 0.4948860078125
3 0.562276003125 0.5106202359374999 0.56029685625 0.5122530328125 0.5624739187500001 0.519526403125 0.5674217890625 0.5262060281250001 0.5703905109375 0.5276903890625 0.5759321265625 0.5282841328125001 0.5834528890625 0.5299169312500001 0.586817440625 0.531549728125 0.5929528000000001 0.5309559828125 0.5998798203125 0.5316981640625 0.6074005828125 0.52843256875 0.610765134375 0.5229404328125 0.609973475 0.5192295296875 0.606411009375 0.5143311390624999 0.60086939375 0.51106554375 0.5947340343749999 0.5103233640625 0.586817440625 0.5103233640625 0.5787029343750001 0.508690565625 0.572567575 0.5076515140625 0.5652447265625 0.5092843109375 0.562276003125 0.5106202359374999
3 0.5499748359375001 0.8627849187500001 0.54692999375 0.85836038125 0.5414112140625 0.853793115625 0.53684395 0.850938575 0.534940921875 0.8517949375 0.5313251703125 0.8536503890624999 0.524664575 0.856219475 0.5189554937499999 0.8607867406249999 0.5185748890624999 0.8673521843750001 0.522190640625 0.8729185375 0.53379910625 0.8742030812499999 0.54388515 0.8746312625 0.5499748359375001 0.8690649078125 0.5499748359375001 0.8627849187500001
3 0.558157853125 0.88476488125 0.5577772484375 0.888047603125 0.5566354312499999 0.8924721421875 0.5602511828125001 0.8948985015625001 0.5644378421875 0.8931857765625001 0.566531171875 0.8901885093749999 0.5671020796875 0.8837657921875 0.566721475 0.8781994375 0.5663408703125 0.8713485406249999 0.5657699609375 0.8646403703125 0.56367663125 0.8569331109375 0.5600608796875 0.8535076609375001 0.5543517984374999 0.8527940265625 0.5535905875 0.853793115625 0.551116653125 0.85750401875 0.552639075 0.8677803640624999 0.5505457453125 0.8732039921875 0.5492136249999999 0.8763439875 0.5513069546875 0.8786276187500001 0.5528293765625001 0.8790558 0.5562548265625 0.8806257984375 0.558157853125 0.88476488125
3 0.5208585218749999 0.9043184859375 0.521048825 0.9063166640625001 0.5290415375 0.9100275671875 0.5385566734375 0.911312109375 0.5476912046875 0.9097421125 0.5558742203125 0.906459390625 0.561202696875 0.9017493984374999 0.5663408703125 0.89703940625 0.5676729890625001 0.8938994125 0.5659602640625 0.8923294140625 0.5629154203125 0.8948985015625001 0.5591093671875 0.8946130468750001 0.5547324046875 0.89261486875 0.5455978734375 0.8968966796875 0.53379910625 0.899465765625 0.526186996875 0.900750309375 0.5208585218749999 0.9043184859375
3 0.52066821875 0.8893321468750001 0.5187651921875001 0.890616690625 0.51457853125 0.8916157796874999 0.5157203484374999 0.8924721421875 0.521810034375 0.8947557734375 0.524664575 0.8971821343749999 0.5299930515625 0.8981812234375001 0.5358924359375 0.8990375859374999 0.53912758125 0.89703940625 0.5404597015625 0.8944703203125 0.5404597015625 0.89304305 0.5376051609375 0.8890466921875 0.5311348687499999 0.8904739625 0.5284706296875 0.890616690625 0.5240936671875 0.8896176015625 0.52066821875 0.8893321468750001
3 0.5162912562499999 0.8796267078125 0.5168621640625 0.885335790625 0.5231421546874999 0.8899030546875 0.5301833546875 0.8900457812499999 0.5370342515625001 0.8890466921875 0.5387469765625 0.8899030546875 0.5457881765625 0.8944703203125 0.5513069546875 0.8944703203125 0.556825734375 0.8921866875 0.55834815625 0.8873339687499999 0.5573966421875001 0.88390851875 0.553780890625 0.8804830703125001 0.5513069546875 0.879198528125 0.5463590843749999 0.877485803125 0.5427433328125 0.875773078125 0.536273040625 0.8743458078125 0.5240936671875 0.8736321734375 0.5216197328125001 0.8737749000000001 0.5183845859375 0.87505944375 0.5162912562499999 0.8796267078125
3 0.49649977500000003 0.8556485671875 0.493645234375 0.8633558265625 0.493645234375 0.8764867140625 0.49669007656249997 0.8894748734375 0.503350671875 0.8974675875000001 0.5082985421874999 0.8986094046875 0.5100112671875 0.8973248609375 0.512104596875 0.8948985015625001 0.5149591375 0.8869057874999999 0.515149440625 0.8800548890625001 0.5157203484374999 0.8693503625 0.5130561109375 0.8587885625 0.5069664234375 0.8532222078125 0.50658581875 0.8522231187499999 0.5025894609375 0.8525085718750001 0.49649977500000003 0.8556485671875