0 0.1285816234375 0.57309263125 0.133565584375 0.57432789375 0.14063585625 0.5717029609375001 0.1438812296875 0.5687692109375 0.14805385 0.564909015625 0.1502560625 0.561975265625 0.15095150156249998 0.55935033125 0.15095150156249998 0.5571886187499999 0.15095150156249998 0.5537916468749999 0.1515310296875 0.5511667140625 0.1473584109375 0.5485417796875 0.14434485625 0.547306515625 0.14063585625 0.5485417796875 0.13889726875 0.5493138171874999 0.137274584375 0.5522475671875 0.1362314296875 0.554872503125 0.1340292109375 0.55765184375 0.1299725 0.5598135531249999 0.12730665624999998 0.56305611875 0.1269589390625 0.5676883562499999 0.1285816234375 0.57309263125
0 0.12556806874999998 0.5724749984375 0.12012048125000001 0.57432789375 0.11815007500000001 0.57803368125 0.11687510625 0.5842099984375 0.1153683265625 0.5933200656250001 0.11606376562500001 0.596099403125 0.1183818875 0.596253815625 0.1209318234375 0.595327365625 0.1247567203125 0.59316565625 0.1300884046875 0.5899230906249999 0.13321786875 0.58559966875 0.1321747140625 0.58143065625 0.133101965625 0.5767984187499999 0.1343769265625 0.5746367109375 0.1302043078125 0.5741734859375 0.1269589390625 0.572011778125 0.12556806874999998 0.5724749984375
0 0.11432517187499999 0.55935033125 0.11235477187500001 0.562747303125 0.10980483593749998 0.5695412484375 0.10841396406249999 0.5763351984375 0.1072549 0.5817394734375 0.1062117453125 0.5876069734375 0.1044731578125 0.602121315625 0.1050526875 0.60644473125 0.10713899687499999 0.6069079515625 0.10910939687500001 0.6041286109375 0.1127024875 0.596099403125 0.1152524234375 0.5905407234375 0.1159478625 0.586217303125 0.11432517187499999 0.5741734859375 0.11455698437499999 0.5670707234375 0.11675920312500002 0.56351934375 0.11950750624999999 0.5607888625 0.11977275937500001 0.55888710625 0.1172228296875 0.558423884375 0.11432517187499999 0.55935033125
0 0.1357678046875 0.556107765625 0.137506390625 0.551938753125 0.1376223 0.54885059375 0.135072365625 0.5493138171874999 0.1326383390625 0.55348283125 0.12823390625 0.5553357250000001 0.12336584843750001 0.5574974359375 0.1207000109375 0.56182085625 0.1179182625 0.568614803125 0.11687510625 0.5746367109375 0.1205841 0.574945528125 0.1271206203125 0.5717739953125001 0.1269589390625 0.563982565625 0.1321747140625 0.558269475 0.1357678046875 0.556107765625
0 0.1240612875 0.6069079515625 0.12719075156249998 0.6044374265625 0.1297406875 0.599496378125 0.129392965625 0.5991875609374999 0.1270748421875 0.5974890734375 0.1264953140625 0.59146716875 0.11965685625 0.5964082187499999 0.11803417187500001 0.5967170359375 0.11523164687500001 0.5966643625 0.11397745468750001 0.6016580859375 0.1152524234375 0.60551828125 0.12046819687500002 0.6072167687500001 0.1240612875 0.6069079515625
0 0.4945196796875 0.5153215078125 0.4925922921875 0.51403769375 0.49055782499999995 0.513895046875 0.48766674375 0.515036215625 0.4843473515625 0.52074205625 0.4843473515625 0.5253067296875 0.4854181265625 0.530299340625 0.487024278125 0.53472136875 0.487024278125 0.541568375 0.49002244062500006 0.5451345296875 0.4910932078125 0.5459904046874999 0.4936630609375 0.548843325 0.49805321874999997 0.5498418468749999 0.50105138125 0.5479874515625001 0.502336303125 0.5434227765624999 0.50180091875 0.5398566265625 0.5001947609374999 0.5327243234375 0.49805321874999997 0.5304419874999999 0.49809696406250004 0.527705921875 0.4969824515625 0.5205994109375001 0.495804603125 0.5167479687500001 0.4945196796875 0.5153215078125
0 0.5000876875 0.5315831546875 0.500408915625 0.5345787234375 0.5028716875 0.5397139796875 0.5054415390625 0.5427095468750001 0.508225546875 0.5432801296875 0.5104741625 0.5421389609375 0.5128298609375 0.5398566265625 0.5135793984375 0.5358625375 0.5132581703125 0.530299340625 0.5094033953125 0.5221685171875 0.5060840046874999 0.515892090625 0.502443384375 0.5110421265625 0.4992310671875 0.5106141875 0.49687537031250006 0.510756834375 0.495697528125 0.51132741875 0.4946267546875 0.5137524015625 0.49751783437499997 0.5214552875 0.4981603 0.5263052515625 0.49858860937499994 0.5284449437500001 0.5000876875 0.5315831546875
0 0.528248959375 0.5508403687500001 0.529319728125 0.5485580328124999 0.530176346875 0.54370806875 0.530176346875 0.541996315625 0.5291055796874999 0.5394286859374999 0.528248959375 0.5388581046875001 0.525464953125 0.5375742906250001 0.5236446453125 0.5352919515625 0.520646484375 0.5330096156249999 0.518612021875 0.5330096156249999 0.5146501671875 0.5334375546875 0.513900628125 0.5358625375 0.513030459375 0.54170808125 0.5185049421875 0.5467036359375 0.5242871046875 0.5502697859375 0.5270711171875 0.5509830140624999 0.528248959375 0.5508403687500001
0 0.5144360125 0.559684421875 0.51539970625 0.5625373437500001 0.5217172578125 0.5635358640625 0.525464953125 0.56196675625 0.527713575 0.5595417796875 0.528356034375 0.5559756250000001 0.528463109375 0.5538359359375 0.52674988125 0.5511256609374999 0.5226809515624999 0.5492712656250001 0.5181837125000001 0.5448492359375 0.5132581703125 0.5402845609375 0.5113307828125 0.5425669015625 0.5079043109375 0.54370806875 0.5057082296875001 0.543634984375 0.5055486203124999 0.5519815359375 0.5107953921874999 0.5558329828125 0.5137935546875 0.5572594390625001 0.5144360125 0.559684421875
0 0.49591167656249996 0.5641064499999999 0.496768296875 0.5675299578125 0.5008372265625 0.56810054375 0.5040495359375 0.56738730625 0.5065123140625001 0.5646770359375 0.5083326203125 0.5618241140625 0.5107953921874999 0.561681471875 0.51336524375 0.5606829421875 0.5140077093750001 0.559827071875 0.512936934375 0.5568315046875 0.509082159375 0.5544065218750001 0.5054415390625 0.5532653546875 0.5028716875 0.55540504375 0.4998735328125 0.5585432578125 0.49687537031250006 0.5613961796875 0.49591167656249996 0.5641064499999999
0 0.5031929234375 0.543850715625 0.50180091875 0.54641834375 0.499445221875 0.54998449375 0.4964470671875 0.5496991999999999 0.49334183125 0.548985971875 0.490879059375 0.547416865625 0.48852336249999995 0.5536932890624999 0.4887375171875 0.5605403 0.49152151875000005 0.5646770359375 0.49516213750000004 0.5655329140625 0.497089525 0.5629652859375 0.5001947609374999 0.55811531875 0.5022292296875001 0.55355064375 0.5054191953125 0.5499295328125 0.5054415390625 0.5484153859374999 0.504370771875 0.5452771765625 0.5031929234375 0.543850715625
0 0.5449529875 0.5522668296875 0.547094525 0.5504124328125 0.548486528125 0.545562465625 0.5477369828125 0.5404272078125001 0.5452742109375001 0.5362904765625001 0.54024159375 0.5335802015625 0.5352089640625 0.53286696875 0.5299621984375 0.5351493046875 0.527713575 0.5371463515625 0.53071173125 0.5407125015625 0.5299621984375 0.54641834375 0.5291200968750001 0.5510856734375 0.5317825 0.5512683078125 0.5369222031249999 0.54912861875 0.5415265234375 0.5522668296875 0.5449529875 0.5522668296875
0 0.52782065 0.55882855 0.5271781921875001 0.5611108859375 0.529212653125 0.5639638078125 0.5326391187499999 0.56596085 0.53649389375 0.5661034921875 0.53842128125 0.5651049718750001 0.54034866875 0.563107928125 0.5436680593750001 0.5625373437500001 0.54591668125 0.5615388218749999 0.5475228343749999 0.5595417796875 0.5487006765625 0.5569741500000001 0.5485936015624999 0.554263875 0.54784406875 0.551696246875 0.5463449921875 0.5524094749999999 0.5429185140625 0.5532653546875 0.53852835625 0.5509830140624999 0.536538671875 0.5499295328125 0.5325320437500001 0.551696246875 0.530283421875 0.5529800609375 0.52889141875 0.5546918109375001 0.52782065 0.55882855
0 0.8925964421874999 0.505002625 0.8907593687500001 0.5032545484375001 0.887085234375 0.501856084375 0.8840671953125 0.5025553171875 0.8824925609375001 0.5043033921875 0.8799994 0.507100315625 0.8799994 0.5111208890625 0.8803930546875 0.5172391625 0.8780311093750001 0.5216093515625 0.878424771875 0.527378003125 0.8835423171875 0.532622234375 0.8899720578125001 0.529475696875 0.891677909375 0.5233574296875 0.8922274109374999 0.5147641078125 0.8939086312500001 0.5146170437500001 0.8937774140625001 0.5095476203125 0.8925964421874999 0.505002625
0 0.8868227953125001 0.532622234375 0.8857730390624999 0.5341955031250001 0.8874788890625 0.536817615625 0.8939086312500001 0.536817615625 0.8986325203125001 0.533671078125 0.9011256890625001 0.5306993484375 0.902437878125 0.528951271875 0.9033564109375 0.52615435 0.9037500656249999 0.5237070453125 0.903093971875 0.5182880062499999 0.9013881203125 0.512694159375 0.8985013046875 0.5074499328125001 0.8948271640625001 0.504653009375 0.89246521875 0.50290493125 0.8936461921875001 0.5077995484375 0.8935149750000001 0.5125193546875 0.8922027796875 0.5160155046875 0.8908905921875 0.5231826203125001 0.8908905921875 0.52615435 0.8906281515625001 0.529475696875 0.8868227953125001 0.532622234375
0 0.9034876265625 0.5216093515625 0.9045373828125 0.5217841546875001 0.9066368890625001 0.5196864671875 0.9071617671875 0.5186376171875 0.9080803 0.5165399296875 0.9059807953125001 0.512169734375 0.9059807953125001 0.5104216625 0.906505665625 0.508673584375 0.9067681046875 0.507100315625 0.9051934781250001 0.5037789671875 0.9004695875 0.50238050625 0.8976716671875 0.5055804312500001 0.89981349375 0.5097224296875 0.9013881203125 0.5135682 0.90256909375 0.51776358125 0.9034876265625 0.5216093515625