3 0.5557377296875 0.053014454687500004 0.552690921875 0.0477587109375 0.54659730625 0.045016584375 0.540199009375 0.043188500000000005 0.53471475625 0.0454736046875 0.5249649703125 0.047301690625 0.5133871015625 0.0489012640625 0.5094262515625 0.052100412500000005 0.5112543359374999 0.059869771875 0.522527525 0.069467215625 0.534410075 0.0742659375 0.54263645625 0.072894875 0.552081559375 0.0669536 0.5548236859375 0.0614693453125 0.5557377296875 0.053014454687500004
3 0.555925946875 0.0534626515625 0.5572611328125 0.0608517765625 0.576151340625 0.0693066671875 0.5810262328125 0.0693066671875 0.5843777218749999 0.0681641140625 0.5889479328125 0.06290837187500001 0.589861975 0.056967096875 0.5889479328125 0.053539437499999995 0.5810262328125 0.043941993750000005 0.567924959375 0.032744974999999996 0.55847985625 0.027946253124999997 0.552081559375 0.028403273437499998 0.544159859375 0.029774337499999998 0.5395896484375 0.032744974999999996 0.5350194359375 0.0377722078125 0.5371522015625 0.0430279515625 0.5477914890625 0.04495358125 0.5533002828125 0.0491977375 0.555925946875 0.0534626515625
3 0.5555261312499999 0.092740834375 0.5563137390625 0.0988447953125 0.5610393874999999 0.10475185625000001 0.567865321875 0.1075084828125 0.5741661859375 0.1075084828125 0.5828298734375 0.1055394640625 0.588343128125 0.10042001250000002 0.5933313124999999 0.096678875 0.597006815625 0.0915594234375 0.5991071046875 0.08762138281250001 0.5977944234375 0.082108128125 0.5933313124999999 0.076594871875 0.5878180562499999 0.072853734375 0.5799419765625 0.0720661265625 0.57495379375 0.0746258515625 0.56734025 0.0826988328125 0.562614603125 0.08368334375 0.5586765625 0.08624306875 0.5555261312499999 0.092740834375
3 0.5014437203125001 0.052375928125000006 0.49461778437500004 0.051391417187499996 0.48857945625 0.0535573390625 0.4825411296875 0.057298478124999996 0.4793906984375 0.0624179296875 0.47466505000000003 0.0702940078125 0.46521375468750004 0.0801391078125 0.46521375468750004 0.08703067656249999 0.46862672187500004 0.09116561875 0.47834055312499996 0.0941191484375 0.4851664890625 0.092150128125 0.49172988906250004 0.08860589375 0.49960596874999996 0.0783669890625 0.5072195109375001 0.06635596875000001 0.507482046875 0.0584798890625 0.506431903125 0.056117065625 0.5014437203125001 0.052375928125000006
3 0.5329480375 0.0848647546875 0.5321604296875 0.07994220625000001 0.52953506875 0.0736413421875 0.526909709375 0.07108161562500001 0.520083775 0.068521890625 0.5164082703124999 0.069112596875 0.5082696546875 0.069112596875 0.50380654375 0.0726568328125 0.5027564 0.07935149999999999 0.5040690796875 0.0864399703125 0.5101074062500001 0.0893935 0.5213964546875001 0.09116561875 0.5316353578124999 0.08860589375 0.5329480375 0.0848647546875
3 0.560514315625 0.085849265625 0.56418981875 0.083486440625 0.5665526421875 0.081911225 0.5665526421875 0.0785638921875 0.5691780015625 0.07383824375 0.5686529296875 0.0702940078125 0.5660275703125001 0.0661590671875 0.560514315625 0.06300863437500001 0.5557886671875 0.06261483125 0.553950915625 0.0657652625 0.5515880921874999 0.0683249890625 0.543186940625 0.072853734375 0.5408241171875 0.0781700875 0.5455497640625 0.08427405 0.5557886671875 0.08703067656249999 0.560514315625 0.085849265625
3 0.4954053921875 0.086833775 0.48910452812500005 0.0915594234375 0.488054384375 0.1012076203125 0.49172988906250004 0.10829609062500001 0.4969806078125 0.113218640625 0.49803075156250004 0.1163690734375 0.50380654375 0.1177473859375 0.5087947265625 0.11656597500000002 0.515095590625 0.11440005312499998 0.5195587015625 0.1102651109375 0.5208713828125 0.10534256093750001 0.5219215265625 0.09864789375 0.5185085578125 0.093331540625 0.5114200875 0.09057491250000001 0.505381759375 0.0864399703125 0.501181184375 0.0850616578125 0.4954053921875 0.086833775
3 0.5213964546875001 0.106720875 0.5203463109375 0.10868989531249999 0.5203463109375 0.113809346875 0.5261221015624999 0.121488525 0.5353108609375 0.12247303437499998 0.5395114359375001 0.1203071125 0.5439745484375 0.1155814640625 0.5465999078125 0.1090837 0.5508004843750001 0.1043580515625 0.5531633078125 0.097663384375 0.5536883796875001 0.08998420625 0.5521131640625 0.0864399703125 0.548437659375 0.0844709515625 0.5400365093749999 0.0830926375 0.5366235406250001 0.085258559375 0.528484925 0.0913625203125 0.5224465984375 0.10022310937500001 0.522709134375 0.10357044374999999 0.522709134375 0.10475185625000001 0.5213964546875001 0.106720875
3 0.48521871250000004 0.51438780625 0.4862950625 0.5113202078125 0.48823249375 0.5088984187500001 0.49124627500000007 0.5042162953125 0.49124627500000007 0.501148696875 0.4841423625 0.5022788640625 0.4794064203125 0.50131015 0.4735941296875 0.50131015 0.4677818375 0.5022788640625 0.46369170625 0.5077682515624999 0.46089319531250006 0.513419090625 0.46196954687499997 0.5177783093749999 0.47144142968749997 0.521330265625 0.47897588124999996 0.521976075 0.482635471875 0.5187470249999999 0.48521871250000004 0.51438780625
3 0.4720872390625 0.536829709375 0.47617737031249996 0.541188928125 0.482635471875 0.5442565265625 0.493398975 0.5423190953125 0.49727383593749996 0.5381213296875 0.500072346875 0.5327933953125 0.5037319375 0.5260123890624999 0.50566936875 0.51680959375 0.504162478125 0.5132576375 0.501148696875 0.510674396875 0.49684329531250004 0.50970568125 0.49318370468749995 0.5098671343750001 0.48844776406249996 0.51083585 0.484572903125 0.5130961859375 0.4819896609375 0.51680959375 0.48134385156250004 0.5226218859375 0.4772537203125 0.5250436734374999 0.4716566984375 0.529725796875 0.4720872390625 0.536829709375
3 0.44625483125 0.49775819375 0.443456321875 0.4988883609375 0.4402272703125 0.5014716015625 0.4387203796875 0.5061537265625 0.4402272703125 0.5126118281250001 0.440012 0.515840878125 0.435276059375 0.5200386453125 0.4354913296875 0.5250436734374999 0.43936619062500004 0.5303716078125 0.44582429218749997 0.5336006578125 0.45486563437500005 0.5332777531249999 0.4576641453125 0.5285956296875 0.45938630625 0.518585571875 0.45960157500000004 0.5126118281250001 0.458525225 0.50647663125 0.45357401406250003 0.5000185296875 0.4503449625 0.49856545625 0.44625483125 0.49775819375
3 0.5228909734375 0.503086128125 0.52525894375 0.49937271875 0.5250436734374999 0.49630512031249996 0.5209535421875 0.49485204843749997 0.5104053093750001 0.49791964687499995 0.503086128125 0.49824255156249997 0.5020097765625 0.496789478125 0.5028708578125001 0.4925917125 0.49856545625 0.4911386390625 0.49641275625 0.4927531640625 0.496628025 0.49727383593749996 0.5037319375 0.5035704859375 0.5112663890625 0.507122440625 0.5175092218749999 0.5067995359374999 0.5228909734375 0.503086128125
3 0.4759621 0.900097934375 0.4679971078125 0.9125297796874999 0.46369170625 0.9218940265625 0.46067792656249995 0.9286750343750001 0.46153900625000005 0.9335186109375 0.4677818375 0.9438515734375 0.4731635890625 0.9495024125 0.48607979375 0.9495024125 0.4921073546875 0.9432057625000001 0.4957669453125 0.9346487781249999 0.49791964687499995 0.92770631875 0.4992112671875 0.9201180499999999 0.502225046875 0.9057487734375 0.5007181562499999 0.900582290625 0.495551675 0.896545978125 0.488663034375 0.89363983125 0.48651033281249995 0.8926711171875 0.482635471875 0.8934783796874999 0.4759621 0.900097934375
3 0.506315178125 0.9465962671874999 0.5084678796875 0.9507940328125001 0.51923138125 0.9543459890625 0.5306406953125 0.9517627484375 0.5388209578125001 0.946111909375 0.5426958187500001 0.9419141421875 0.5364529859375 0.93965380625 0.5306406953125 0.9352945874999999 0.52418259375 0.92932084375 0.5172939515625 0.9218940265625 0.5136343609375 0.9212482171874999 0.5095442296875 0.9228627421875 0.5039472078125 0.92932084375 0.498995996875 0.9390079968749999 0.5026555875 0.9399767125 0.5069609890625 0.9422370484375 0.506315178125 0.9465962671874999
3 0.572187815625 0.935456040625 0.5747710578125 0.9280292234375 0.57369470625 0.9227012890624999 0.56938930625 0.9178577140625 0.5538898609375 0.9133370421875 0.53559190625 0.9089778234375 0.527196375 0.9060716781249999 0.5276269140625 0.9146286625 0.52741164375 0.9231856468749999 0.528918534375 0.932226990625 0.531501775 0.9369091140625001 0.5448485187500001 0.939815259375 0.5553967515625 0.9359403984375 0.5592716125 0.9364247562499999 0.5646533640625 0.9377163765625 0.572187815625 0.935456040625
3 0.5424805484374999 0.9619342578125 0.546355409375 0.9645174984375 0.555612021875 0.965970571875 0.564868634375 0.96258006875 0.5698198453125001 0.9596739218750001 0.5788611890625 0.9593510171874999 0.5863956406249999 0.9567677765625 0.5891941515625 0.9527314625000001 0.587471990625 0.949340959375 0.582305509375 0.9456275515625 0.567021334375 0.9453046453124999 0.5594868828124999 0.9438515734375 0.556688371875 0.9446588359374999 0.5523829703125 0.950309675 0.5439874390624999 0.955637609375 0.5418347390625 0.958866659375 0.5424805484374999 0.9619342578125
3 0.5680976859375 0.9454660984375 0.5820902390625 0.9449817406250001 0.585534559375 0.9427214046874999 0.5863956406249999 0.9386850921875001 0.5825207796874999 0.9364247562499999 0.5784306484374999 0.9343258734375001 0.5730488968749999 0.9349716828125001 0.5683129546875 0.9367476609375001 0.5616395843750001 0.9404610703125 0.558625803125 0.9430443109375 0.5614243140624999 0.944013025 0.5680976859375 0.9454660984375
3 0.5842429390625 0.9382007343750001 0.59113158125 0.9394923546875 0.5999576546875 0.9382007343750001 0.604908865625 0.9344873249999999 0.61072115625 0.927867771875 0.6102906171875 0.9230241953125 0.60856845625 0.9201180499999999 0.602971434375 0.9131755890625 0.600818734375 0.9072018453125 0.5980202234374999 0.905264415625 0.5883330703125 0.9004208390624999 0.5788611890625 0.9010666484375 0.5724030859375 0.9041342468750001 0.568528225 0.9091392765625 0.567882415625 0.915435925 0.5745557875 0.9236700046875 0.576062678125 0.9270605078124999 0.57864591875 0.9327113468749999 0.5842429390625 0.9382007343750001