3 0.5681316546875 0.0363320859375 0.5651657703125 0.031388943749999995 0.5612112578125 0.028670217187500003 0.556927203125 0.0276815890625 0.5493477203125 0.026198646875 0.544734121875 0.029164531249999997 0.5417682375 0.0343548296875 0.5444045796875 0.041769540625000004 0.5513249765625 0.045971209375 0.5595635453125001 0.04498258125 0.56582485625 0.041769540625000004 0.5681316546875 0.0363320859375
3 0.5341887546875 0.020514034375 0.530893328125 0.022244134375 0.5266092718750001 0.0257043328125 0.5259501859375 0.030400315625 0.5246320156250001 0.035837771875 0.519688875 0.042263854687500005 0.52792744375 0.043746796875 0.53188195625 0.0464655234375 0.5401205234375 0.0407809125 0.5384728109375 0.031883257812499996 0.5371546390625 0.022244134375 0.5341887546875 0.020514034375
3 0.53188195625 0.0484427796875 0.5272683578125 0.0442411109375 0.5252911015625 0.04275816875 0.5203479609375 0.04275816875 0.5150752765625 0.0444882671875 0.508813965625 0.0494314078125 0.5028821953125 0.057340434375000006 0.504529909375 0.060553475 0.5055185375 0.06648524375 0.5048594515625 0.069203971875 0.5022231109375 0.074888584375 0.5028821953125 0.0820561375 0.5071662515625001 0.0872464359375 0.506836709375 0.0939196765625 0.510791221875 0.10158154374999999 0.5170525328125 0.10108723125 0.5236433875000001 0.0971327171875 0.5259501859375 0.0921895765625 0.5275979000000001 0.086504965625 0.530893328125 0.0820561375 0.5351773828125 0.07711299687499999 0.537813725 0.071181228125 0.53583646875 0.063519359375 0.532870584375 0.0538802359375 0.53188195625 0.0484427796875
3 0.537813725 0.0916952625 0.5453932078125 0.09762703125 0.54770000625 0.09935713125 0.55165451875 0.10331164374999999 0.5542908609375 0.0988628171875 0.5612112578125 0.096391246875 0.5671430265625 0.0916952625 0.5691202843750001 0.0852691796875 0.5684611984375 0.0815618234375 0.5674725703125 0.0785959390625 0.5638476 0.0773601546875 0.558904459375 0.0756300546875 0.556927203125 0.0734056421875 0.554620403125 0.0741471125 0.5542908609375 0.0746414265625 0.55000680625 0.0734056421875 0.5420977796875001 0.07389995625 0.5361660109375 0.0776073109375 0.532870584375 0.0842805515625 0.537813725 0.0916952625
3 0.5773588515625 0.110232040625 0.5852678765625 0.112209296875 0.5964723296875001 0.1092434125 0.59976775625 0.107019 0.5984495859375001 0.10108723125 0.5961427875 0.0934253625 0.5984495859375001 0.0912009484375 0.6066881546875 0.0889765359375 0.6076767828125 0.08502202343750001 0.6165744359375 0.0766186828125 0.619210778125 0.072911328125 0.619210778125 0.0674738734375 0.619210778125 0.06277788906250001 0.6103131234375 0.059317690624999996 0.6040518125000001 0.059564846875 0.600756384375 0.0617892609375 0.5954837015625001 0.06846250000000001 0.5852678765625 0.074888584375 0.574722509375 0.07834878281249999 0.572745253125 0.0889765359375 0.5734043390625 0.09836850312499999 0.5734043390625 0.10355879999999999 0.5773588515625 0.110232040625
3 0.5892223890625 0.0714283859375 0.5961427875 0.06648524375 0.6010859281250001 0.061542103125000004 0.6040518125000001 0.05783474843750001 0.6047108984375 0.0561046484375 0.6040518125000001 0.05462170625 0.59812004375 0.05437455 0.5931769015625 0.05437455 0.5882337609375 0.0541273921875 0.5803247359375 0.0608006328125 0.5724157109375 0.0662380875 0.5635180578125001 0.06846250000000001 0.5595635453125001 0.0677210296875 0.55396131875 0.065249459375 0.5582453734375 0.0724170140625 0.5612112578125 0.0773601546875 0.5780179375000001 0.07834878281249999 0.5892223890625 0.0714283859375
3 0.55791583125 0.0677210296875 0.5691202843750001 0.0669795578125 0.5780179375000001 0.0617892609375 0.589881475 0.053385921875 0.595154159375 0.0481956234375 0.5964723296875001 0.0405337546875 0.5938359875 0.03534345625 0.58790421875 0.031636101562500005 0.5842792484375 0.031636101562500005 0.5770293093750001 0.0338605140625 0.56977936875 0.0383093421875 0.5664839421875 0.042263854687500005 0.5645066859375001 0.0464655234375 0.554949946875 0.0514086640625 0.5519840625 0.0558574921875 0.5519840625 0.06327220312500001 0.55791583125 0.0677210296875
3 0.4825504546875 0.8581885343750001 0.47966093125000003 0.8637869859375 0.4755674390625 0.87010781875 0.47604902656250003 0.8787763906249999 0.48182807343749995 0.8816659140625 0.48375442343749997 0.8796793656249999 0.49001505781250004 0.8794987703125001 0.4969980734375 0.8802211515625 0.499646803125 0.8713719859375001 0.4945901375 0.865954128125 0.4897742640625 0.86161984375 0.4825504546875 0.8581885343750001
3 0.53359870625 0.881124128125 0.5372106109375 0.8773316281250001 0.5381737859375 0.871913771875 0.5364882296875 0.86866305625 0.5302275953125 0.8619810328125 0.5258933109374999 0.8603556765624999 0.521559025 0.8562019859375001 0.5189102953125 0.854757225 0.5174655328125 0.856743771875 0.515057596875 0.8592721046875 0.50855616875 0.8623422234375001 0.5051850578125 0.8661347234375001 0.5015731531250001 0.874261509375 0.5042218828125 0.88004055625 0.5095193421875 0.881124128125 0.5184287078125001 0.8794987703125001 0.5254117234375 0.8827494843749999 0.529023628125 0.8829300796874999 0.53359870625 0.881124128125
3 0.50228936875 0.8972589875000001 0.50503411875 0.9005526875 0.5064979859375 0.9039836250000001 0.5136343375 0.8998665000000001 0.52058770625 0.897945175 0.524064390625 0.8960238484374999 0.5253452734375 0.8938280484375 0.5260772078125 0.887377884375 0.528638975 0.8853193218750001 0.524064390625 0.8828490453125 0.5220515734375 0.8825745703125 0.5165620718749999 0.8806532453125 0.506863953125 0.8824373328125 0.5024723515625 0.884221421875 0.4997276015625 0.889161971875 0.50228936875 0.8972589875000001
3 0.528638975 0.9030229625 0.533213559375 0.9049442890625 0.5387030609375 0.9063166640625001 0.5414478109374999 0.9067283765624999 0.5443755453125 0.9050815265625 0.5484011796875 0.902336775 0.5540736640625 0.8998665000000001 0.5568184140625 0.8960238484374999 0.55773333125 0.8931418609374999 0.5580992984375001 0.888475784375 0.5604780828125 0.8807904828125 0.5613929984375 0.8770850687499999 0.5597461484374999 0.8721445187500001 0.554256646875 0.8683018671875 0.549865046875 0.8670667296874999 0.5441925609375 0.8665177796875 0.5379711265625 0.8676156796875001 0.5368732265625 0.8681646296875 0.5381541109375 0.87132109375 0.5381541109375 0.8766733562500001 0.535958309375 0.8798298203125 0.5304688078125 0.8821628578125 0.5271751078125 0.8898481593750001 0.5258942234374999 0.8965727984375 0.5260772078125 0.8993175499999999 0.528638975 0.9030229625
3 0.57218901875 0.9054932390625 0.571457084375 0.902336775 0.5690783015624999 0.901238875 0.55718438125 0.9005526875 0.5500480296875 0.9019250624999999 0.541264828125 0.903434675 0.5429116781250001 0.9065911390625001 0.54163079375 0.912080640625 0.54163079375 0.9218245046875 0.5469373125 0.9275884812499999 0.5546226140625 0.92841190625 0.559014215625 0.9259416312500001 0.5654186328125 0.9200404171875001 0.569810234375 0.9186680421875 0.57493376875 0.9134530156249999 0.57218901875 0.9054932390625
3 0.5666995171875 0.9340386453124999 0.5672484671875 0.9351365453125 0.5661505671875 0.9363716828124999 0.563954765625 0.938018534375 0.5624909 0.939528146875 0.5659675843749999 0.9463900234375 0.569261284375 0.9500954374999999 0.57218901875 0.9488602984375 0.578959403125 0.9461155484375 0.584814871875 0.9430963218749999 0.5895724390625 0.939253671875 0.593415090625 0.9333524578124999 0.5925001734374999 0.9310194203125001 0.5895724390625 0.92374583125 0.588108571875 0.9183935671875 0.5826190703125 0.9185308046875 0.5782274703125 0.9174329046875 0.572554984375 0.9201776546874999 0.571457084375 0.9218245046875 0.5707251515625 0.9247064937499999 0.5672484671875 0.92800019375 0.56523565 0.93019599375 0.5648696828124999 0.9325290328125 0.5666995171875 0.9340386453124999
3 0.593964040625 0.9332152203125 0.601466359375 0.937332346875 0.608053759375 0.9370578703125 0.6148241453125001 0.9348620703125 0.6296457984375 0.92484373125 0.6340374 0.9203148921875 0.632756515625 0.9160605281249999 0.628913865625 0.9118061656249999 0.62379033125 0.9085124640625001 0.6135432609375 0.9008271625000001 0.6011003921875 0.8920439609375 0.59323210625 0.889985396875 0.5849978546875 0.890397109375 0.5751167515625 0.8935535734375 0.57218901875 0.9016505875 0.57603166875 0.914688153125 0.5855468046875 0.9175701421875001 0.5888405062500001 0.9197659421875001 0.58993840625 0.92484373125 0.593964040625 0.9332152203125