3 0.21063963437500002 0.45638587499999994 0.2215569328125 0.45702806875 0.2265339359375 0.4551014875 0.227657775 0.44867954687499995 0.22974490625000002 0.4450404484375 0.231510940625 0.44482638281250003 0.22846051875 0.441829478125 0.21866705937500003 0.442471671875 0.2135295078125 0.44118728437500004 0.20999744062499998 0.440331025 0.2075892125 0.444398253125 0.20678647031250003 0.4506061296875 0.2077497609375 0.454245228125 0.21063963437500002 0.45638587499999994
3 0.1846307765625 0.43733411875000006 0.1796537734375 0.44011696093749997 0.1796537734375 0.44525451250000003 0.18286474375 0.446752965625 0.1857546171875 0.4461107703125 0.1915343625 0.4461107703125 0.1965113671875 0.44375605937499996 0.199882884375 0.4426857359375 0.2018094671875 0.44375605937499996 0.20646537343750002 0.44482638281250003 0.2035755 0.44054508906249995 0.195226978125 0.4384044421875 0.18816284375 0.436905990625 0.1846307765625 0.43733411875000006
3 0.5259568921875 0.475223565625 0.53045225 0.4797189234375 0.5373558359375 0.4822877 0.5404062578125 0.4790767296875 0.5431355828125 0.47244072499999995 0.5481125859375 0.46473439687500007 0.5530895890624999 0.45831245625 0.5564611078125 0.4461107703125 0.55662165625 0.4384044421875 0.5534106859375 0.433266890625 0.5477914890625 0.42834340312499997 0.5431355828125 0.4274871453125 0.5394429671875 0.42855746874999995 0.5351081578125 0.43562160156249996 0.5318971875 0.446752965625 0.528204571875 0.4561718109375 0.524833053125 0.4673031734375 0.5259568921875 0.475223565625
3 0.5139157546875001 0.4538170984375 0.5184111125 0.45638587499999994 0.523548665625 0.454887421875 0.5256357953124999 0.45253271093749997 0.5269201828125001 0.44867954687499995 0.5269201828125001 0.4469670296875 0.519534953125 0.4433279296875 0.5158423375 0.44375605937499996 0.5113469796875 0.4476092234375 0.510704784375 0.45082019375 0.5139157546875001 0.4538170984375
3 0.5336632203125 0.438190378125 0.5360714484375 0.4321965671875 0.5367136421875001 0.4255605625 0.5354292546874999 0.42127926875000005 0.52981005625 0.415285459375 0.5254752468749999 0.40779319531249997 0.522745921875 0.40158532031250005 0.5201771468749999 0.39965873749999997 0.51921385625 0.40372596562499996 0.516163434375 0.4075791296875 0.5102231390624999 0.41635578124999995 0.5079754609375 0.4255605625 0.5084571062500001 0.43647786093749996 0.5099020421875 0.4399028953125 0.5153606921875 0.443113865625 0.5185716609375 0.4420435421875 0.5254752468749999 0.44482638281250003 0.5309338968749999 0.44375605937499996 0.5336632203125 0.438190378125
3 0.49336554687499995 0.46002497499999995 0.49786090468750005 0.46066716874999997 0.5029984562500001 0.4514623875 0.5078149125 0.4488936109375 0.5089387515625 0.4465389 0.5078149125 0.4433279296875 0.505406684375 0.44097321875000006 0.49930584062500005 0.434551278125 0.4951315796875 0.431982503125 0.49192061093749995 0.43155437343749997 0.4891912859375 0.4336950203125 0.48646196093749994 0.44054508906249995 0.4867830578125 0.4488936109375 0.489351834375 0.455529615625 0.49336554687499995 0.46002497499999995
3 0.469925465625 0.4255605625 0.4676777859375 0.4259886921875 0.463824621875 0.43048405 0.4607742 0.436905990625 0.462540234375 0.4469670296875 0.46687504375 0.45082019375 0.47088875625000004 0.45231864687499995 0.47570521093749996 0.45681400468750005 0.48020056875000006 0.45681400468750005 0.48260879687499997 0.46023903906249997 0.48549867031250005 0.46173749218750004 0.49127841562499996 0.46002497499999995 0.48838854375 0.45360303437500005 0.48630141250000003 0.4435419953125 0.48806744531249996 0.4349794078125 0.4827693453125 0.431340309375 0.47554466250000005 0.4274871453125 0.469925465625 0.4255605625
3 0.508778203125 0.41913862343749997 0.5166450796875 0.40779319531249997 0.5182505640625 0.4035119015625 0.516163434375 0.39837435 0.51118643125 0.3938789921875 0.507333265625 0.392594603125 0.50444339375 0.3930227328125 0.4997874875 0.3958055734375 0.49641596874999994 0.40072906093749994 0.4943288375 0.40608067812500004 0.49336554687499995 0.40907758281250006 0.490636221875 0.4125026171875 0.48870964062500005 0.42170739843750005 0.490636221875 0.4309121796875 0.4941682890625 0.4306981140625 0.5012324234375 0.4358356671875 0.506048878125 0.4414013484375 0.5102231390624999 0.44054508906249995 0.5079754609375 0.434551278125 0.50701216875 0.4266308859375 0.508778203125 0.41913862343749997
3 0.47875563281250005 0.4075791296875 0.4784345359375 0.4097197765625 0.4747419203125 0.41507139375 0.47891618124999996 0.4174261046875 0.4827693453125 0.42363398124999996 0.4861408640625 0.42449023906249994 0.48854909218750003 0.4210652046875 0.4904756734375 0.41293074687500003 0.49127841562499996 0.40929164843750004 0.4895123828125 0.40115719062500005 0.48887018906249996 0.39923060781249997 0.4848564765625 0.40522441875000004 0.47875563281250005 0.4075791296875
3 0.5029984562500001 0.380178853125 0.5028379078125 0.3739709765625 0.50042968125 0.3675490375 0.4968976140625 0.3636958734375 0.49304445 0.36262555 0.48790689687500005 0.3630536796875 0.4822877 0.3656224546875 0.4784345359375 0.371616265625 0.47538411406250003 0.37675381875 0.46880162500000006 0.382747628125 0.46623285000000003 0.395591509375 0.4683199796875 0.4028697078125 0.47088875625000004 0.408007259375 0.475223565625 0.4099338421875 0.48341153906249995 0.4062947421875 0.4895123828125 0.39923060781249997 0.495292128125 0.3934508625 0.4997874875 0.389383634375 0.5029984562500001 0.380178853125
3 0.8717877640625 0.43172822968749996 0.8715378250000001 0.428562334375 0.8699132203125 0.4240634296875 0.8655392859375001 0.42156403750000004 0.8616652296874999 0.4222305421875 0.857166325 0.4237301765625 0.85354220625 0.4213974109375 0.8495431796874999 0.42256379375 0.8447943359375 0.42439668125 0.8419200359375001 0.4307284734375 0.8430447624999999 0.43572725625000003 0.8487933625 0.43972628281250004 0.8570413546875001 0.441059290625 0.8620401375 0.44055941406250004 0.8701631609374999 0.43639376093750004 0.8717877640625 0.43172822968749996
3 0.85904086875 0.46522007656250003 0.8617901984375 0.4653867015625 0.8652893468749999 0.4653867015625 0.870912978125 0.4628873109375 0.8731624296874999 0.457555275 0.8734123687500001 0.454222753125 0.872912490625 0.4500571015625 0.87053806875 0.447557709375 0.8635397734374999 0.445558196875 0.8594157765625001 0.4463913265625 0.8574162640624999 0.44539157031250004 0.8534172375000001 0.44322543124999997 0.8460440312499999 0.44472506562499997 0.841795065625 0.44889071875 0.8410452484375 0.45222324062499997 0.8402954312500001 0.45705539687499996 0.8419200359375001 0.4623874328125 0.8470437890625 0.46588658125000004 0.8511677843750001 0.4672195890625 0.8537921453124999 0.46555332812500005 0.8556666890625 0.46505345 0.85904086875 0.46522007656250003
3 0.8834099359375 0.519373559375 0.8857843578125 0.524205715625 0.8891585359375 0.5287046203125 0.8914079875 0.527038359375 0.8941573187499999 0.5218729515625 0.9006557374999999 0.510875628125 0.9056545203124999 0.499545053125 0.906029428125 0.49254675625 0.9044048234375 0.486381590625 0.9004057984375 0.48171606093749997 0.8957819234375 0.4795499203125 0.8935324703124999 0.4800498 0.890908109375 0.48154943437500003 0.8876589015624999 0.4852152078125 0.8821602390625 0.48321569531249997 0.8799107875000001 0.4845487046875 0.87891103125 0.4875479734375 0.878536121875 0.49404639218749996 0.8765366078125 0.496712409375 0.8740372171875 0.5030442015625 0.8757867906250001 0.50754310625 0.87628666875 0.512708515625 0.8801607265625 0.51504128125 0.8821602390625 0.5167075421875 0.8834099359375 0.519373559375
3 0.904029915625 0.4860483390625 0.90552955 0.49054724375000003 0.90652930625 0.4945462703125 0.90827888125 0.49471289687500003 0.910653303125 0.49471289687500003 0.9146523296875 0.493879765625 0.9171517203124999 0.49171362656250006 0.91977608125 0.484382078125 0.9220255343750001 0.47488439062500004 0.9220255343750001 0.47021885937499996 0.9189012953125 0.4653867015625 0.9131526937500001 0.45838840625 0.9075290640624999 0.44955722343750004 0.8952820453125 0.439892909375 0.8885336875000001 0.438060021875 0.8842847218750001 0.43839327343749995 0.8816603609375001 0.44072603906249996 0.880785575 0.44405856093749996 0.8801607265625 0.45072360468749995 0.883159996875 0.4608877984375 0.8889085968750001 0.46971898124999995 0.895157075 0.4788834171875 0.897531496875 0.47921666875 0.901155615625 0.48154943437500003 0.904029915625 0.4860483390625
3 0.8630645843750001 0.4672302359375 0.8576006125 0.4654493859375 0.8529865937500001 0.46609696874999995 0.8497082109375 0.4680397140625 0.846186984375 0.47273468125000007 0.8433942875 0.481477034375 0.8433942875 0.4890861203125 0.8452156125 0.49491435624999996 0.8478868875 0.5007425921875 0.84849399375 0.5064089328125 0.850193896875 0.514989390625 0.8544436515625 0.5219508953124999 0.8618503687500001 0.5248650125000001 0.867800025 0.5245412218750001 0.8727783109375 0.5214652078124999 0.8755710062500001 0.515636971875 0.8758138499999999 0.50932305 0.8745996343750001 0.5044661875 0.8714426734374999 0.4962095203125 0.8687713984375 0.48827664375 0.8698641921875 0.480181871875 0.8688928203125 0.477267753125 0.8676786046875 0.4716014125 0.8630645843750001 0.4672302359375