3 0.13433443125 0.4576343859375 0.138161246875 0.4548192578125 0.13987671562499998 0.45094845625 0.140140634375 0.443910634375 0.1355220625 0.4377525390625 0.12892410468749999 0.4333539 0.12456945312500001 0.43247417343750005 0.11797149375 0.43265011875 0.1133529234375 0.43546524687500004 0.1103178625 0.4381044296875 0.1071508421875 0.4437346875 0.10754672031250001 0.4472535984375 0.1092621890625 0.4505965640625 0.114672515625 0.4527079109375 0.12232614687500001 0.4523560203125 0.1247014125 0.4553470953125 0.1270766765625 0.4572824953125 0.13433443125 0.4576343859375
3 0.1031920671875 0.4595697875 0.10332402656249999 0.465375990625 0.10596320937499999 0.47258975937500003 0.1096580671875 0.47575677968749996 0.1116374546875 0.47769217968750005 0.11454055625 0.481211090625 0.12047871875 0.4836743296875 0.124305534375 0.4813870359375 0.125757084375 0.47804407031249996 0.125757084375 0.4739973234375 0.1248333703125 0.4711821953125 0.1233818203125 0.4685430109375 0.1195550046875 0.46379248124999994 0.111901371875 0.45376358437500003 0.10820651562500001 0.4532357484375 0.1051714546875 0.4548192578125 0.1031920671875 0.4595697875
3 0.12773647187499998 0.47382137812499997 0.13446639062500002 0.4764605609375 0.1360499 0.476284615625 0.1365777359375 0.4748770515625 0.1348622671875 0.4690708484375 0.13222308437500002 0.4599216796875 0.1309034921875 0.45833816875 0.1269447171875 0.45798627812500003 0.12324986093750001 0.45587493125 0.12047871875 0.463440590625 0.12153439218749999 0.465903828125 0.1250972890625 0.46977462968749994 0.12773647187499998 0.47382137812499997
3 0.11259646718750001 0.51129286875 0.1112214765625 0.5141447015625 0.11274924374999999 0.5186261531249999 0.11901309062500001 0.52331130625 0.12374917031249999 0.5231076046875 0.12848525 0.5198483671874999 0.1339852125 0.5157743203125 0.137499078125 0.5114965703125 0.1382629625 0.5051817984375 0.13780463125 0.50151515625 0.13642964062500001 0.49642259843750003 0.135360203125 0.49275595625 0.1332213296875 0.4915337421875 0.12802691875 0.4899041234375 0.1243602765625 0.49499668124999996 0.12176307187499999 0.5011077515625 0.121151965625 0.5035521796875 0.11794365312499999 0.505589203125 0.11488811875 0.5086447374999999 0.11259646718750001 0.51129286875
3 0.128179696875 0.48970042031250005 0.1261935984375 0.48766339687500004 0.122221403125 0.4850152671875 0.11901309062500001 0.48623748125 0.1176381 0.488681909375 0.11488811875 0.49377446718750007 0.114582565625 0.501718859375 0.11565200312499999 0.5027373703125 0.11702699375 0.49703370468749997 0.12084641249999999 0.4956077890625 0.12466583125 0.49418187187499996 0.1274158125 0.4911263375 0.128179696875 0.48970042031250005
3 0.5108298328124999 0.4346206671875 0.509116684375 0.4290139984375 0.506780571875 0.42548387343750005 0.503198534375 0.423614984375 0.498837790625 0.42340732968749994 0.49447704843749996 0.4271451078125 0.48902612031250003 0.4321288140625 0.48653426875 0.43233646875 0.4829522296875 0.4325441234375 0.4770340796875 0.4360742484375 0.47469796718749996 0.4437574609375 0.4754766703125 0.449156475 0.47983741406249997 0.45476314375 0.48902612031250003 0.4549707984375 0.4963459390625 0.4514406734375 0.5046002015625 0.44479573281249996 0.509272425 0.440434990625 0.5108298328124999 0.4346206671875
3 0.4782800046875 0.4535172171875 0.475788153125 0.45123301875 0.47220611406249996 0.452271290625 0.4689355578125 0.4564243796875 0.4690912984375 0.4585009234375 0.4718946328125 0.46618413593749997 0.4753209296875 0.46597648124999996 0.4804603765625 0.46431524687500003 0.48419815625 0.4609927765625 0.489649084375 0.4560090703125 0.48606704531249995 0.456216725 0.482017784375 0.4560090703125 0.4782800046875 0.4535172171875
3 0.47220611406249996 0.46992191562499996 0.47111592812499997 0.47386735 0.47267333593750005 0.4798893265625 0.47641111562500005 0.4834194515625 0.482173525 0.4834194515625 0.48419815625 0.477605128125 0.4852883421875 0.4742826578125 0.4851326 0.46743006249999997 0.48014889531250005 0.46701475468750003 0.47609963437499997 0.46618413593749997 0.47220611406249996 0.46992191562499996
3 0.49245241875 0.4742826578125 0.4966574203125 0.4786434 0.5005509406249999 0.48570365000000004 0.508805203125 0.4823811796875 0.5184611328125001 0.477605128125 0.5223546531250001 0.47116784218749996 0.5234448375 0.46473055625 0.52251039375 0.456632034375 0.520018540625 0.45102536562499995 0.5155020578125 0.44832585781249995 0.5126987234375 0.44853351249999995 0.508805203125 0.45081771093749995 0.504132978125 0.4545554890625 0.5021083484375 0.45808561406250004 0.49852630937500003 0.45912388593750003 0.492919640625 0.45912388593750003 0.4884031578125 0.461408084375 0.48559982343749997 0.4665994453125 0.4852883421875 0.47345204062499996 0.487624453125 0.47324438593749996 0.49027204687500003 0.47324438593749996 0.49245241875 0.4742826578125
3 0.49400982656250003 0.47490562187499996 0.49073926874999996 0.47303673125 0.48606704531249995 0.474075003125 0.4829522296875 0.4809275984375 0.482173525 0.48819550312500004 0.4832637109375 0.493802171875 0.484665378125 0.49712464218749997 0.487001490625 0.5087532890625 0.49011630625 0.5129063765625 0.49105075156250005 0.5070920546875 0.4921409375 0.502316003125 0.4951000125 0.4981629140625 0.5028870515625 0.49442513593750004 0.5002394578125 0.48715723125 0.497903346875 0.4815505625 0.49400982656250003 0.47490562187499996
3 0.49198519531249996 0.506469090625 0.4913622328125 0.5126987234375 0.49463278906249997 0.517682428125 0.498837790625 0.5189283546875 0.5017968671874999 0.5216278625 0.5053789046875 0.521212553125 0.509116684375 0.517682428125 0.5137889078125 0.5170594656249999 0.5169037249999999 0.5143599578125 0.52251039375 0.5068844 0.5237563203125 0.50127773125 0.5240678015625 0.49712464218749997 0.5218874296875 0.49359451718749997 0.5192398359375 0.49047970156250004 0.5156577984374999 0.4898567390625 0.5116085375 0.49131031875 0.5055346453125 0.49525575312500003 0.5030427937499999 0.49359451718749997 0.495567234375 0.49774760625000003 0.49323112187499996 0.50190069375 0.49198519531249996 0.506469090625
3 0.83922693125 0.43539506093749997 0.8374570312499999 0.43205191875000004 0.8346546921875 0.4304786765625 0.8300824546875001 0.4302820203125 0.8275750984375 0.4312652984375 0.8241827921875 0.43519840624999995 0.8224128937499999 0.44011479062500003 0.8216754359375 0.44483452031250004 0.8176931640625 0.45211077031249997 0.8172506890625 0.460566953125 0.8206429953125 0.46705658124999994 0.8252152328125 0.467843203125 0.8291975046875001 0.46685992499999995 0.8318523531249999 0.4643034046875 0.8349496750000001 0.4587970546875 0.835982115625 0.451914115625 0.83922693125 0.44424455468749996 0.8398168968749999 0.4385415484375 0.83922693125 0.43539506093749997
3 0.8461590328125 0.46410675 0.8486663890624999 0.460566953125 0.853681103125 0.457617121875 0.8554510015625001 0.45663384531249995 0.856188459375 0.4554539125 0.8550085265625 0.4507341828125 0.8544185609375001 0.44798100625000004 0.8520586953124999 0.44680107500000005 0.8510262546874999 0.444441209375 0.8489613734375 0.44070475625 0.84792893125 0.43932816875 0.8451265921875001 0.44011479062500003 0.8404068625000001 0.441688034375 0.838931946875 0.44660441874999995 0.836867065625 0.451717459375 0.8401118796875 0.4568305 0.8427667281250001 0.459583675 0.8449791015624999 0.46391009531250005 0.8461590328125 0.46410675
3 0.8380469984375001 0.49321175000000006 0.8418817781250001 0.4936050609375 0.843946659375 0.49222847343750004 0.8455690671875 0.4890819859375 0.8473389656249999 0.486722121875 0.8513212375 0.483772290625 0.8544185609375001 0.48062580468749994 0.8560409671875 0.47865925000000004 0.8560409671875 0.476496040625 0.8584008328125 0.47393952031250003 0.8610556796875001 0.4709896890625 0.8632680531249999 0.46803985781249996 0.8644479859375 0.46371343906250007 0.8631205625 0.459583675 0.86017073125 0.45643718906249997 0.8563359500000001 0.45643718906249997 0.8522061875 0.4586003984375 0.848223915625 0.4629268171875 0.8421767609374999 0.469023134375 0.8381944890625 0.47393952031250003 0.8361296078124999 0.4896719515625 0.8380469984375001 0.49321175000000006