3 0.14038520000000002 0.4890414015625 0.1460698125 0.4900300296875 0.15051863906250001 0.4870641453125 0.1527430515625 0.47915512031249996 0.15200158125000002 0.4728938078125 0.15051863906250001 0.4669620390625 0.1475527546875 0.4590530140625 0.1443397125 0.44982581718750003 0.1379136296875 0.4438940484375 0.1309932328125 0.44224633437499994 0.12506146406250002 0.44323496249999994 0.121601265625 0.44916673281249997 0.123825678125 0.460371184375 0.1300046046875 0.46762112499999997 0.131487546875 0.4758596921875 0.1359363734375 0.48574597500000005 0.14038520000000002 0.4890414015625
3 0.1223427359375 0.45279170156250004 0.116163809375 0.452462159375 0.10949057031250001 0.4534507875 0.10158154374999999 0.4531212453125 0.10158154374999999 0.4541098734375 0.10232301562499999 0.4630075265625 0.10158154374999999 0.4689392953125 0.1025701734375 0.4794846625 0.1065246859375 0.48113237656249996 0.11196214062500001 0.488382315625 0.11517518125 0.488382315625 0.12085979375 0.48574597500000005 0.12456715 0.47915512031249996 0.12753303437500002 0.476518778125 0.1292631328125 0.474541521875 0.129757446875 0.46762112499999997 0.1272858765625 0.464325696875 0.12258989375 0.45971209999999996 0.1223427359375 0.45279170156250004
3 0.0931782046875 0.48146191875 0.09095379218750001 0.486405059375 0.09095379218750001 0.49530271406250004 0.0968855609375 0.503870825 0.10281732968749999 0.508813965625 0.1075133140625 0.5157343625 0.11690528124999999 0.5229843015625 0.12506146406250002 0.5256206437500001 0.1292631328125 0.5236433875000001 0.1364306875 0.5160639046875 0.137419315625 0.50980259375 0.1347005875 0.5022231109375 0.1302517609375 0.49760951249999996 0.11912969375 0.49365500000000007 0.1092434125 0.483439175 0.10504174375 0.482450546875 0.10133438749999998 0.48080283437500004 0.0931782046875 0.48146191875
3 0.2145323125 0.546711378125 0.2140379984375 0.5411091515625001 0.21033064375000002 0.5351773828125 0.20711760156249998 0.5332001265625 0.20489318750000002 0.5312228703125 0.20242161875 0.530563784375 0.1974784765625 0.5275979000000001 0.1903109234375 0.5239729296875 0.1828962109375 0.5246320156250001 0.17894169843750002 0.52957515625 0.1757286578125 0.5351773828125 0.1777059140625 0.5394614390625 0.18462631093749998 0.54770000625 0.1893222953125 0.5493477203125 0.1955012203125 0.554949946875 0.200938675 0.5585749156250001 0.20711760156249998 0.5595635453125001 0.21156642812499998 0.55560903125 0.21428515625000003 0.5513249765625 0.2145323125 0.546711378125
3 0.1787285984375 0.5698479734374999 0.18107257968749998 0.57557770625 0.185955875 0.5789634578125 0.19025317343749998 0.578703015625 0.195917796875 0.5724523984375 0.200605759375 0.5706293015624999 0.20334040468749998 0.5695875312500001 0.20158241875 0.567764434375 0.20158241875 0.561774259375 0.2011917546875 0.5596907203125 0.19474580625 0.5547423140625 0.19083916875 0.55161700625 0.188104525 0.552658775 0.18322122968750001 0.5573467390625 0.182635234375 0.5609929328125001 0.17931459375 0.5638577984375 0.1787285984375 0.5698479734374999
3 0.15392145937499999 0.5573467390625 0.151968140625 0.5628160296875 0.1504054875 0.5734941671875 0.1535307953125 0.5805261125000001 0.15392145937499999 0.58547451875 0.15821875937500002 0.5930273484375 0.1662273625 0.597975753125 0.17716594375 0.596933984375 0.17970525625 0.5940691171875 0.1802912515625 0.5893811546875 0.17931459375 0.583651421875 0.17716594375 0.57557770625 0.1744312984375 0.571410628125 0.1736499703125 0.5656808953125 0.1713059890625 0.5583885078125 0.16896200781249998 0.5555236421874999 0.16583669843749999 0.5518774484375 0.1613440671875 0.552658775 0.156265440625 0.554481871875 0.15392145937499999 0.5573467390625
3 0.54243144375 0.48712848593749997 0.5487903203125 0.4863577140625 0.5522587984375 0.47942075781250004 0.5524514921875 0.469400709375 0.550717253125 0.46503299531250003 0.5470560812499999 0.46143605625 0.53992643125 0.4503883109375 0.534145634375 0.4457636734375 0.52817214375 0.44293750625 0.5233548140625001 0.44422212656250004 0.51718863125 0.44756214375000003 0.5160324703125 0.4583529640625 0.5183447890624999 0.464776071875 0.5279794515625 0.47428227031250003 0.53279678125 0.4801915296875 0.5379995 0.48533001562500006 0.54243144375 0.48712848593749997
3 0.499460853125 0.4917531234375 0.4998462390625 0.49920392968750005 0.5037001046875 0.509737825 0.5090955140625 0.5117932203125 0.51661055 0.513334765625 0.5266305984375 0.5148763109375001 0.527401371875 0.513334765625 0.534145634375 0.506654734375 0.5351091 0.501773171875 0.534145634375 0.4989470046875 0.5324113953125 0.49663468593750004 0.5285575312499999 0.49406544218750004 0.5241255875 0.4914962 0.5183447890624999 0.488156184375 0.5129493796875 0.4868715625 0.50543434375 0.48712848593749997 0.499460853125 0.4917531234375
3 0.507361275 0.5426241375 0.5114078328125 0.5490472453125 0.520464415625 0.5475056984375 0.5247036671875 0.548019546875 0.5283648375000001 0.5487903203125 0.5289429171875 0.545964153125 0.529520996875 0.5408256671875 0.5339529421875 0.5284932999999999 0.5349164078124999 0.5223271171875 0.5318333156249999 0.522840965625 0.5266305984375 0.5233548140625001 0.52393289375 0.52155634375 0.5231621203125 0.520271721875 0.5173813234375 0.520528646875 0.5137201515625 0.522840965625 0.5085174343750001 0.5302917703125 0.5071685828125 0.53517333125 0.507361275 0.5426241375
3 0.8736409546875 0.435148184375 0.8764574484375001 0.43585230781249995 0.8783937875 0.435148184375 0.8838507421875 0.430219321875 0.88332265 0.42669870625 0.8840267734375 0.42036159531250006 0.886315175 0.4105038703125 0.8937084687500001 0.397125528125 0.8944125921875001 0.3945437421875 0.8931803765625 0.3931354953125 0.8903638828125 0.3959519890625 0.8810342500000001 0.40393205312499997 0.876985540625 0.40886091562500004 0.8766334796875 0.41402448593749996 0.8748731703124999 0.4201268890625 0.8732888937500001 0.42482104375 0.8713525546875 0.43209698437500005 0.8736409546875 0.435148184375
3 0.8803301265625001 0.40205439062500004 0.8842028046875001 0.3987684828125 0.8857870812499999 0.39337020312500004 0.884730896875 0.38515543281250003 0.8836747125000001 0.38210423125 0.8805061578125001 0.3792877390625 0.8766334796875 0.37764478437500004 0.8754012640625 0.383512478125 0.8739930171875001 0.387502509375 0.8685360609374999 0.39477845 0.87293683125 0.40252380624999995 0.8771615718750001 0.4046361765625 0.8803301265625001 0.40205439062500004
3 0.8761053875 0.3769406609375 0.8752252328125 0.3710729671875 0.8708244625000001 0.366144103125 0.866599721875 0.36426644218750004 0.862022921875 0.3656746890625 0.8562139046875 0.3715423828125 0.85304535 0.38093069218750003 0.850052825 0.397125528125 0.8511090109375001 0.40745266874999997 0.8558618421874999 0.41543273281250004 0.8607907062500001 0.41895334999999995 0.8678319374999999 0.4196574734375 0.8715285859374999 0.4168409796875 0.8736409546875 0.40956503906249997 0.8724087390624999 0.40252380624999995 0.8708244625000001 0.398533775 0.868184 0.3945437421875 0.8717046156249999 0.3910231265625 0.8750492015625 0.38398189375 0.8761053875 0.3769406609375