0 0.22770100000000001 0.48473297656250003 0.22646601249999998 0.47999885468750003 0.22445915625 0.47361808125 0.2218348046875 0.47485306875 0.21519674218749998 0.4764997203125 0.214733621875 0.4795871921875 0.21550548906250003 0.4832921578125 0.2175123453125 0.4869971234375 0.2198279484375 0.4888496046875 0.22306979375 0.4880262796875 0.2266203859375 0.4878204484375 0.2275466265625 0.4869971234375 0.22770100000000001 0.48473297656250003
0 0.21680015468749997 0.4955646953125 0.2191689390625 0.49736948437499995 0.2214249234375 0.4979710796875 0.2232297125 0.49812147968750004 0.22469610156250003 0.49751988281250004 0.22661368906249998 0.498271878125 0.22909527187499998 0.49782068125 0.23044886406249998 0.49691828750000006 0.23157685625000002 0.49526389843749996 0.231915253125 0.493609509375 0.232028053125 0.49225591875 0.231012859375 0.489699134375 0.22875687500000003 0.48879674062499995 0.223680909375 0.48834554375000006 0.21860494218749998 0.48849594375 0.2158977609375 0.489699134375 0.2155593625 0.492556715625 0.21680015468749997 0.4955646953125
0 0.2307872609375 0.48263038125 0.23315604531249998 0.48247998281250004 0.2364272234375 0.4815775890625 0.23732961718749998 0.47676482187499997 0.238570409375 0.473004846875 0.238570409375 0.47150085624999993 0.2383448109375 0.46593609375 0.236765621875 0.462627315625 0.2345096359375 0.46022093125 0.233832840625 0.46067212812499997 0.23338164374999998 0.462627315625 0.23259205 0.46864327499999997 0.2298848671875 0.47255364999999994 0.22582409375 0.47676482187499997 0.22638809062499998 0.48082559375 0.22740328437500001 0.48217918437499996 0.2307872609375 0.48263038125
0 0.238570409375 0.485187165625 0.2392472046875 0.4853375640625 0.24150318906249998 0.48353277656250004 0.243307978125 0.48323197812499996 0.246127959375 0.4842847703125 0.24781994843750002 0.486089559375 0.2492863375 0.4818783875 0.24962473593749998 0.47571202812499996 0.25018873125 0.469094471875 0.2500759328125 0.46578569375 0.24748155 0.4636801078125 0.24556396249999998 0.462627315625 0.24353357656250002 0.46352970937500004 0.2402623984375 0.46503370000000005 0.2392472046875 0.46834247656250005 0.2383448109375 0.4727040484375 0.23732961718749998 0.47796801406249995 0.23755521562499998 0.4818783875 0.238570409375 0.485187165625
0 0.24759435000000002 0.503836640625 0.249737534375 0.5036862421875 0.25041433125 0.5023326499999999 0.25041433125 0.5002270640625001 0.2500759328125 0.49782068125 0.24939913749999998 0.49541429687500005 0.2486095421875 0.4924063171875 0.24748155 0.4880447453125 0.2463535578125 0.4857887609375 0.244210371875 0.4842847703125 0.2419543875 0.4838335734375 0.2401495984375 0.48443517031249994 0.2387960078125 0.4866911546875 0.2382320125 0.48999993281250004 0.2387960078125 0.49315831250000003 0.23992399999999997 0.49586549375000005 0.24150318906249998 0.4997758671875 0.2430823796875 0.5030846453125 0.24759435000000002 0.503836640625
0 0.2314637328125 0.495985640625 0.23247892656250002 0.5000464140624999 0.23383251718750003 0.5017008015625 0.2348477109375 0.502452796875 0.23665249843749997 0.5060623734374999 0.23845728593749999 0.5084687578125 0.24048767343750002 0.5078671609375001 0.2412772671875 0.5003472109375 0.2409388703125 0.49733923124999996 0.24082607031249997 0.4961360390625 0.23924688125000002 0.49448165 0.23744209375 0.49147367031250005 0.23552450625 0.49027047812499996 0.2333813203125 0.49207526562500004 0.2314637328125 0.495985640625
0 0.549839390625 0.424914521875 0.5505829906249999 0.42278994843750006 0.5494144765625 0.418399165625 0.547077446875 0.41485821093749997 0.5448466453125 0.4142916578125 0.5434656734375001 0.41485821093749997 0.5416597859375 0.4161329546875 0.5384729265625 0.41641623125000005 0.5373044124999999 0.41868244218750006 0.5377293265625 0.42448960625 0.539216528125 0.4291636671875 0.5405975 0.42859711406249995 0.5430407578125 0.4271807328125 0.5452715593749999 0.42548107343749997 0.547183675 0.426189265625 0.54845841875 0.426189265625 0.549839390625 0.424914521875
0 0.53932275625 0.43100496250000003 0.5399601281249999 0.4345459171875 0.54187224375 0.4389367 0.5450591015625 0.4397865296875 0.54665253125 0.43921997656249995 0.548670875 0.4383701484375 0.551114134375 0.43482919375 0.5520701921875 0.4311466015625 0.5520701921875 0.42703909375000004 0.551645278125 0.4246312453125 0.55100790625 0.4232148640625 0.5495207046874999 0.42505615937499996 0.5476085890625 0.426189265625 0.5449528734375 0.4267558171875 0.543253215625 0.42746400937500006 0.5415535578124999 0.42803056093749997 0.5398539 0.4291636671875 0.53932275625 0.43100496250000003
0 0.5343300109375 0.45210904999999996 0.532099209375 0.45522509062500005 0.5319929812499999 0.457208025 0.5316742953125 0.45975751249999997 0.531355609375 0.463015190625 0.5322054374999999 0.46443157187499995 0.533373953125 0.46513976250000005 0.5349673828125 0.46400665781250006 0.5357109828125 0.46273191406249997 0.53677326875 0.4596158734375 0.53751686875 0.457774578125 0.53751686875 0.455366728125 0.5377293265625 0.45380870937499995 0.5376230984375 0.45055103125 0.53602966875 0.4497012015625 0.5354985250000001 0.45097594531249996 0.5343300109375 0.45210904999999996
0 0.5563193375 0.47703736875 0.55759408125 0.47873702656250006 0.5586563671875 0.47916194218749997 0.55982488125 0.4783121125 0.5612058546875 0.4766124546875 0.5625868265625 0.4740629671875 0.5640740265625 0.47038037499999996 0.56492385625 0.467122696875 0.5647113984375001 0.4647148484375 0.5631179687500001 0.463015190625 0.561524540625 0.46117389375 0.558443909375 0.46174044687500004 0.556956709375 0.46513976250000005 0.5563193375 0.4672643359375 0.554938365625 0.4695305453125 0.5539823078125 0.472221671875 0.5539823078125 0.47519607343750003 0.55451345 0.4756209875 0.5563193375 0.47703736875
0 0.55018631875 0.47488169999999996 0.5525233484375 0.47488169999999996 0.5537980921875 0.472898765625 0.5544354640625 0.47020763906249996 0.555922665625 0.46794142968749997 0.5570911796875 0.46610013281249996 0.5577285515625 0.46312573125 0.5583659234375 0.46156771093750004 0.5597468953125 0.461284434375 0.5602780390625 0.4601513296875 0.5603842671875 0.4594431390625 0.5603842671875 0.45802675624999994 0.56006558125 0.45689365156250006 0.5592157531249999 0.455902184375 0.557941009375 0.45505235468749994 0.5558164359375 0.45519399375 0.5537973421875 0.45684358593749996 0.5530353390625 0.46084784062499995 0.5520984343750001 0.4641171984375 0.5496551765625 0.46765815312500003 0.548805346875 0.46992436406250004 0.5484866609375 0.4727571265625 0.55018631875 0.47488169999999996
0 0.557582546875 0.455212659375 0.556647946875 0.454215753125 0.5541245265625 0.4535926859375 0.552722625 0.45446497968750005 0.550853425 0.45708186093750003 0.5501057453125 0.45832799375000005 0.5498253640625 0.45994796875 0.5493580640625 0.46156794218749997 0.5474888640625 0.4634371421875 0.5457131234375 0.46867090468750006 0.5470215640625 0.47153701249999996 0.548049625 0.47166162500000003 0.5487973046875 0.471287784375 0.5500122843749999 0.46817244999999996 0.551227265625 0.46630325 0.552161865625 0.4638109828125 0.5532833859374999 0.4603218078125 0.553096465625 0.457829540625 0.5547787468750001 0.455960340625 0.557582546875 0.455212659375