0 0.08220459375 0.5552504 0.08565948281249999 0.5564381515625 0.0888914796875 0.5558442734375 0.0922349296875 0.5537657078125 0.09357230625 0.549460103125 0.09368375 0.5460453109375 0.09368375 0.5409973625 0.0947982359375 0.5365432890624999 0.095355475 0.5329800312499999 0.095355475 0.5298621781249999 0.09346085937500001 0.52763514375 0.09067465 0.5268927984375 0.0871083109375 0.5268927984375 0.0867739671875 0.531643809375 0.08510224375 0.5369886968750001 0.0839877640625 0.540403484375 0.081535903125 0.5432243984375 0.0797527328125 0.54559990625 0.07964128125 0.550202446875 0.08220459375 0.5552504
0 0.0849907984375 0.52808055 0.081535903125 0.52793208125 0.08019852656250001 0.5298621781249999 0.079418384375 0.5319407468749999 0.0788611453125 0.5359494140625001 0.0776352140625 0.537731040625 0.0746261140625 0.5405519546875001 0.0746261140625 0.5482723515625 0.077300871875 0.550202446875 0.07919549375 0.5507963250000001 0.079418384375 0.548866225 0.08064431562499999 0.544115215625 0.0823160390625 0.5420366453125001 0.0835419703125 0.5398096109375 0.08465645000000001 0.5355040062499999 0.08599383125 0.5334254375 0.08643961875 0.5298621781249999 0.0849907984375 0.52808055
0 0.10259960625 0.5551019296875 0.10337974375 0.5576259046875001 0.10382553750000001 0.5629707921875 0.105274365625 0.56133763125 0.1060545015625 0.5583682484375 0.10538581093749999 0.5524294859375 0.10494001718749998 0.548866225 0.10638884374999999 0.544115215625 0.10761477500000001 0.5411458328125 0.1083949109375 0.53832491875 0.1070575359375 0.5358009453125 0.10572015937499998 0.535058596875 0.10367991406249999 0.535610046875 0.1020423671875 0.54084889375 0.09959050625 0.546639190625 0.0999248484375 0.55064785625 0.10259960625 0.5551019296875
0 0.1070575359375 0.5659401749999999 0.10761477500000001 0.5669794578125 0.1098437390625 0.56653405 0.115527596875 0.5597044703125 0.11597338593749999 0.5567350875 0.11485890624999999 0.551984078125 0.11575049374999999 0.54812388125 0.11753366406250002 0.544115215625 0.1177565609375 0.5415912406250001 0.11753366406250002 0.5378795109375 0.11597338593749999 0.5352070671875 0.1138558734375 0.5337223765625 0.1107353265625 0.53491013125 0.1088407046875 0.5363948187500001 0.10817201406250002 0.53817645 0.1058860328125 0.5461726765625 0.105274365625 0.5512417296875001 0.10594305 0.557328965625 0.1067231921875 0.5634162015624999 0.1070575359375 0.5659401749999999
0 0.47056335000000005 0.52455435625 0.46880749374999997 0.528493925 0.4692695609375 0.5336646140625 0.47139507187499996 0.5388352984375 0.47564609375 0.5420362 0.47758678125 0.5427748703125 0.481283325 0.5430210953125 0.48534951875 0.541913090625 0.48562676250000003 0.5377272953125 0.48303918125 0.5324334984375 0.48010918281250003 0.5296109546875 0.476477815625 0.5250468046875 0.47509161562499996 0.5232001281249999 0.47241162187499997 0.5222152359375001 0.47056335000000005 0.52455435625
0 0.4880295125 0.5373579625 0.490986746875 0.536619290625 0.49237295156250005 0.5350188421875 0.4935743296875 0.5329259453125 0.493666740625 0.5278783687499999 0.49292743437500003 0.5249236921875 0.490986746875 0.52135345625 0.4880295125 0.5182756671875001 0.48257711406250003 0.514951653125 0.478418503125 0.5138436484375 0.4751840265625 0.5139667609374999 0.47185713749999997 0.51618276875 0.4702861109375 0.5202454515625 0.4707481765625 0.5243081328125 0.47352058281250003 0.5219690124999999 0.4758309203125 0.5236925765625 0.47961027500000003 0.5286131390625 0.48109849687499995 0.5303406015625 0.484702625 0.535757509375 0.4880295125 0.5373579625
0 0.4911715734375 0.5608627390625001 0.49237295156250005 0.560370290625 0.49385156874999997 0.55852361875 0.4944060515625 0.55507649375 0.4944060515625 0.551136921875 0.49348191249999995 0.5481822453125 0.4916336453125 0.545843125 0.4887688234375 0.544612009375 0.486550896875 0.542642225 0.484887453125 0.5419035531249999 0.4832240078125 0.5422728890624999 0.481837803125 0.5431346687499999 0.4813757359375 0.544488896875 0.48082125312499996 0.5462124609375001 0.47961988125 0.5476897984375 0.4786957421875 0.5503982546875 0.48035918750000006 0.553968490625 0.48266952500000004 0.55569205 0.48484880625000004 0.55577589375 0.4872902078125 0.55864673125 0.48904606250000004 0.5596316234375001 0.4911715734375 0.5608627390625001
0 0.47398264843750004 0.56504853125 0.47564609375 0.56837254375 0.478418503125 0.5697267734375 0.481283325 0.5697267734375 0.4850722796875 0.57194278125 0.49015502499999997 0.572681453125 0.4924653671875 0.5708347765624999 0.4930198453125 0.5676338765625 0.4930198453125 0.564432971875 0.49237295156250005 0.5608627390625001 0.49181846875 0.560493403125 0.48978537343750006 0.560370290625 0.488214340625 0.55864673125 0.4859040015625 0.5576618359375 0.4837784921875 0.555938275 0.48127329999999996 0.5558867625 0.479804709375 0.55840050625 0.4776791921875 0.56172451875 0.47398264843750004 0.56504853125
0 0.47425989375000005 0.54842846875 0.47167231093749995 0.553722265625 0.4715798984375 0.5581542828125 0.47222679375 0.5614782953125 0.47425989375000005 0.563817415625 0.47555368124999997 0.5628325234375 0.47730953749999994 0.560616515625 0.4809136703125 0.55667694375 0.47878815937499997 0.550521365625 0.479157809375 0.5481822453125 0.4813757359375 0.544612009375 0.4811069984375 0.5426934250000001 0.47925022500000003 0.5436271171875 0.47740195312499994 0.543873340625 0.47425989375000005 0.54842846875
0 0.4702861109375 0.5390719890625 0.46825301093749994 0.54079555 0.46686680625 0.542642225 0.46649715 0.5467049046875 0.46714404375 0.5494133609375 0.46834542187499995 0.5515062578125 0.46825301093749994 0.5528604859375 0.46825301093749994 0.55569205 0.46843783749999995 0.557784946875 0.4692695609375 0.56000095625 0.4702861109375 0.5593853984375 0.4721343828125 0.5535991546875 0.47389023750000003 0.5501520296875 0.47481437031249996 0.5476897984375 0.4751201046875 0.5446890546875001 0.47398264843750004 0.5422728890624999 0.4721343828125 0.539564434375 0.4702861109375 0.5390719890625
0 0.863345409375 0.536239790625 0.8621314468750001 0.5339487390625 0.8592988781249999 0.5320619890625 0.8564663046875 0.5308490796875 0.8550500203125001 0.5320619890625 0.85292559375 0.5350268812500001 0.8495872046875 0.5377222359375 0.846855796875 0.5427086421875 0.8472604515625 0.546751671875 0.849688371875 0.54796458125 0.8527232671875 0.54796458125 0.8546453656249999 0.5458082984375 0.8583495390625 0.541888315625 0.8609174906250001 0.5404175921875 0.8629407562500001 0.53758746875 0.863345409375 0.536239790625
0 0.8401790218749999 0.5528162234375 0.840988328125 0.5575330890625 0.84452904375 0.5602284453124999 0.8477662671875 0.5614413546875 0.8530267546875001 0.5615761265625 0.8561628171875 0.562384728125 0.8603105078125 0.5602284453124999 0.8637500578124999 0.5579373984375 0.8656721624999999 0.5534900609375 0.8651663484375 0.5502556328125 0.8635477375 0.5474255125 0.861524471875 0.5463473703124999 0.8592988781249999 0.54499969375 0.8563651437500001 0.5459430671875001 0.854038390625 0.54796458125 0.8519139578124999 0.5489079578125 0.8479685937499999 0.5476950484375 0.845540675 0.54796458125 0.8415953093749999 0.549177490625 0.8401790218749999 0.5528162234375
0 0.8610186499999999 0.5274798875 0.858691896875 0.5293666375 0.8577814281249999 0.5313881515625 0.8610186499999999 0.5328705984375001 0.8644582062499999 0.5358354859375 0.8641547125000001 0.5373179312499999 0.8608163296875 0.5398785187499999 0.858894225 0.543652015625 0.8590965515625 0.5452692296875 0.8617267984374999 0.5452692296875 0.864660528125 0.548638421875 0.8659756515625 0.5502556328125 0.86820124375 0.5490427265625 0.8706291625 0.5456735296875 0.8692128796875 0.542573875 0.86789775625 0.5394742140625 0.867088446875 0.536239790625 0.8655404359375 0.529630415625 0.8641547125000001 0.52721035 0.863345409375 0.52680605 0.8610186499999999 0.5274798875
0 0.8700221812500001 0.5432477109375 0.8704268359375 0.5440563203125001 0.8704268359375 0.5456735296875 0.8694152 0.5482341171875 0.86850473125 0.5494470265625 0.87133730625 0.5510642406249999 0.8749791828125 0.5499861 0.8787222203124999 0.5478298171875 0.8806443249999999 0.546077834375 0.88125130625 0.5440563203125001 0.8802396703124999 0.538665609375 0.8803408375 0.5359702546875 0.87973385625 0.5326010609375 0.8768001203125 0.5297709375 0.8734617312499999 0.527884190625 0.8709326515625 0.5269408140625 0.8693140406250001 0.5264017453125 0.8679989171875 0.5265365140625 0.8674931015625 0.5270755828125 0.8659756515625 0.5290971015625 0.8669872859375 0.533679203125 0.867695428125 0.5365093265625 0.8688082250000001 0.5401480546874999 0.8700221812500001 0.5432477109375
0 0.8563651437500001 0.528153728125 0.8557581624999999 0.520606734375 0.8524197796875 0.5176418421875 0.8504976750000001 0.516159396875 0.8487779015625 0.5165637015625 0.8469569640625 0.51845045 0.8443267171875 0.5226282484375 0.8417976359375 0.52721035 0.8371441265625 0.534353040625 0.8378522687500001 0.5401480546874999 0.839268553125 0.54311294375 0.844124390625 0.544191084375 0.8457430015625 0.543652015625 0.8477662671875 0.5409566609375001 0.8500930203125 0.537991771875 0.85215990625 0.534970490625 0.8547465328125 0.5331401296875 0.8561628171875 0.5309838484375 0.8563651437500001 0.528153728125