3 0.5809868953125 0.13410279375 0.5892509328125 0.13842263125 0.5955115671875 0.1393617265625 0.5990175234375 0.1387982703125 0.602273053125 0.13372715625 0.6017722015625 0.12583875625000002 0.6000192249999999 0.12264583281250001 0.5972645453125 0.12264583281250001 0.594009015625 0.1203920046875 0.5912543359375 0.1138183375 0.5869971046875 0.1066812140625 0.5757279625 0.103863928125 0.568465625 0.10536648125 0.566211796875 0.10949850000000001 0.567463925 0.1168234421875 0.5692169015624999 0.12245801406250001 0.57172115625 0.12452402343749999 0.5732237078125 0.127529128125 0.5809868953125 0.13410279375
3 0.549433296875 0.103488290625 0.545176065625 0.10142228125 0.5389154296875 0.10029536718750001 0.5339069234375 0.10029536718750001 0.5286479890625 0.1029248328125 0.5268950109375 0.10555429999999999 0.5273958624999999 0.1106254140625 0.53115224375 0.11832599531250002 0.5394162812500001 0.13015859375 0.5486820203125 0.1369200796875 0.5551930796875 0.137859175 0.562204990625 0.1371078984375 0.569968178125 0.13372715625 0.5714707296875 0.12865604218749999 0.5712203046875 0.1256509375 0.5689664765625 0.122082375 0.561954565625 0.11813817499999998 0.5551930796875 0.10931068125000001 0.552187975 0.10649339531249999 0.549433296875 0.103488290625
3 0.5283975640625 0.1265900328125 0.528898415625 0.12114328125 0.5278967140625 0.1173869 0.5268950109375 0.11456961406249999 0.5241403328125 0.1110010515625 0.5213856531250001 0.1123157859375 0.516877996875 0.1128792421875 0.5138728921875 0.1121279671875 0.5118694890625 0.111564509375 0.5081131078125 0.1128792421875 0.50686098125 0.11550870937499999 0.5051080031249999 0.11813817499999998 0.501351621875 0.1213311 0.5000994953125 0.126026575 0.50736183125 0.131661146875 0.5128711906250001 0.13485407031250002 0.5166275703125 0.13485407031250002 0.5223873546875 0.1327880609375 0.5256428843750001 0.12978295625 0.5283975640625 0.1265900328125
3 0.486576525 0.13128550781249998 0.48407227031250005 0.14030082187499998 0.4863261 0.1461232125 0.4895816296875 0.1487526796875 0.4958422640625 0.1526968796875 0.4995986453125 0.156641078125 0.508864384375 0.1590827265625 0.509615659375 0.16208783124999998 0.5178796984375 0.164717296875 0.5271454375 0.1630269265625 0.529649690625 0.1579558125 0.529148840625 0.15232124062500002 0.5263941609375 0.1474379453125 0.5158762953125 0.13767135625 0.49859694374999997 0.12621439375000001 0.4963431140625 0.12546311875 0.4903329046875 0.12640221406250002 0.486576525 0.13128550781249998
3 0.546177765625 0.164717296875 0.558198184375 0.16997623125 0.567463925 0.1716666015625 0.5749766859375 0.17016404999999998 0.58023561875 0.1669711265625 0.582489446875 0.16246346875 0.5777313656249999 0.15438725 0.5732237078125 0.14837704062499998 0.5632066921875001 0.14462066093749998 0.55594435625 0.1406764609375 0.5489324453125 0.13842263125 0.5439239375 0.13767135625 0.5409188328125001 0.137859175 0.5366616015625 0.13992518437499998 0.533656496875 0.14706230781250001 0.5351590500000001 0.155889803125 0.537913728125 0.1613365546875 0.546177765625 0.164717296875
3 0.542555871875 0.464262109375 0.53943504375 0.4639110171875 0.5349098437500001 0.464379140625 0.5314769328125 0.46613460624999997 0.5269517328125 0.471518034375 0.5277319406250001 0.4751459953125 0.5286681890625 0.4758481828125 0.533037346875 0.47678443125000003 0.53569005 0.4788909890625 0.53740650625 0.47994426875 0.540839415625 0.47971020624999994 0.5455206578125 0.48158270312499996 0.5477052359375 0.471401003125 0.54474045 0.46590054375 0.542555871875 0.464262109375
3 0.545832740625 0.4972648609375 0.5505139812500001 0.49820110937499995 0.557691884375 0.49796704687500004 0.5592522984375 0.49527533437500004 0.5584720921875 0.4922325265625 0.55956438125 0.4900089375 0.5603445890625001 0.48673206875 0.5625291671875 0.48673206875 0.56408958125 0.48602988125 0.5661181187500001 0.48439144843750004 0.563933540625 0.4825189515625 0.5676785328125 0.4821678578125 0.57111144375 0.4821678578125 0.572983940625 0.48158270312499996 0.573764146875 0.47690146093749997 0.5720476921875 0.474677871875 0.5695510296874999 0.47315646874999995 0.5648697890625 0.47198615781250003 0.5631533328125 0.47268834374999996 0.556131471875 0.47631630625000004 0.5459887812499999 0.48602988125 0.54396024375 0.4875512859375 0.5422437890625 0.49340283749999997 0.545832740625 0.4972648609375
3 0.5299165203125 0.54419430625 0.53085276875 0.5453646156249999 0.53569005 0.5472371125 0.5392790015625 0.547471175 0.5416196234374999 0.5463008640625 0.5481733609375 0.54056634375 0.5505139812500001 0.535416978125 0.547861278125 0.532491203125 0.5453646156249999 0.5307357374999999 0.5411514984375 0.5307357374999999 0.5360021328125 0.53401260625 0.5338175546875 0.5377575984375 0.5321010984375001 0.5399811890625 0.5313208921875 0.541970715625 0.5299165203125 0.54419430625
3 0.53569005 0.5260544953124999 0.533037346875 0.525118246875 0.52663965 0.5248841859375 0.5214902859375 0.52663965 0.5163409203125 0.5327252640625 0.515404671875 0.5395130640625 0.5171211265625 0.5443113375 0.5211782031250001 0.5461838328125 0.52632756875 0.5460668015625 0.5305406859375 0.5438432125 0.532257140625 0.5392790015625 0.5314769328125 0.537289475 0.5327252640625 0.535768071875 0.5369383812499999 0.531906046875 0.5372504640625 0.5279269921874999 0.53569005 0.5260544953124999
3 0.55406011875 0.9023856953125 0.557376190625 0.898033353125 0.5568235109375 0.8959608093749999 0.5565471718749999 0.89057219375 0.560415921875 0.8860125968749999 0.560415921875 0.87938045625 0.5576525296875 0.8731628234375 0.55184940625 0.8700540078125 0.544388246875 0.8702612625 0.5366507484375 0.875442621875 0.5294659296875001 0.8878778875 0.52974226875 0.8986551171875 0.534716375 0.903629221875 0.5421775328125 0.905080003125 0.5490860140625 0.9048727484375 0.55406011875 0.9023856953125
3 0.5210813812499999 0.90550619375 0.5171115656249999 0.9090013562499999 0.5153855593750001 0.9095191578125 0.5197005765625 0.9113314656249999 0.5226347875 0.9113314656249999 0.5264320015624999 0.9109431140625001 0.5304018171875 0.9126259703124999 0.5357524375 0.91534443125 0.5407578562500001 0.9143088265625 0.5486974859375 0.9118492671875 0.5524947 0.9090013562499999 0.5524947 0.9079657531249999 0.5492152890625001 0.9052472921874999 0.5360976390625 0.9046000390625 0.5305744171875 0.9001987234375 0.5295388140624999 0.8985158671875 0.5183197703125 0.899810371875 0.5131417515625001 0.8996809203125 0.51296915 0.900845975 0.5150403578125 0.903046634375 0.51762936875 0.9038233375000001 0.520390978125 0.9038233375000001 0.5210813812499999 0.90550619375
3 0.528503209375 0.886865321875 0.5317826218749999 0.8803927984375 0.5312648203125 0.8730141187499999 0.5272950046875 0.8690011546875 0.5241881937499999 0.865247090625 0.52090878125 0.8589040156250001 0.5188375734374999 0.857221159375 0.5172841671875 0.8604574218750001 0.515212959375 0.865376540625 0.51434995625 0.86770665 0.51124314375 0.8706840109374999 0.5091719359375 0.8712018125000001 0.5055473218750001 0.8723668671875 0.502095309375 0.878580490625 0.5034761140625 0.8846646640625 0.5083089328125 0.8880303765625 0.5155581609375 0.887512575 0.5164211640625 0.8889365296875 0.5222895859375 0.8891954312499999 0.528503209375 0.886865321875
3 0.503648715625 0.9047294906250001 0.5117609453124999 0.9088719062499999 0.51452255625 0.9090013562499999 0.5160759625 0.9090013562499999 0.5184923718750001 0.9078363015625 0.5198731765625 0.90589454375 0.5202183781249999 0.9043411390625 0.5190101734375 0.9034349859375 0.51469515625 0.903176084375 0.5055473218750001 0.8942439999999999 0.49829809531249997 0.8889365296875 0.49173927031250003 0.8811695 0.488977659375 0.8749558765625001 0.485870846875 0.8739202734375 0.48276403593749995 0.8750853281250001 0.4810380296875 0.8768976343749999 0.4793120234375 0.8842763124999999 0.480692828125 0.888548178125 0.497262490625 0.8986453171875001 0.503648715625 0.9047294906250001