3 0.173649259375 0.4413006515625 0.17660129687499998 0.43967992499999997 0.18024793125 0.43435468125 0.179553334375 0.42810330781249994 0.1755594015625 0.42486185625 0.1682661328125 0.41953661093749994 0.162188409375 0.4132852390625 0.15680528124999998 0.4121275765625 0.14968566249999998 0.417684353125 0.14951201249999999 0.42370419375 0.15385324375 0.432270890625 0.1601046171875 0.4345862140625 0.162014759375 0.4392168609375 0.1673978859375 0.441532184375 0.173649259375 0.4413006515625
3 0.137182915625 0.44014299062499995 0.13683561718749998 0.45125654375 0.140134953125 0.46167549843750005 0.1446498328125 0.465380015625 0.14777552031250002 0.470473728125 0.1491647140625 0.4755674390625 0.1491647140625 0.47880889218749995 0.1507275578125 0.4813557484375 0.1550687890625 0.4820503453125 0.1587154234375 0.478577359375 0.15993096874999999 0.47533590625000005 0.160451915625 0.46514848437499995 0.160451915625 0.45936017500000004 0.1588890734375 0.454729528125 0.1566316328125 0.4489412203125 0.151595803125 0.44014299062499995 0.145865378125 0.43551234375 0.13944035625 0.4369015375 0.137182915625 0.44014299062499995
3 0.15993096874999999 0.43643847343750003 0.156110684375 0.43366008437500003 0.1528113484375 0.43157629374999995 0.150380259375 0.42509338750000003 0.14517078125 0.42370419375 0.1434342890625 0.425556453125 0.1425660421875 0.435049278125 0.146559975 0.4369015375 0.151769453125 0.4410691203125 0.1554160875 0.44732049375000005 0.158194475 0.44384750781250004 0.16149381093749998 0.43967992499999997 0.1609728640625 0.437596134375 0.15993096874999999 0.43643847343750003
3 0.166355990625 0.46237009531249995 0.1703499234375 0.461212434375 0.173822909375 0.4570448515625 0.176774946875 0.45357186718750003 0.1764276484375 0.4517196078125 0.17469115468750002 0.44500517031250003 0.17486480468750001 0.441532184375 0.17156546875 0.44245831406249997 0.16757153593750002 0.44245831406249997 0.1642722 0.4403745234375 0.16270935625 0.4410691203125 0.1613201625 0.44685742812499996 0.159236371875 0.45079347812500004 0.159236371875 0.4544979953125 0.1613201625 0.45797098125 0.1611465125 0.459823240625 0.16409855 0.46237009531249995 0.166355990625 0.46237009531249995
3 0.150380259375 0.49825760937499997 0.150380259375 0.5012675296875 0.1529849984375 0.5056666437499999 0.156284334375 0.50682430625 0.158194475 0.5058981765625 0.159236371875 0.5026567234375 0.162188409375 0.494321559375 0.1632303046875 0.48737558906249995 0.1613201625 0.4748728421875 0.160451915625 0.4762620359375 0.1580208265625 0.48112421562499996 0.154721490625 0.482513409375 0.15090120625 0.4806611515625 0.15090120625 0.483671071875 0.1493383640625 0.48807018593749996 0.151595803125 0.49293236562500004 0.150380259375 0.49825760937499997
3 0.164793146875 0.5058981765625 0.166355990625 0.512844146875 0.170870871875 0.515391003125 0.1734756109375 0.5149279390625 0.173822909375 0.5130756796875 0.1733019609375 0.507518903125 0.17469115468750002 0.5012675296875 0.179553334375 0.4977945453125 0.183894565625 0.49640535 0.1858047078125 0.49524768906250005 0.1871939015625 0.4855233296875 0.1842418640625 0.478345828125 0.1788587375 0.47579897187500003 0.175212103125 0.47533590625000005 0.173649259375 0.47603050468749997 0.1712181703125 0.47765123125000003 0.167918834375 0.482513409375 0.1682661328125 0.487607121875 0.17000262500000002 0.49246930000000005 0.16722423749999998 0.49524768906250005 0.164793146875 0.5010359984375 0.164793146875 0.5058981765625
3 0.5402806796874999 0.4243410515625 0.54163816875 0.41549223281250003 0.5405823437499999 0.41227448125 0.5392248546875 0.40905672812500005 0.5372640375 0.40905672812500005 0.5342473937500001 0.408654509375 0.5301749265625 0.40483342968749997 0.522934984375 0.398196815625 0.519767509375 0.398196815625 0.5144883859375 0.398397925 0.5108684140624999 0.40061012968750004 0.508907596875 0.40523564843750004 0.50936009375 0.41046449531249996 0.51147174375 0.41408446562499995 0.5236891453125 0.42554770781249995 0.52972243125 0.4249443796875 0.5386215265625001 0.4259499265625 0.5402806796874999 0.4243410515625
3 0.5191641812500001 0.44143535937499995 0.52127583125 0.44525643906249995 0.5220299921875 0.44143535937499995 0.52338748125 0.4400275921875 0.525046634375 0.4364076203125 0.524895803125 0.4295698984375 0.52233165625 0.42353661249999996 0.516449203125 0.4201177515625 0.51147174375 0.4217266265625 0.504533465625 0.423737721875 0.5006118296875 0.42353661249999996 0.4972935234375 0.423737721875 0.49744435468750003 0.42534659843749995 0.5012151578124999 0.4277599125 0.502421815625 0.43278765 0.5031759765625 0.4390220453125 0.5048351296875 0.443044234375 0.508907596875 0.44063092031249995 0.5143375531250001 0.43962537343749997 0.5191641812500001 0.44143535937499995
3 0.521728328125 0.4496808484375 0.5199183421875 0.4438486734375 0.5161475390625 0.44042981093750005 0.5122259031249999 0.44042981093750005 0.5080026046875 0.44143535937499995 0.5037793046875 0.4462619859375 0.4983493484375 0.457725228125 0.493975215625 0.47140067500000005 0.4966901953125 0.48668499687500005 0.500310165625 0.49131051562500005 0.5049859609375 0.49231606250000004 0.51056675 0.49131051562500005 0.513734225 0.48668499687500005 0.515393378125 0.48125504062499996 0.515393378125 0.46999290781249997 0.5184100203125 0.46556849843750003 0.5220299921875 0.45732300937500003 0.521728328125 0.4496808484375
3 0.50830426875 0.49211495312500003 0.51056675 0.495533815625 0.512075071875 0.4943271578125 0.5205216703125 0.49110940625 0.528214109375 0.48688610624999995 0.5303257593749999 0.48165725937500004 0.5294207656250001 0.47642841249999995 0.5264041234375 0.47260733125 0.52233165625 0.47079734531249995 0.5167508671875 0.471199565625 0.515393378125 0.47240622187500003 0.515393378125 0.4796461640625 0.5150917140625 0.4834672453125 0.513130896875 0.48789165468749995 0.50830426875 0.49211495312500003
3 0.5461631328125 0.4892994203125 0.551894753125 0.486282778125 0.555062228125 0.477836178125 0.5547605640625 0.47059623593750005 0.55355390625 0.46838403125 0.5511405921875 0.4647640609375 0.5461631328125 0.45832855625 0.5452581390625 0.4549096953125 0.5452581390625 0.4535019296875 0.5445039796875 0.4478708625 0.54269399375 0.44606087656250004 0.5371132046875 0.4438486734375 0.531532415625 0.4436475640625 0.5289682703125 0.44585976718750003 0.5279124453125 0.45088750468749994 0.5277616125 0.4587307765625 0.5310799187499999 0.472808440625 0.5342473937500001 0.4790428359375 0.5396773500000001 0.48608166875 0.5461631328125 0.4892994203125
3 0.5457106359375 0.44988195781250007 0.54586146875 0.4488764109375 0.5451073078124999 0.443044234375 0.54480564375 0.4390220453125 0.5452581390625 0.43540207343750004 0.5452581390625 0.43278765 0.5435989859375 0.4289665703125 0.5404315109375 0.42715658437500004 0.53847069375 0.428363240625 0.53213574375 0.4364076203125 0.5295715984375 0.44324534375 0.5362082125 0.443446453125 0.5442023140625001 0.44585976718750003 0.5457106359375 0.44988195781250007
3 0.88994880625 0.41698815468749995 0.88730553125 0.41086688593750004 0.8845231374999999 0.40845547812499994 0.8828537000000001 0.407157028125 0.88174074375 0.4090119578125 0.8779845109375 0.41698815468749995 0.8753412359375 0.42960167499999996 0.8750629968749999 0.439061815625 0.879653946875 0.445368575 0.8863316937500001 0.444626603125 0.8905052843749999 0.43590843437500004 0.8888358484375001 0.4284887171875 0.8905052843749999 0.424593365625 0.8910617640625 0.42181097031250003 0.88994880625 0.41698815468749995
3 0.9087299671875 0.42385139374999997 0.9127644390625 0.42514984375 0.9124862 0.41902857656250003 0.9119297203125001 0.41197984375 0.9097038062499999 0.40456012656249996 0.9062258125 0.399922803125 0.8978786296875001 0.3978823796875 0.89356591875 0.40437463281249997 0.8938441578124999 0.41439125312499997 0.8962091937500001 0.4275612515625 0.9005219046875 0.43535195625 0.9020522218749999 0.42960167499999996 0.9045563765625 0.42533533749999997 0.9087299671875 0.42385139374999997
3 0.916659790625 0.4422151953125 0.91888570625 0.4344244921875 0.9181901078125 0.43034364687500004 0.9161033125 0.4266337875 0.9117906015624999 0.4247788578125 0.9080343687499999 0.424593365625 0.9038607781250001 0.42681928124999996 0.9013566234375 0.4327550546875 0.9003827843750001 0.4394328015625 0.9002436656249999 0.4414732234375 0.8988524671875 0.4414732234375 0.8948179968750001 0.44369913906249997 0.8924529609375 0.4494494203125 0.8928703203125 0.45965153281250004 0.896765671875 0.467998715625 0.9031651796875 0.4696681515625 0.9087299671875 0.4674422359375 0.9122079609375 0.46113547656250004 0.91262531875 0.4555706875 0.9113732421874999 0.44889294218750003 0.9123470796875001 0.44685251875 0.9149903546875 0.44425561875 0.916659790625 0.4422151953125
3 0.9156859531249999 0.47486195468750003 0.9176336296875001 0.4772733640625 0.92055514375 0.47541843437500003 0.9231984171875001 0.4743054765625 0.9273720093750001 0.4683697015625 0.9294588046875001 0.4618774484375 0.9273720093750001 0.459466040625 0.9280676078125 0.455014209375 0.9315456 0.445368575 0.9330759171875 0.44128773125 0.9307108828124999 0.43739237812500004 0.9280676078125 0.4357229421875 0.9268155296874999 0.43553745 0.9247287343749999 0.440360265625 0.9174945093750001 0.45315927968749997 0.9170771500000001 0.45686913906250004 0.91693803125 0.46261942031250003 0.9156859531249999 0.47486195468750003
3 0.8779845109375 0.49637913749999996 0.8799321875 0.49470970000000003 0.8832710593750001 0.488402940625 0.8860534546875 0.48469308125 0.885079615625 0.48228167343750006 0.8839666578125 0.48098322187500003 0.8824363421875001 0.47820082812500003 0.883131940625 0.47319251875 0.8825754609375001 0.470781109375 0.87909746875 0.4687406875 0.8746456374999999 0.4689261796875 0.871028525 0.47170857499999996 0.8731153203125 0.4746764625 0.8736718 0.4815397015625 0.87742803125 0.4922982921875 0.8779845109375 0.49637913749999996
3 0.8626813421874999 0.47411998281249995 0.8604554265625 0.4815397015625 0.861568384375 0.488402940625 0.8632378218750001 0.495451671875 0.8625422234375 0.49860505312500003 0.8693590890625 0.5023149109375 0.8731153203125 0.5026858984375 0.8757585953125 0.501387446875 0.8771497921875 0.49619364375 0.8771497921875 0.494153221875 0.8763150749999999 0.49062885625 0.8750629968749999 0.488402940625 0.8729762015625001 0.48599153125 0.872280603125 0.48265265937499996 0.8725588421875001 0.4785718140625 0.8725588421875001 0.47560392656249995 0.871445884375 0.47300702499999997 0.8688026093750001 0.4711520953125 0.8667158140625 0.47096660312500005 0.8658810953125 0.47096660312500005 0.8626813421874999 0.47411998281249995