3 0.5336963078125 0.0662047234375 0.530145096875 0.0570730375 0.5139109890625 0.046038915624999996 0.5083305140625 0.041092585937499995 0.49666224843749995 0.038809665625 0.4890525109375 0.038429178125000005 0.4844866671875 0.0407121 0.48550129999999997 0.04413648125 0.4880378796875 0.0479413515625 0.505793934375 0.0662047234375 0.5159402515625 0.0730534875 0.5265938859375 0.0730534875 0.5336963078125 0.0662047234375
3 0.408521015625 0.089663128125 0.4059147671875 0.0988992640625 0.408451346875 0.110313871875 0.41656840156249997 0.11373825468750001 0.45664635625 0.11449922812499999 0.462842065625 0.11287201875 0.46729998906250003 0.10308462031250001 0.4672946109375 0.092835565625 0.46121219843750005 0.0890066046875 0.4551244078125 0.085962709375 0.44852930156250004 0.085962709375 0.44191510312500004 0.0874925125 0.4390209484375 0.08999706874999999 0.42165602343749997 0.0839861328125 0.4160903421875 0.0849879546875 0.408521015625 0.089663128125
3 0.4667306125 0.0985461109375 0.4657159796875 0.1042534140625 0.46825255937500004 0.10767779531249999 0.47941350937499994 0.1103412046875 0.48550129999999997 0.1099607171875 0.4956476171875 0.1130046125 0.49869151250000004 0.11224363906249998 0.5068085671875 0.10767779531249999 0.510359778125 0.0996875703125 0.5108670937500001 0.095502215625 0.50528661875 0.091316859375 0.49209640625000006 0.08675101562500001 0.4667306125 0.08218517343750001 0.45912087343749997 0.0856095546875 0.4641940328125 0.090936371875 0.4667306125 0.0943607546875 0.4667306125 0.0985461109375
3 0.49666224843749995 0.054029142187500004 0.48702324687500004 0.0517462203125 0.4758622984375 0.05212670625 0.46165745312500006 0.051365732812499995 0.46115013749999995 0.062780340625 0.4647013484375 0.06316082656250001 0.4702818234375 0.070390078125 0.48042814062500006 0.0734339734375 0.4905744578125 0.0700095921875 0.4961549328125 0.0650632625 0.49716956406249996 0.058975471875 0.49666224843749995 0.054029142187500004
3 0.504250734375 0.0893291859375 0.5071448890625 0.0883273640625 0.5120426890625 0.08782645312500001 0.510706925 0.0868246296875 0.510706925 0.0821494578125 0.5089259078125 0.0769733734375 0.5058091265625 0.071797290625 0.50135658125 0.07029455625 0.49445513593749996 0.070628496875 0.49000259062499996 0.07363396562499999 0.490670471875 0.0756376109375 0.4871084359375 0.076806403125 0.48621792656249996 0.0843200734375 0.4922288640625 0.0861567484375 0.49601352656250003 0.0868246296875 0.504250734375 0.0893291859375
3 0.447480784375 0.059942389062500004 0.45015231250000004 0.05426539375 0.45505011093750003 0.050258103124999995 0.46083842031250005 0.04741960625 0.46618147499999996 0.044748078125 0.46172892968749996 0.045916871875 0.45260121093750005 0.0485883984375 0.4390209484375 0.053263570312499994 0.42900272343749996 0.0537644828125 0.42432755 0.0551002453125 0.41987500468750005 0.0602763296875 0.41720347812499997 0.06695514687500001 0.416535596875 0.073133053125 0.41876186875 0.07363396562499999 0.4200976328125 0.072465171875 0.4256633140625 0.0672890875 0.4318968765625 0.06328179687499999 0.43657205 0.0627808859375 0.440579340625 0.06161209375 0.44547713906249997 0.062279975 0.447480784375 0.059942389062500004
3 0.43790781250000005 0.062113004687499994 0.433232640625 0.063782709375 0.425885940625 0.0704615265625 0.4229917859375 0.0778082265625 0.42076551406249996 0.0846540140625 0.42432755 0.08482098437499999 0.42900272343749996 0.085154925 0.43412315 0.0824833984375 0.4385756953125 0.079811871875 0.44325086718750006 0.0763054921875 0.44369612187499996 0.0722982015625 0.44547713906249997 0.06845788124999999 0.4463676484375 0.0652854421875 0.44503188437499996 0.06328179687499999 0.4430282390625 0.062113004687499994 0.43790781250000005 0.062113004687499994
3 0.46328732031250003 0.06394967968750001 0.45705375625 0.0627808859375 0.45082019375 0.06344876875 0.4463676484375 0.0646175609375 0.44525451250000003 0.06895879218749999 0.44458662968749996 0.074301846875 0.44369612187499996 0.0769733734375 0.4403567125 0.07947793125 0.4416924765625 0.08265036875000001 0.4488165484375 0.082316428125 0.45594062031249993 0.07947793125 0.46061579375 0.0801458125 0.46796249218749997 0.08181551718749999 0.4704113921875 0.0729660828125 0.46707198281249995 0.06662120625 0.46328732031250003 0.06394967968750001
3 0.5219567125 0.45587139218750006 0.524615765625 0.4532905453125 0.532905759375 0.447424984375 0.5354083984375 0.446955740625 0.5379110375 0.44496145 0.540882921875 0.4392132 0.5396316015625 0.43686697499999994 0.536503303125 0.4319399046875 0.53196726875 0.4287725015625 0.528369725 0.42865519062499996 0.5228952015624999 0.43088410312500003 0.5171078484375 0.4356938625 0.513197475 0.439447821875 0.515387284375 0.4416767359375 0.516169359375 0.444609515625 0.5147616234375 0.45024045468749996 0.5081921953124999 0.454111725 0.510225590625 0.4563406375 0.513041059375 0.4563406375 0.5219567125 0.45587139218750006
3 0.497868809375 0.45352516875 0.5060023859375 0.454346346875 0.511476909375 0.4524693671875 0.5158565281249999 0.44636918437500006 0.5147616234375 0.43968244375000004 0.5124154 0.43757084218750003 0.50881785625 0.435811175 0.5025612578125 0.434872684375 0.5005278625 0.43182259375000004 0.49896371406249995 0.42865519062499996 0.49567899843749996 0.4253704765625 0.491925040625 0.4246666078125 0.4848863671875 0.4252531640625 0.47909901406250005 0.4275993890625 0.47471939531249996 0.4325264609375 0.47471939531249996 0.4371015984375 0.4783169390625 0.4410901796875 0.48660693125 0.44683842812499996 0.49098655 0.449184653125 0.49380202031250003 0.4504750765625 0.497868809375 0.45352516875
3 0.515387284375 0.8306807328125 0.524146521875 0.832675025 0.52633633125 0.8316192234375 0.529308215625 0.827982575 0.5294646296875001 0.8208265906250001 0.526805575 0.8148437187500001 0.52320803125 0.811793628125 0.5157001140624999 0.8089781578125 0.506315215625 0.8060453781250001 0.49536616875000006 0.8049895765624999 0.48895315625 0.8053415109375001 0.4820708984375 0.8063973109375 0.4751886390625 0.8097993375 0.47096543593750007 0.8170726328125 0.4711218515625 0.8224689484375001 0.4783169390625 0.8289210656250001 0.4922378703125 0.8316192234375 0.49896371406249995 0.8289210656250001 0.507097290625 0.8290383765625 0.515387284375 0.8306807328125
3 0.48426070781249997 0.8364289828125001 0.47847335468749996 0.832675025 0.47049619062500003 0.8315019124999999 0.46502166718750004 0.8347866265624999 0.4607984640625 0.8360770499999999 0.45782657968749996 0.8367809171875 0.456731675 0.8393617640625 0.45626242968749997 0.8439369015624999 0.46064204843749995 0.8487466609375 0.4656473265625 0.8554334000000001 0.4723731703125 0.8616508953125 0.4806631640625 0.8617682062500001 0.4855120265625 0.85942198125 0.48895315625 0.8554334000000001 0.4891095703125 0.8510928859375 0.48942240156250005 0.844875390625 0.48770183593749994 0.8408868093749999 0.48426070781249997 0.8364289828125001
3 0.49380202031250003 0.8532044875 0.4967739046875 0.8584834921875 0.499902203125 0.8580142468749999 0.5047510671875 0.8566065125 0.516638603125 0.855198778125 0.5197669031250001 0.854612221875 0.5219567125 0.852383309375 0.5235208609375 0.84686968125 0.5221131265625 0.8399483203125 0.5230516171875 0.8358424265625001 0.52477218125 0.8331442687499999 0.51288464375 0.8305634218750001 0.5060023859375 0.8290383765625 0.4967739046875 0.8299768656250001 0.48879674062499995 0.8347866265624999 0.486763346875 0.8393617640625 0.48942240156250005 0.8433503453125001 0.48973523124999996 0.8493332171875 0.49255069999999995 0.850037084375 0.49520975468749995 0.850037084375 0.493958434375 0.8516794421875 0.49380202031250003 0.8532044875
3 0.47252958593749994 0.8813591796875 0.47706561875000003 0.88699011875 0.49567899843749996 0.8858170062499999 0.510069175 0.880303378125 0.524146521875 0.8746724406249999 0.5300902890625 0.8693934359375 0.5310287796875001 0.8630586296875 0.529777459375 0.8589527374999999 0.5257106703125001 0.8568411359375 0.51757709375 0.8554334000000001 0.50725370625 0.8562545796875 0.49520975468749995 0.8600085375000001 0.4830093875 0.8644663640625 0.47409373437499996 0.8713877265625 0.4717475109375 0.8731473937500001 0.47159109531250004 0.8757282406250001 0.47252958593749994 0.8813591796875
3 0.490204475 0.9091619375000001 0.4967739046875 0.9103350499999999 0.50490748125 0.9088100046875001 0.5111640796875 0.9042348671875 0.5125718140625 0.898721240625 0.51085125 0.89262105625 0.508661440625 0.8833534703125 0.507879365625 0.88229766875 0.49567899843749996 0.8853477609375 0.4855120265625 0.8871074296874999 0.48081957812500004 0.8867554953125 0.4820708984375 0.8898055875 0.4820708984375 0.894615346875 0.4847299515625 0.9034136890625 0.490204475 0.9091619375000001
3 0.4556367703125 0.9069330250000001 0.46126770937500006 0.9115081625 0.46502166718750004 0.9131505203125 0.4695577015625 0.914089009375 0.472060340625 0.9160833 0.4739373203125 0.913737075 0.480037503125 0.909513871875 0.48582485625 0.9048214234374999 0.48285297343750005 0.898721240625 0.48175806874999993 0.8919171890625 0.48081957812500004 0.8905094546875001 0.476596375 0.8899228984375 0.473468075 0.8899228984375 0.4658037421875 0.8932076125 0.4584522390625 0.8959057703125 0.45516752499999996 0.899777040625 0.4542290359375 0.9028271328124999 0.4556367703125 0.9069330250000001
3 0.47269225625000005 0.8888670968750001 0.474412821875 0.8846438937500001 0.47191018281249997 0.8797168234375 0.47269225625000005 0.8737339499999999 0.4730050875 0.8716223484375 0.47191018281249997 0.8684549453124999 0.46440226406249996 0.8631759406249999 0.45924057031250004 0.8627066953125 0.45439170625 0.8631759406249999 0.45267114218750004 0.8645836750000001 0.450168503125 0.8670472109375 0.44516322500000005 0.8690415015624999 0.4418785109375 0.8700973031249999 0.438280965625 0.875258996875 0.43796187968750006 0.8839400265625 0.44046451875 0.8881632296875 0.4453133828125 0.8930903015625 0.4511007359375 0.894615346875 0.45798299374999996 0.895201903125 0.46283185781249997 0.8930903015625 0.4673741484375 0.8923864343749999 0.4706588625 0.89144794375 0.47269225625000005 0.8888670968750001
3 0.420293246875 0.890040209375 0.42185739531250005 0.8955538375 0.42451644999999993 0.9000116625000001 0.428426825 0.9047041124999999 0.43046021874999996 0.9085753828125 0.4389066265625 0.9127985859375001 0.44719661874999994 0.9172564124999999 0.4578328359375 0.9228873500000001 0.4615867953125 0.924412396875 0.462056040625 0.9233565953125 0.46111755 0.9166698562500001 0.459709815625 0.9130332078125001 0.45595585625 0.9070503359375 0.44954284375000003 0.8993077953125 0.4356219125 0.8888670968750001 0.4220138109375 0.884995828125 0.42091890625 0.884409271875 0.41966758593750003 0.8854650718749999 0.420293246875 0.890040209375