1 0.55309631875 0.16312549375000002 0.556888359375 0.168000975 0.5677227640625 0.1700324265625 0.5777445875 0.1653600890625 0.5815366296875 0.15906259218750002 0.588037271875 0.15235880468750002 0.5912875921875 0.1452487265625 0.5902041515625001 0.140576390625 0.5885789906250001 0.13610719843750002 0.5839743703125 0.13326316875 0.5772028671875 0.1324505875 0.571785665625 0.1344820375 0.5639307234375 0.142607840625 0.5623055625 0.14870219375 0.555534059375 0.15235880468750002 0.5522837390625 0.1570311421875 0.55309631875 0.16312549375000002
1 0.5325109515625 0.1781582296875 0.5371155734374999 0.18140855 0.5422619140625 0.1834400015625 0.5468665359375 0.18222113125 0.5503877171875 0.1791739546875 0.5525545984375 0.1724701671875 0.5501168578125 0.1653600890625 0.5493042765625 0.1586563015625 0.5493042765625 0.15073364375 0.543887075 0.1448424375 0.5371155734374999 0.1436235671875 0.5300732109374999 0.146264453125 0.5276354703125 0.15073364375 0.5279063296875 0.1629223484375 0.5325109515625 0.166578959375 0.5314275109375 0.169422990625 0.5306149312499999 0.17125129687500001 0.5325109515625 0.1781582296875
1 0.5062375218749999 0.1604846078125 0.5054249421875 0.1675946859375 0.50948784375 0.1749079078125 0.5086752625 0.18059597031250002 0.5113838640624999 0.1875029015625 0.516801065625 0.189534353125 0.5208639671874999 0.1901437875 0.5257394484375 0.189534353125 0.5292606296875 0.18465887187500002 0.530885790625 0.17551734375 0.5303440703125 0.1714544421875 0.5289897703124999 0.16881355625 0.5276354703125 0.163531784375 0.52059310625 0.15540598125 0.51923880625 0.15235880468750002 0.511113003125 0.153983965625 0.5062375218749999 0.1604846078125
1 0.5780154484375 0.197253865625 0.5796406078125 0.19542556093750002 0.58126576875 0.1921752390625 0.5807240484375 0.188518628125 0.5769320078125 0.183846290625 0.5712439453125 0.18201798593750002 0.5652850234375 0.18140855 0.5609512609375 0.18140855 0.550658578125 0.182424275 0.5444287953125 0.186690321875 0.542532775 0.19237838437500002 0.5446996562499999 0.1988790265625 0.552012878125 0.20070733125 0.5609512609375 0.19969160625 0.5636598625 0.1978633015625 0.5698896453125 0.1988790265625 0.573139965625 0.1984727359375 0.5780154484375 0.197253865625
1 0.5479499765625 0.21086458593750002 0.5509294375 0.21350547187500002 0.554179759375 0.2151306328125 0.5620347015625 0.2151306328125 0.5663684640625 0.2139117625 0.569347925 0.2122866015625 0.570702225 0.21208345624999997 0.5761194265625 0.21106773125 0.57991146875 0.20741111874999998 0.58126576875 0.2055828140625 0.5815366296875 0.2031450734375 0.5790988875 0.19867588125 0.5747651265625 0.1984727359375 0.5679936234375 0.19867588125 0.5652850234375 0.1998947515625 0.5598678203125 0.19948846250000002 0.5501168578125 0.2023324921875 0.5482208375 0.2031450734375 0.5476791171875 0.20680168437500002 0.5479499765625 0.21086458593750002
1 0.5609512609375 0.14423300156250002 0.5636598625 0.1399669546875 0.56582674375 0.1369197796875 0.5679936234375 0.132856878125 0.570431365625 0.128997121875 0.5698896453125 0.127168815625 0.569618784375 0.127168815625 0.5655558828125 0.1279813953125 0.561222121875 0.1304191375 0.5571592203125 0.1330600234375 0.5547214796875 0.135904053125 0.550658578125 0.138748084375 0.54740825625 0.1389512296875 0.5430744953125 0.13813865 0.5376572937499999 0.13752921406250002 0.530885790625 0.139560665625 0.53332353125 0.14301413125 0.542803634375 0.14504558125 0.55174201875 0.145451871875 0.5560757796875 0.147280178125 0.5571592203125 0.147280178125 0.5609512609375 0.14423300156250002
1 0.5690684218750001 0.5440309640625001 0.5796786093749999 0.5440309640625001 0.583819171875 0.5409255421875 0.5853718812500001 0.5366555875000001 0.5822664609375 0.529668390625 0.5755380484375 0.5228752812499999 0.5688096359375 0.51996395 0.5664805703125 0.5213225718750001 0.56389271875 0.52268119375 0.562340009375 0.5236516375 0.5584582328125001 0.5228752812499999 0.5563879515625 0.5213225718750001 0.556905521875 0.5164703515625 0.5556115968750001 0.5151117296875001 0.54914196875 0.5164703515625 0.5452601921875 0.5184112390625 0.544742621875 0.5217107484375 0.548106828125 0.527727503125 0.5561291671874999 0.5302506578124999 0.55716430625 0.5352969671875 0.5597521578125 0.538014209375 0.5690684218750001 0.5440309640625001
1 0.525333740625 0.525010259375 0.52636888125 0.5331619890625 0.5271452359375 0.5401491875 0.52895673125 0.5483009171875 0.540343275 0.5556762921875 0.5483656140625001 0.55761718125 0.55457645625 0.5556762921875 0.5563879515625 0.5510181609375 0.5561291671874999 0.5446132296874999 0.554835240625 0.5411196312500001 0.5486243984375 0.5339383453125001 0.5439662671875001 0.5232634593750001 0.538790565625 0.51918759375 0.5315445828125 0.520546215625 0.525333740625 0.525010259375
1 0.5351675734375 0.5725620203124999 0.5442250515625 0.57430881875 0.553541315625 0.573726553125 0.5587170171875 0.57236793125 0.5610460828125 0.5712033984375 0.56130486875 0.5690684218750001 0.5576818765625 0.56499255625 0.553541315625 0.5611107796875 0.5452601921875 0.556840825 0.5382729953125 0.5533472265625 0.5351675734375 0.552570871875 0.52895673125 0.5483009171875 0.5281803765624999 0.557229003125 0.5294743015625001 0.56693344375 0.5315445828125 0.571009309375 0.5351675734375 0.5725620203124999
1 0.5685508515625 0.5745029078125 0.57476169375 0.5745029078125 0.5791610406250001 0.57236793125 0.5820076765625 0.5688743328125 0.579419825 0.5640221125 0.577090759375 0.5566467375 0.5734677687499999 0.551600428125 0.5675157109375 0.5453895859375 0.5618224390625 0.541507809375 0.5579406625 0.5368496765625 0.5556115968750001 0.5321915453125 0.551471034375 0.535102878125 0.55328253125 0.5385964765625 0.5574230921875001 0.5455836734374999 0.5566467359375 0.5517945156249999 0.5540588859375 0.5550940265625 0.5506946796875 0.5587817140625 0.5563879515625 0.5642162 0.5618224390625 0.5684861546875 0.564927859375 0.5725620203124999 0.5685508515625 0.5745029078125
1 0.5833016015625 0.5527649609374999 0.5833016015625 0.5587817140625 0.5877009484375 0.5653807343749999 0.5957232859375 0.5684861546875 0.6014165578124999 0.567321621875 0.6047807640625 0.56499255625 0.6058159046875 0.5611107796875 0.6058159046875 0.5556762921875 0.6045219796875 0.551600428125 0.6032280531249999 0.5475245625 0.6032280531249999 0.5418959859375 0.60426319375 0.5372378546875 0.5990874921875 0.5318033671875 0.5957232859375 0.5308329234375 0.5900300140625 0.5321915453125 0.5861482375 0.5331619890625 0.5858894515624999 0.5354910546875 0.5858894515624999 0.538790565625 0.5843367421875 0.541507809375 0.5833016015625 0.54286643125 0.5807137499999999 0.5440309640625001 0.5820076765625 0.54849500625 0.5833016015625 0.54946545 0.583819171875 0.5508240718749999 0.5833016015625 0.5527649609374999
1 0.6216017953125 0.9044539031250001 0.6293653484374999 0.9071711468749999 0.634799834375 0.9071711468749999 0.6464451640625 0.90484208125 0.6490330156249999 0.8996016828125001 0.6487742296875 0.8957199062500001 0.648256659375 0.893584928125 0.6461863796875 0.889703153125 0.6454100234375 0.8871799984375001 0.6399755375 0.8850450203125 0.6337646953125 0.8823277765625 0.62574235625 0.878446 0.6159085234375 0.8747583125 0.6024516984375 0.8739819578124999 0.598569921875 0.8747583125 0.5926178640625 0.8790282671874999 0.5915827250000001 0.8848509312499999 0.595205715625 0.889703153125 0.601934128125 0.889703153125 0.6065922593749999 0.893390840625 0.6146145984375 0.894361284375 0.6179788046875 0.8976607937500001 0.618755159375 0.9011543921875 0.6216017953125 0.9044539031250001
1 0.589253659375 0.9011543921875 0.588477303125 0.9046479921874999 0.590547584375 0.911829278125 0.5988287062500001 0.915516965625 0.6065922593749999 0.9151287874999999 0.610732821875 0.913770165625 0.6133206718750001 0.9129938109375001 0.6182375890625 0.9139642546875001 0.6226369359375 0.9168755875000001 0.6291065625 0.9184282984375001 0.634799834375 0.918234209375 0.6415282484375 0.9131878999999999 0.6417870328124999 0.9096943015625 0.6394579671875 0.9079475015625 0.63790525625 0.9071711468749999 0.6311768437499999 0.907365234375 0.6252247859375 0.9060066125 0.6184963734375 0.9007662156249999 0.6179788046875 0.899019415625 0.61513216875 0.899019415625 0.605298334375 0.8966903500000001 0.5970172109375 0.8961080828125001 0.591841509375 0.897078528125 0.589253659375 0.9011543921875
1 0.5933942203125 0.8966903500000001 0.5980523515625 0.8963021718749999 0.5954645000000001 0.891644040625 0.58951244375 0.88659773125 0.5781259000000001 0.87747555625 0.5729501984375001 0.8747583125 0.5664805703125 0.8743701359375 0.5587170171875 0.87553466875 0.556905521875 0.8788341781250001 0.558199446875 0.8842686656250001 0.5628575796875 0.8881504421875 0.57062113125 0.8908676859375 0.5809725359375 0.8988253265624999 0.58821851875 0.9027071031249999 0.58951244375 0.9003780375 0.5933942203125 0.8966903500000001
1 0.597275996875 0.87553466875 0.60296926875 0.872817425 0.5993462765625 0.8697120046875 0.5954645000000001 0.8662184046875 0.589253659375 0.8633070734375 0.5791610406250001 0.860395740625 0.5698447765625 0.8609780062500001 0.5662217859374999 0.8638893390625 0.5651866453125 0.8669947609375 0.5657042156250001 0.8735937796875 0.5690684218750001 0.8735937796875 0.5765731890625 0.8757287578125 0.5809725359375 0.87747555625 0.5861482375 0.87747555625 0.588477303125 0.8807750671875001 0.5897712281249999 0.8840745765625 0.5921002953125 0.8803868890625001 0.593911790625 0.8786400890625 0.597275996875 0.87553466875