3 0.5364955546875 0.096391246875 0.526938815625 0.0951554609375 0.5163934484375 0.0978741890625 0.4999163109375 0.1025701734375 0.49233682968750003 0.10578321406249999 0.5009049390625 0.11492802499999999 0.5071662515625001 0.12456715 0.5203479609375 0.1300046046875 0.5285865281250001 0.1285216625 0.5345182984375 0.12481430625 0.53748418125 0.1173995953125 0.542756865625 0.1065246859375 0.5404500671875 0.10034575937500001 0.5364955546875 0.096391246875
3 0.52792744375 0.0951554609375 0.5391318953125 0.0978741890625 0.540779609375 0.10009860156249999 0.55560903125 0.0941668328125 0.5595635453125001 0.09095379218750001 0.55560903125 0.08749359375 0.54770000625 0.0852691796875 0.536825096875 0.08601065 0.5312228703125 0.08872937812500001 0.5256206437500001 0.0889765359375 0.519688875 0.086504965625 0.5134275640625 0.0852691796875 0.5071662515625001 0.0889765359375 0.50189356875 0.0951554609375 0.502552653125 0.10133438749999998 0.5130980203125 0.09836850312499999 0.5223252171875 0.095649775 0.52792744375 0.0951554609375
3 0.47421197968750006 0.12876881874999999 0.46564386874999997 0.143103928125 0.46630295312500003 0.1552146234375 0.470587009375 0.16584237500000001 0.47915512031249996 0.1757286578125 0.48376871875000005 0.17918885625 0.49035957343750003 0.17918885625 0.49760951249999996 0.1739985578125 0.501564025 0.1688082609375 0.5022231109375 0.1613935484375 0.5002458546875 0.1532373671875 0.501564025 0.1495300109375 0.501564025 0.14038520000000002 0.49826859843750004 0.1332176453125 0.4873936875 0.12753303437500002 0.4788255765625 0.12654440625000002 0.47421197968750006 0.12876881874999999
3 0.5229843015625 0.1485413828125 0.5239729296875 0.1426096140625 0.519688875 0.14013804375 0.5163934484375 0.135442059375 0.5154048203125 0.13618353125 0.510791221875 0.1376664734375 0.503870825 0.139396571875 0.5012344828125 0.1443397125 0.5022231109375 0.149282853125 0.50980259375 0.15348452343750002 0.5170525328125 0.15397883750000002 0.5190297890625 0.1527430515625 0.5229843015625 0.1485413828125
3 0.5009049390625 0.17350424375 0.506507165625 0.17943601250000002 0.5140866484375 0.1838848390625 0.5180411609375 0.18363768281249998 0.5239729296875 0.1772116 0.5272683578125 0.170538359375 0.526938815625 0.1618878625 0.519688875 0.15719187968749998 0.514745734375 0.154720309375 0.510461678125 0.154967465625 0.503870825 0.1554617796875 0.5028821953125 0.160899234375 0.5028821953125 0.16559521875 0.5009049390625 0.17350424375
3 0.5434159515625 0.15991060625 0.550665890625 0.1584276640625 0.5602226296875 0.15818050781249998 0.5645066859375001 0.15447315156250002 0.5724157109375 0.15299020937500002 0.5819724500000001 0.14631696875 0.5865860484375001 0.1396437296875 0.5875746765625001 0.13420627499999999 0.5872451328125 0.13049891875 0.58394970625 0.12506146406250002 0.57373388125 0.121848421875 0.5645066859375001 0.1230842078125 0.5562681171875 0.1272858765625 0.548688634375 0.131734703125 0.5420977796875001 0.133711959375 0.5338592125 0.13667784375 0.526938815625 0.1406323578125 0.5233138453125 0.1460698125 0.535506925 0.158921978125 0.5434159515625 0.15991060625
3 0.5371546390625 0.17993032656250002 0.5483590921875 0.17943601250000002 0.554620403125 0.176222971875 0.5572567453125 0.17078551718749999 0.55791583125 0.162876490625 0.55791583125 0.15793335 0.55000680625 0.1594162921875 0.535506925 0.15916913593749998 0.52957515625 0.15249589531250002 0.5246320156250001 0.147058440625 0.524961559375 0.1564504078125 0.5285865281250001 0.168561103125 0.532541040625 0.17696444218750002 0.5371546390625 0.17993032656250002
3 0.556927203125 0.12703872031250002 0.5582453734375 0.1253086203125 0.562858971875 0.12085979375 0.5654953140625001 0.11393939687500002 0.566813484375 0.112209296875 0.5631885140625 0.1107263546875 0.5575862890625001 0.106030371875 0.554620403125 0.10380595781249999 0.550665890625 0.1025701734375 0.5434159515625 0.10331164374999999 0.5424273234375 0.1087490984375 0.540779609375 0.11542233906249999 0.5420977796875001 0.1220955796875 0.546711378125 0.1262972484375 0.552643146875 0.1285216625 0.556927203125 0.12703872031250002
3 0.5857349609375 0.504151378125 0.5927669046874999 0.5039560468750001 0.596673540625 0.5029793875 0.6008406203125001 0.5000494109375 0.6044868140624999 0.4947754515625 0.6042263703125 0.48969682499999995 0.6013615046874999 0.48403220312500006 0.5925064625 0.4785629125 0.5802656703125 0.4699683125 0.5716710703125 0.46684300468749995 0.5635973562500001 0.467429 0.5560445265625 0.4703589765625 0.553440103125 0.47407028125000006 0.553440103125 0.47758625312499997 0.5542214296875 0.48344620781250003 0.5604720484375 0.49165014375 0.5680248765625 0.49340812968750003 0.5742754953125 0.49575211093749993 0.58156788125 0.5023933921875 0.5857349609375 0.504151378125
3 0.552137890625 0.51626195 0.5596907203125 0.519582590625 0.565420453125 0.5191919265625 0.5711501859375 0.517629271875 0.5771403609375 0.51430863125 0.5826096515625 0.5111833234375001 0.5893811546875 0.5092300046875 0.5909438078125 0.5078626828125 0.5865162875000001 0.5068860234375 0.5797447859375 0.5016120640625 0.57088974375 0.49360346093749996 0.5664622234375 0.49360346093749996 0.5596907203125 0.49399412500000006 0.5539609875 0.49614277500000004 0.5505752359375 0.504151378125 0.54901258125 0.5078626828125 0.5487521390625 0.510597328125 0.552137890625 0.51626195
3 0.549273025 0.4812975578125 0.5445850609375 0.4779769171875 0.5359904609374999 0.47758625312499997 0.5245309953125 0.479539571875 0.5211452453125001 0.48071156249999997 0.5156759546874999 0.48090689375 0.5133319734375 0.482078884375 0.5133319734375 0.4846181984375 0.513592415625 0.491064146875 0.5138528578125 0.499463415625 0.5161968390625 0.5068860234375 0.5237496687500001 0.5125506453125 0.5326047109375 0.512941309375 0.5404179828125 0.5102066640625 0.5453663890625 0.5045420421875 0.5531796609375 0.48989215625 0.55161700625 0.4855948578125 0.549273025 0.4812975578125
3 0.578703015625 0.528567853125 0.5826096515625 0.53618579375 0.5844327484375 0.5332558171875 0.5865162875000001 0.5313024984375 0.5925064625 0.52973984375 0.59745486875 0.528567853125 0.599277965625 0.5277865265624999 0.6011010625 0.5236845578125 0.60214283125 0.51860593125 0.6005801765625 0.5145039640625 0.5964130984375 0.5113786546875 0.5899020390625 0.5115739875 0.5784425734374999 0.51430863125 0.5711501859375 0.5168479453125 0.5635973562500001 0.5188012625 0.56229514375 0.521926571875 0.5604720484375 0.52544254375 0.5680248765625 0.5232938953125 0.5771403609375 0.52505188125 0.578703015625 0.528567853125
3 0.5398970984375 0.5580629546875 0.5453663890625 0.563727578125 0.5552632 0.5650949 0.5628160296875 0.5643135734375 0.5675039921875 0.5611882640625 0.5680248765625 0.557476959375 0.5682853203125 0.55415631875 0.57219195625 0.549273025 0.5794843421875 0.5434130703125 0.5807865546875 0.538529775 0.5813074390625 0.5334511484375 0.576359034375 0.526028540625 0.5675039921875 0.5236845578125 0.56489956875 0.5236845578125 0.5576071812500001 0.52485655 0.5445850609375 0.537553115625 0.542501521875 0.544194396875 0.5398970984375 0.550445015625 0.5398970984375 0.5580629546875
3 0.49536144687499994 0.5178246046874999 0.4951010046875 0.5201685859375 0.497705428125 0.5273958624999999 0.49848675625 0.5344278078125 0.49588233125 0.536381125 0.4922361390625 0.539311103125 0.49197569531249996 0.54302240625 0.4945801203125 0.5479057015625 0.50213295 0.555132978125 0.5039560468750001 0.5531796609375 0.508644009375 0.5445850609375 0.5169781671875 0.539506434375 0.5089044515625 0.535013803125 0.502653834375 0.521731240625 0.499528525 0.517629271875 0.49536144687499994 0.5178246046874999
3 0.53833444375 0.528567853125 0.53703223125 0.5256378765624999 0.5349486921875 0.5236845578125 0.530521171875 0.5203639171875001 0.5273958624999999 0.51645728125 0.5266145359375 0.5174339406249999 0.5253123234375 0.519387259375 0.521926571875 0.5227079 0.5177594937500001 0.5256378765624999 0.5174990515625 0.528567853125 0.5177594937500001 0.5334511484375 0.520884803125 0.537162453125 0.527916746875 0.53872510625 0.532865153125 0.53872510625 0.53833444375 0.5336464796875 0.53833444375 0.528567853125
3 0.506300028125 0.554937646875 0.508644009375 0.5607976 0.5143737421875 0.5635322453125 0.5177594937500001 0.56529023125 0.519582590625 0.5678295453125 0.524270553125 0.5680248765625 0.5349486921875 0.5645089046875 0.5406784250000001 0.5625555875 0.5422410796875 0.561578928125 0.5404179828125 0.5578676234375 0.5391157703125 0.5535703234375 0.5406784250000001 0.5477103703124999 0.5411993093749999 0.546147715625 0.5359904609374999 0.5432177390625 0.5281771890625 0.541655084375 0.5216661296875 0.5414597515625 0.5107275484375 0.542827075 0.50577914375 0.5479057015625 0.506300028125 0.554937646875
3 0.5492286562500001 0.8643064078125 0.5528083578125 0.8598957031250001 0.5512742 0.8558685374999999 0.5494843484375 0.85241668125 0.5438591015625 0.8506907531250001 0.5382338546875001 0.8497319046875 0.5333756875 0.8503072140624999 0.5269833609375 0.8497319046875 0.5195682625 0.8485812859375 0.5121531640625 0.849540134375 0.5085734625 0.85375906875 0.5098519265625 0.8614298609375 0.5195682625 0.8654570265625001 0.5290289046875001 0.8644981765624999 0.534398459375 0.865840565625 0.5451375671875 0.8662241046875 0.5492286562500001 0.8643064078125
3 0.5482058828125 0.874086665625 0.5515298937499999 0.8742784359375 0.55331974375 0.8706348109375 0.555876675 0.8662241046875 0.5602234562499999 0.86296401875 0.5556209812499999 0.8604710125 0.5530640515624999 0.8597039328125 0.549995734375 0.8631557890625 0.5430920234375 0.8664158750000001 0.5326086078125 0.8652652562500001 0.5287732125 0.8652652562500001 0.5177784109375 0.8671829546875 0.5190568765625 0.8719771984375001 0.5236593515625 0.8742784359375 0.5328643015625001 0.8746619750000001 0.5482058828125 0.874086665625
3 0.5213581140625 0.889044709375 0.52442643125 0.8903870984375001 0.52851751875 0.893647184375 0.53542123125 0.89652373125 0.5441147953125001 0.8953731125 0.5512742 0.8944142625 0.557155140625 0.8928801046875 0.559200684375 0.8882776296875001 0.5594563765625 0.8852093140624999 0.5566437546875 0.8796479906249999 0.5505071203125 0.8758125937499999 0.54692741875 0.87447020625 0.5234036578125 0.875237284375 0.5149657875 0.8800315296875001 0.5134316296875 0.8855928531249999 0.515988559375 0.8884694 0.5213581140625 0.889044709375