3 0.188194678125 0.44826144062499995 0.1893215921875 0.44024782812499996 0.18800685781249998 0.4299803875 0.18218446875 0.4252223046875 0.1757986203125 0.42321890156249997 0.168473678125 0.42497187968750005 0.1551385265625 0.42422060312500004 0.14987959374999998 0.4247214546875 0.1451841171875 0.428227409375 0.14199119375 0.4349888953125 0.1410520984375 0.4460076125 0.14631103125 0.44901271718749997 0.1547628890625 0.4535203734375 0.1656563921875 0.4572767546875 0.1731691546875 0.4590297328125 0.182747925 0.454522075 0.188194678125 0.44826144062499995
3 0.14199119375 0.454522075 0.139549546875 0.4592801578125 0.13541752812500002 0.4657912171875 0.135605346875 0.468295471875 0.1382348125 0.47455610625 0.1410520984375 0.486576525 0.147813584375 0.48832950156250005 0.15438725 0.4863261 0.1551385265625 0.48282014375 0.15776799375 0.4835714203125 0.1613365546875 0.48256971875000004 0.1656563921875 0.47205185156249996 0.16509293593750002 0.46629206874999996 0.1637782015625 0.4615339859375 0.1609609171875 0.45602462812500005 0.15382379375 0.4537707984375 0.148189221875 0.45001441875000003 0.14330592656250002 0.448011015625 0.14199119375 0.454522075
3 0.16171219375 0.51487459375 0.172417878125 0.5158762953125 0.1855652109375 0.5103669359375 0.1955196203125 0.5023533234374999 0.19608307656249999 0.49784566718749995 0.19157542031250002 0.49283715937499994 0.1895094109375 0.4853243984375 0.18612866875 0.476809934375 0.1797428203125 0.47380482968750004 0.17072750625 0.473053553125 0.1652807546875 0.476559509375 0.1628391078125 0.47981503906249995 0.1607730984375 0.4853243984375 0.15776799375 0.493087584375 0.155889803125 0.5038558765625 0.16171219375 0.51487459375
3 0.1310976890625 0.5171284218750001 0.12546311875 0.5128711906250001 0.1203920046875 0.5118694890625 0.11550870937499999 0.5123703390625 0.1104375953125 0.5138728921875 0.103300471875 0.5138728921875 0.10048318593750001 0.51537544375 0.10630557656249999 0.5299001156250001 0.10893504218750001 0.5406684078125 0.1188894515625 0.5481811703125 0.12865604218749999 0.5449256390625 0.131473328125 0.5344077734375 0.13429061250000002 0.528898415625 0.13335151875 0.52288820625 0.1310976890625 0.5171284218750001
3 0.14161555625 0.5349086234375 0.1453719359375 0.535910325 0.152133421875 0.53190351875 0.1547628890625 0.52363948125 0.15457506875 0.5171284218750001 0.1526968796875 0.5126207640625 0.1491283171875 0.5083635328125 0.14386938437500002 0.5041063015625 0.1365444421875 0.5018524734375001 0.1305342328125 0.4963431140625 0.12640221406250002 0.49358843593749996 0.12283365156249999 0.49333800937500005 0.11513307187499999 0.4945901375 0.11250360468750001 0.4995986453125 0.111188871875 0.5063601296875 0.111752328125 0.5128711906250001 0.120016365625 0.5116190640625 0.1282804046875 0.5143737421875 0.1329758796875 0.5231386312499999 0.136356621875 0.528898415625 0.14161555625 0.5349086234375
3 0.12621439375000001 0.49333800937500005 0.12978295625 0.49559183906250004 0.1335393375 0.49934821874999996 0.1429302890625 0.5031046 0.14236683125 0.5000994953125 0.1410520984375 0.4860756734375 0.13804699375 0.47255270312500003 0.13410279375 0.4655407921875 0.12715348906249999 0.460782709375 0.1205798234375 0.46028185937500005 0.11475743281249999 0.46353738906249997 0.111376690625 0.4692971734375 0.1098741375 0.47831248750000005 0.111376690625 0.496593540625 0.1128792421875 0.4980960921875 0.11926509062499999 0.493087584375 0.12621439375000001 0.49333800937500005
3 0.13541752812500002 0.5484315953125 0.137859175 0.551186275 0.1406764609375 0.5524384015625 0.14631103125 0.5526888265625 0.1515699640625 0.5481811703125 0.156641078125 0.545676915625 0.15739235468749999 0.545676915625 0.15645325937500001 0.5434230875 0.1553263453125 0.5401675578125 0.1540116125 0.5351590500000001 0.1534481546875 0.5309018187500001 0.152133421875 0.5316530937499999 0.1474379453125 0.5366616015625 0.1387982703125 0.5324043703125 0.13541752812500002 0.5299001156250001 0.1350418890625 0.5351590500000001 0.13372715625 0.53916585625 0.1329758796875 0.5434230875 0.13541752812500002 0.5484315953125
3 0.1108132328125 0.5617041406250001 0.11325488125000001 0.5682152 0.11813817499999998 0.5727228578125 0.122082375 0.5757279625 0.1256509375 0.578232215625 0.1307220515625 0.578232215625 0.135980984375 0.5772305140625 0.14142773749999998 0.574475834375 0.1472501265625 0.5754775359375001 0.151757784375 0.574475834375 0.15607762187500002 0.57222200625 0.15833144999999998 0.5694673265625 0.1596461828125 0.5654605218750001 0.1579558125 0.5607024390625 0.15025523125 0.5574469093750001 0.13804699375 0.5544418046875 0.13372715625 0.5531896765625001 0.12452402343749999 0.557697334375 0.11832599531250002 0.5584486109375 0.11306706250000001 0.5591998859375 0.1108132328125 0.5617041406250001
3 0.5333140875 0.48030771874999995 0.5355643578125 0.47780741875 0.53293904375 0.47305684687499994 0.5267508000000001 0.4680562453125 0.5233753937500001 0.4630556453125 0.52431300625 0.45855510468749994 0.5239379609375 0.45430459375 0.5228128265625 0.4528044140625 0.517937240625 0.449804053125 0.5141867890625 0.4493039921875 0.5096862484375 0.45180429375 0.5115614734375 0.45755498437500003 0.517937240625 0.4680562453125 0.5218752140625 0.4740569671875 0.5250630968750001 0.47530711718749996 0.5333140875 0.48030771874999995
3 0.509311203125 0.467806215625 0.5034980046875 0.46980645625 0.5012477343749999 0.47230675624999996 0.4963721484375 0.47230675624999996 0.49880994218749997 0.47605720781249994 0.5008726890624999 0.47930759843750004 0.5029354374999999 0.48455822968750006 0.5113739515625 0.4850582890625 0.5151244015625001 0.47855750781250006 0.5147493578125 0.4715566671875 0.512686609375 0.469056365625 0.509311203125 0.467806215625
3 0.49618462656249995 0.49280922031249996 0.49993507656249997 0.49480946093749995 0.5040605734375 0.4953095203125 0.5079985453125 0.49605961093750006 0.51006129375 0.49680970156250004 0.5134367 0.50081018125 0.5173746718750001 0.5005601515625 0.52618823125 0.495059490625 0.52712584375 0.49355931093749994 0.5207500781250001 0.49380934062500004 0.5147493578125 0.49080897968750004 0.5038730499999999 0.4915590703125 0.49918498749999995 0.4903089203125 0.49655967187499994 0.49080897968750004 0.49618462656249995 0.49280922031249996
3 0.922276940625 0.4356053484375 0.9233051203124999 0.427551275 0.922276940625 0.42241037812500004 0.91957796875 0.417783571875 0.9149511625000001 0.41641266562499996 0.9099387875 0.4153844859375 0.9040267562500001 0.4176122078125 0.8979862015625001 0.425323553125 0.8929738265625 0.433377625 0.8893751984374999 0.44228851406249997 0.8906604234375 0.451370765625 0.8958013203125 0.45908211093749995 0.900685171875 0.459938928125 0.906982771875 0.457197115625 0.9095532203125 0.452913034375 0.9105814000000001 0.44554441562499997 0.914437071875 0.4429739671875 0.918806834375 0.439718065625 0.922276940625 0.4356053484375
3 0.9186783125 0.4547980296875 0.92176285 0.452741671875 0.92651818125 0.44794350156249996 0.93088794375 0.44657259531250004 0.933072825 0.44348805625 0.9337154359375001 0.43749034375000007 0.933843959375 0.43680489062500005 0.9315305546875001 0.43526262187500003 0.9298597640624999 0.43474853125 0.9256185234375 0.43474853125 0.9227910296875 0.434063078125 0.9180357000000001 0.44074624531250006 0.9130233249999999 0.4431453296875 0.9128948031249999 0.44725804843750006 0.9132803703124999 0.4506853125 0.9155937734374999 0.4539412140625 0.9186783125 0.4547980296875
3 0.95646390625 0.44263124062500003 0.9634041171875 0.43886125 0.96584604375 0.43354898906250006 0.9654604765625001 0.43046445 0.9632755953125001 0.4273799125 0.9599340109375 0.42309583125000005 0.9523511890625 0.4160699390625 0.9481099484375 0.41075767812499997 0.94579654375 0.4081872296875 0.9409126921875 0.406302234375 0.9374425875 0.40510269218749995 0.9348721375 0.40561678125 0.9301168078125001 0.40835859374999994 0.9262611359375 0.413499490625 0.9261326125 0.42018265625 0.9272893156249999 0.42703718593750006 0.9299882859374999 0.43354898906250006 0.9379566765625 0.43851852343750003 0.94579654375 0.44006079218750005 0.949138128125 0.44057488125 0.95646390625 0.44263124062500003
3 0.940527125 0.44931440624999996 0.9379566765625 0.4450303265625 0.9289601062499999 0.44605850468749997 0.9189353578125001 0.4546266671875 0.914437071875 0.4661080046875 0.9123807140625001 0.4743334390625 0.913537415625 0.48101660625 0.91713604375 0.48341569062499995 0.9211202390625 0.4823875109375 0.9258755687500001 0.47998842656249996 0.930373853125 0.4748475296875 0.9375711093750001 0.46747890937500003 0.9419408718750001 0.45908211093749995 0.94206939375 0.45582620937499996 0.940527125 0.44931440624999996
3 0.920991715625 0.4823875109375 0.9235621640625 0.48530068593750003 0.9306308984375 0.48701431875 0.9402700796874999 0.48512932343750004 0.9433546187499999 0.48135933125 0.9448968875 0.47536161874999994 0.9450254093750001 0.4690211796875 0.9448968875 0.46679345625 0.9424549609374999 0.464565734375 0.9394989453125 0.46490846093749993 0.9380851984374999 0.46627936718749996 0.9315305546875001 0.4748475296875 0.920991715625 0.4823875109375
3 0.9545360703125001 0.48821386093749997 0.9574920859375 0.48495795937499997 0.9612192359374999 0.474504803125 0.965074909375 0.4683357265625 0.965974565625 0.459253475 0.9649463859375 0.4546266671875 0.961733325 0.452741671875 0.9577491296874999 0.4561689359375 0.950037784375 0.46233801249999995 0.9496522171875 0.46370891875 0.9459250671874999 0.4690211796875 0.9463106343750001 0.478960246875 0.9487525609375 0.48735704531249996 0.9518370984375 0.4888993140625 0.9545360703125001 0.48821386093749997
3 0.917907178125 0.509634265625 0.9197064921875 0.5116906250000001 0.9235621640625 0.513746984375 0.925361478125 0.513746984375 0.9285745390625 0.5099769921874999 0.9333298687499999 0.5060356390625 0.9359003171875001 0.5056929109375 0.9419408718750001 0.5077492703125001 0.9450254093750001 0.506549728125 0.95145153125 0.49952383593749994 0.9549216375 0.493697484375 0.9531223234375 0.49129839999999997 0.950551875 0.4894134046875 0.9438687078125 0.48581477656249994 0.9409126921875 0.48530068593750003 0.9364144078125 0.48718568125 0.9206061484375001 0.49232657968750004 0.917907178125 0.4943829375 0.9157222968750001 0.49986656093750004 0.917907178125 0.509634265625