3 0.066863578125 0.5116190640625 0.0642341109375 0.5083635328125 0.06329501562499999 0.5056088546875 0.0593508171875 0.5083635328125 0.06047773125 0.5161267203125 0.06460975 0.5218865046875 0.0715590546875 0.5263941609375 0.07700580625 0.5293992656250001 0.079071815625 0.535910325 0.08226473906250001 0.5401675578125 0.0807621875 0.53115224375 0.08132564375 0.521636078125 0.08038654843750001 0.5181301234375 0.07193469218750001 0.5123703390625 0.0698686828125 0.509615659375 0.06874176875 0.5106173609375 0.066863578125 0.5116190640625
3 0.0779449015625 0.4795646140625 0.07400070156250001 0.47981503906249995 0.07137123437500001 0.4813175921875 0.0681783109375 0.48557482343749997 0.066675759375 0.49559183906250004 0.066675759375 0.5081131078125 0.066675759375 0.5111182125 0.071183415625 0.5078626828125 0.0760667109375 0.5018524734375001 0.0807621875 0.4963431140625 0.08245255781250001 0.4915850328125 0.0837672921875 0.49559183906250004 0.0854576625 0.49509098749999997 0.08958968125 0.48557482343749997 0.0854576625 0.48206886718749997 0.08226473906250001 0.48056631562499996 0.0779449015625 0.4795646140625
3 0.0922191484375 0.5161267203125 0.091092234375 0.5138728921875 0.0897775 0.508613959375 0.0894018625 0.504857578125 0.0880871296875 0.50260375 0.08564548125 0.5018524734375001 0.083203834375 0.496593540625 0.08264037656249999 0.49358843593749996 0.0807621875 0.49784566718749995 0.07700580625 0.5018524734375001 0.0704321390625 0.5081131078125 0.0728737875 0.5116190640625 0.0785083578125 0.516877996875 0.08264037656249999 0.5171284218750001 0.086960215625 0.5176292734375 0.08921404375 0.519131825 0.0922191484375 0.5201335265625 0.0922191484375 0.5161267203125
3 0.09259478593750001 0.53140266875 0.09128005312500001 0.5364111765625 0.09071659531250001 0.5426718109374999 0.09616334843749999 0.5524384015625 0.103863928125 0.5554435062499999 0.10931068125000001 0.5514367 0.11250360468750001 0.5421709609375001 0.11306706250000001 0.5351590500000001 0.1121279671875 0.5299001156250001 0.10874722343750001 0.5186309734375001 0.099356271875 0.519131825 0.095787709375 0.5183805484375 0.0924069671875 0.5166275703125 0.0924069671875 0.520884803125 0.0959755296875 0.5246411828124999 0.0972902625 0.5266445859375 0.09259478593750001 0.53140266875
3 0.09559989062499999 0.516877996875 0.1029248328125 0.5183805484375 0.11024977656249998 0.5158762953125 0.11494525156249999 0.5098660859375 0.11776253750000001 0.502854175 0.12151891875000001 0.49083375625 0.123397109375 0.4758082328125 0.12170673750000001 0.47205185156249996 0.11363051875 0.473053553125 0.1121279671875 0.47480653124999994 0.10555429999999999 0.47756121093750004 0.1029248328125 0.47806206093750003 0.0986049953125 0.4788133375 0.0980415390625 0.47906376249999993 0.095412071875 0.48908077812500006 0.0903409578125 0.496843965625 0.08921404375 0.50686098125 0.09278260625 0.5151250187499999 0.09559989062499999 0.516877996875
3 0.5079445109375 0.43672083749999996 0.509930609375 0.4305418671875 0.5097651 0.4256869609375 0.5079445109375 0.4221561203125 0.50529638125 0.4197286671875 0.5013241859375 0.419066634375 0.495200384375 0.419066634375 0.4890765828125 0.417963246875 0.4846078625 0.4208320546875 0.4812977 0.42524560625 0.4809666828125 0.429879834375 0.48195973125 0.43296931875 0.4846078625 0.43738287031249995 0.49486936718749996 0.44047235625000003 0.49983461250000005 0.4406930328125 0.50430333125 0.44047235625000003 0.5079445109375 0.43672083749999996
3 0.48278727187500003 0.4673950140625 0.4885800578125 0.471367209375 0.49635894062499997 0.469160434375 0.5006621531250001 0.4662916265625 0.5051308734375 0.46651230468750005 0.509434084375 0.46121604375 0.5109236578125 0.4572438484375 0.5109236578125 0.454375040625 0.5095995921875 0.4488581015625 0.5041378234375 0.4455479390625 0.49917257968750006 0.44598929375 0.494207334375 0.4477547140625 0.48510438593750005 0.45283029687500004 0.4831182890625 0.45702317031249995 0.4814632078125 0.45922994531250005 0.48278727187500003 0.4673950140625
3 0.47434635625 0.5152820390625 0.4809666828125 0.5150613609375 0.48675946875 0.507779003125 0.48626294375 0.5002759671875 0.4846078625 0.49144886562499995 0.48295278125 0.48571125000000004 0.48030465 0.47864956875000003 0.4776565203125 0.47247059843750006 0.474015340625 0.469160434375 0.4665674734375 0.46651230468750005 0.4644158671875 0.4676156921875 0.4607746890625 0.47048449999999997 0.458457575 0.477325503125 0.4599471484375 0.48571125000000004 0.4665674734375 0.49806919218749995 0.46838806406250005 0.5062342609375 0.46987763749999995 0.5115305203125 0.47434635625 0.5152820390625
3 0.46391934375000005 0.4965244484375 0.4622642625 0.49144886562499995 0.46110570468749995 0.4890214125 0.45911960625 0.4874766703125 0.45349232968750003 0.4874766703125 0.4501821671875 0.489242090625 0.4465409875 0.49122818749999997 0.4430653171875 0.49387631875000004 0.446209971875 0.49983461250000005 0.4505131828125 0.508882390625 0.461436721875 0.5108684890624999 0.46458137656250004 0.503144775 0.4644158671875 0.49939325625000003 0.46391934375000005 0.4965244484375
3 0.441410234375 0.5139579734375 0.4409137109375 0.519695590625 0.44438938125 0.5269779484375 0.451175215625 0.5309501437499999 0.4569680015625 0.5305087890625 0.45978163906249997 0.5349223390625 0.4650779 0.537129115625 0.46987763749999995 0.5369084375 0.4741808484375 0.5338189515625 0.4755049140625 0.5294054015625 0.475670421875 0.5258745609375 0.4750083890625 0.5234471078125 0.472691275 0.5205783 0.4690500953125 0.5172681375 0.46706399843749996 0.5163854265625 0.46176773750000005 0.51130984375 0.4496856421875 0.5084410359375 0.447368528125 0.507779003125 0.443561840625 0.5095444234375 0.441410234375 0.5139579734375
3 0.8661642781250001 0.4399453796875 0.86773468125 0.44622699062500004 0.8748887375000001 0.4525086015625 0.88082136875 0.4513453390625 0.88343870625 0.448088209375 0.8886733828125 0.43738620624999996 0.894780503125 0.4269168546875 0.89635090625 0.4199372875 0.89565295 0.4129577203125 0.8932101015624999 0.40993324218750005 0.8878009359375 0.40644345781249996 0.8822172828125 0.40760671875 0.8769826078125 0.41319037343750004 0.8724458890625 0.4224964625 0.8701775296875001 0.4269168546875 0.86773468125 0.43087194375 0.8661642781250001 0.4399453796875
3 0.8848346203125 0.4034189796875 0.8851835984375 0.39643941250000003 0.8843111531250001 0.392949628125 0.88274075 0.3894598453125 0.8790764781249999 0.38829658437500003 0.8747142484375001 0.387133321875 0.8693050843749999 0.3885292359375 0.8658153000000001 0.391553715625 0.8558694171875001 0.39364758437499997 0.851856165625 0.3976026734375 0.8499367843750001 0.407839371875 0.8520306546875 0.413423025 0.857090840625 0.417610765625 0.8614530703125001 0.416912809375 0.8686071265624999 0.41319037343750004 0.877855053125 0.4094679375 0.8809958578125 0.408537328125 0.8848346203125 0.4034189796875
3 0.8623255171875 0.43226785625 0.867036725 0.42994133437500004 0.8700030406250001 0.4269168546875 0.8694795734375 0.4250556375 0.8689561046875 0.4220311578125 0.867036725 0.41807607031250005 0.86511734375 0.4155168953125 0.8618020484375 0.4171454609375 0.85604390625 0.418308721875 0.8549969703125001 0.4255209421875 0.8555204390625001 0.427382159375 0.858312265625 0.43133724687499997 0.8623255171875 0.43226785625
3 0.8408633484375001 0.452043296875 0.8448765984375 0.45832490625 0.851856165625 0.4557657328125 0.8562183953125 0.4525086015625 0.862848984375 0.449716775 0.865466321875 0.44599433906249997 0.8661642781250001 0.44250455468750005 0.8658153000000001 0.43715355312500004 0.8663387671875 0.434594378125 0.861627559375 0.43226785625 0.85726533125 0.43250050937499995 0.8549969703125001 0.43319846562500003 0.8501112734375 0.43878211875 0.8452255765625001 0.43948007499999997 0.842084771875 0.4443657734375 0.8408633484375001 0.446924946875 0.8408633484375001 0.452043296875
3 0.8487153609375 0.4199372875 0.845400065625 0.41923933125 0.8413868156250001 0.4211005484375 0.8403398796875001 0.4224964625 0.8391184562499999 0.42645155 0.8380715203125 0.43087194375 0.8361521390625001 0.434129075 0.834232759375 0.4385494671875 0.8347562265624999 0.4443657734375 0.8380715203125 0.44785555625000006 0.8412123265625 0.4466922953125 0.8417357937500001 0.4441331203125 0.8450510875000001 0.440410684375 0.84888985 0.43878211875 0.849238828125 0.43622294375 0.8516816765625 0.43482703125000005 0.8537755468749999 0.42970868125 0.8529031015624999 0.4243576796875 0.8520306546875 0.42133320156250004 0.8487153609375 0.4199372875