3 0.70789828125 0.1094383140625 0.7084616703125 0.1060579796875 0.7067715031249999 0.10500162500000002 0.7025460859375 0.102466375 0.69634880625 0.10119875 0.688179665625 0.1001423953125 0.68423594375 0.0982409578125 0.677475275 0.09697333125 0.671277996875 0.0982409578125 0.6676159687500001 0.1020438328125 0.6687427453125 0.10626925000000001 0.6769118859375001 0.109015771875 0.6884613609375 0.110283396875 0.6997291406249999 0.110283396875 0.7033911703125 0.11007212656250001 0.70789828125 0.1094383140625
3 0.6614186890625 0.116410253125 0.6577566609375001 0.12232583749999999 0.6588834390625 0.126339984375 0.6636722453125 0.1297203171875 0.6704329125 0.1331006515625 0.6780386640625 0.1333119234375 0.692405084375 0.13225556875 0.6986023625 0.13056540156250002 0.705644725 0.12676252500000001 0.706489809375 0.12084694062500001 0.70536303125 0.1159877109375 0.6986023625 0.1132411890625 0.6938135562500001 0.112184834375 0.6887430546875 0.11302991874999999 0.6817006937500001 0.1159877109375 0.6780386640625 0.11366373125 0.6707146078124999 0.11302991874999999 0.66564410625 0.11450881406249999 0.6614186890625 0.116410253125
3 0.6735041328125 0.1634281625 0.6733062171875 0.16149849375 0.669347921875 0.1589750796875 0.6626188171875 0.15852977031249998 0.6568792875 0.1595688234375 0.6527230765625001 0.163725034375 0.648566865625 0.1723343296875 0.6450043984375 0.1766389765625 0.646983546875 0.181240496875 0.6541084796875001 0.1840607828125 0.6578688609375 0.18420921875000001 0.6636083921875 0.18153736874999998 0.66697294375 0.1773811578125 0.6665771140625 0.1741155625 0.6711291546875 0.170404659375 0.6727124734375 0.1665453203125 0.6735041328125 0.1634281625
3 0.6572751171875 0.184506090625 0.66063966875 0.18762325 0.6657854546875 0.1880685578125 0.6738999625 0.1874748125 0.6786499187499999 0.18495140000000002 0.6847852765625 0.1827248578125 0.6871602546875 0.1807951875 0.68933731875 0.1773811578125 0.6875560843749999 0.1727796375 0.68399361875 0.17084996875 0.6788478328124999 0.1702562234375 0.6740978765625 0.171889021875 0.6697437515625 0.1754514875 0.6671708578125 0.1754514875 0.666775028125 0.177232721875 0.6638063062499999 0.1816858046875 0.6572751171875 0.184506090625
3 0.666181284375 0.4700971765625 0.6671708578125 0.4660894015625 0.666181284375 0.4635659875 0.6638063062499999 0.46015195625 0.662420903125 0.45807385156249997 0.6622229875000001 0.45569887343750004 0.661431328125 0.45213640625 0.6588584359375 0.44827706718749993 0.6556917984374999 0.443823984375 0.652327246875 0.4421911875 0.6459939734375 0.441745878125 0.6436189953125 0.4421911875 0.6414419312499999 0.44486303749999995 0.6418377609375 0.45005829999999997 0.6436189953125 0.46371442343749997 0.649358525 0.47143310156249996 0.6525251609375 0.4741049515625 0.662420903125 0.4733627703125 0.666181284375 0.4700971765625
3 0.6351086578125 0.4493161203125 0.6265983203125 0.451839534375 0.6248170875 0.4568863625 0.62699415 0.459855084375 0.6414419312499999 0.46000352031249997 0.6412440171875 0.45465982031249996 0.6366919765625 0.448722375 0.6351086578125 0.4493161203125
3 0.6279837234375 0.47217528125 0.626796234375 0.47544087656249995 0.6271920640624999 0.4767768015625 0.6355044875 0.4827142453125 0.6384732093750001 0.4836048625 0.63926486875 0.48315955468749994 0.6418377609375 0.48019083125 0.6463898015625 0.475886184375 0.6483689499999999 0.4729174625 0.648566865625 0.469948740625 0.6475772906249999 0.46831594374999996 0.64559814375 0.46594096562500004 0.643816909375 0.46252693437500003 0.6410461015625 0.4610425734375 0.63768155 0.4610425734375 0.6335253390625 0.4610425734375 0.6256087453125 0.4623784984375 0.6256087453125 0.46490191249999996 0.6271920640624999 0.46816750625000003 0.6279837234375 0.47217528125
3 0.6170984093749999 0.44545678125 0.61096305 0.4453083453125 0.6068068390625 0.446495834375 0.604827690625 0.44783175937499997 0.6022547968749999 0.4533238953125 0.5996819046875 0.46534722031250003 0.6026506265625 0.4700971765625 0.6077964125 0.47573774843749994 0.6133380265625 0.4778158546875 0.6149213453125 0.47633149374999995 0.61690049375 0.4770736734375 0.6204629609375 0.4797455234375 0.62541083125 0.477222109375 0.627785809375 0.4729174625 0.6264004046875 0.4669800171875 0.6252129156249999 0.4644566046875 0.623035853125 0.46282380625 0.6226400234375 0.4610425734375 0.6234316828125 0.45822228750000005 0.6244212578125 0.45480825625000004 0.6242233421875001 0.4525817140625 0.6226400234375 0.4490192484375 0.621452534375 0.44723801406249997 0.6202650453125 0.4466442703125 0.6170984093749999 0.44545678125
3 0.6452023140625001 0.5362996828125 0.6465877171875001 0.5343700140625 0.6479731203125 0.528135696875 0.6465877171875001 0.5239794859375 0.643223165625 0.5213076359375 0.6408481874999999 0.5196748390625 0.63609823125 0.5187842218750001 0.6273899796875 0.5172998609375 0.6210567046875 0.5159639359375 0.6141296859375001 0.5150733187500001 0.60937973125 0.5156670640625001 0.6044318609375 0.5178936046875 0.601661053125 0.52442479375 0.6034422859374999 0.528877878125 0.614525515625 0.5322919078125 0.62323376875 0.5328856531249999 0.6289732984375 0.5340731421875 0.6372857203125 0.5362996828125 0.6452023140625001 0.5362996828125
3 0.59453611875 0.5434246171875 0.5973069265625 0.5508464234375 0.6050256046875 0.557229175 0.614525515625 0.5601978984375 0.62541083125 0.5600494625 0.6345149125 0.557229175 0.6384732093750001 0.5544088890625 0.639462784375 0.55262765625 0.6384732093750001 0.548323009375 0.6345149125 0.545651159375 0.6250150015625 0.544315234375 0.6196713015624999 0.5441667984375 0.6095776453124999 0.5380809171875 0.6036402015625 0.537487171875 0.59770275625 0.5392684062499999 0.59453611875 0.5434246171875
3 0.6396606984375001 0.5407527671875 0.6404523578125 0.5400105859375001 0.6388690390625 0.5367449921875 0.6315461906250001 0.53526063125 0.62699415 0.5333309609375 0.6252129156249999 0.534815321875 0.6234316828125 0.53986215 0.62541083125 0.5441667984375 0.6321399359375001 0.5453542859375 0.63609823125 0.5429793093749999 0.6396606984375001 0.5407527671875
3 0.60621309375 0.5306591109375 0.6050256046875 0.5314012921875 0.601661053125 0.533479396875 0.59770275625 0.53392470625 0.5973069265625 0.535854375 0.5975048421875 0.5380809171875 0.5998798203125 0.5380809171875 0.6060151796875 0.537487171875 0.61373385625 0.539565278125 0.6186817265625 0.543869925 0.620660875 0.543869925 0.62165045 0.5386746609374999 0.6218483640625 0.5354090671875 0.6202650453125 0.5336278328125 0.6176921531249999 0.5327372171875 0.61373385625 0.5322919078125 0.610765134375 0.5318466 0.60621309375 0.5306591109375
3 0.664597965625 0.8974447515625 0.673108303125 0.89818693125 0.6786499187499999 0.9016009625000001 0.6841915328125 0.9013040906249999 0.691316465625 0.89833536875 0.6930977 0.893288540625 0.6907227218750001 0.8885385843750001 0.6847852765625 0.8814136515625 0.676868684375 0.875773078125 0.6711291546875 0.8720621749999999 0.666775028125 0.8705778140625 0.6663791984375 0.8682028374999999 0.6665771140625 0.861374775 0.6644000515624999 0.856031075 0.65905635 0.8530623531250001 0.64777520625 0.8538045328124999 0.64995226875 0.8564763843750001 0.6487647796875 0.8600388499999999 0.646983546875 0.858702925 0.64243150625 0.8538045328124999 0.6380773796875 0.851726428125 0.6273899796875 0.8502420671875001 0.619869215625 0.8505389390625 0.6147234312500001 0.8572185640625 0.6172963234375 0.8692418890625 0.6289732984375 0.8849761171875 0.6327336796874999 0.8889838937500001 0.6459939734375 0.8935854125 0.664597965625 0.8974447515625
3 0.6161088343750001 0.8667184750000001 0.61373385625 0.86538255 0.6101713906249999 0.865085678125 0.604827690625 0.864491934375 0.60086939375 0.8633044453125001 0.5961194375 0.8610779031250001 0.5911715671875 0.8598904140625001 0.5895882484375 0.863749753125 0.5895882484375 0.8680543999999999 0.5878070156249999 0.8720621749999999 0.5866195265624999 0.8748824624999999 0.583057059375 0.8864604796875 0.588400759375 0.8975931875000001 0.5951298640625 0.90100721875 0.6034422859374999 0.90100721875 0.6143276015625 0.8964056984375001 0.6218483640625 0.893288540625 0.62541083125 0.8894292015625 0.628379553125 0.8830464484375 0.6248170875 0.878444928125 0.6190775562499999 0.8710231234375 0.6161088343750001 0.8667184750000001
3 0.588243790625 0.8974006703124999 0.5838585859375 0.890979478125 0.57675873125 0.8875339609375 0.5702853359375 0.8870641171875 0.5629766625 0.887690575 0.5594267359375 0.8894133343749999 0.5569209046875 0.893485309375 0.55733854375 0.9005329578125 0.56318548125 0.9063276921875 0.5702853359375 0.9075806078124999 0.572373528125 0.9111827390625 0.575088178125 0.9129054984374999 0.5782204671875 0.91556794375 0.5867820546875 0.9180737750000001 0.5920025359375 0.9196399187500001 0.596387740625 0.9227722078125 0.6110050859375 0.9263743390625001 0.615599109375 0.9260611093750001 0.618313759375 0.924964809375 0.617896121875 0.9213626765624999 0.615599109375 0.9169774734375 0.6093345328125 0.9096165953125 0.6020258593750001 0.9020991031250001 0.5984759328125 0.9017858734375 0.5922113546875 0.9006895734375 0.588243790625 0.8974006703124999
3 0.6385692265625 0.908676909375 0.6373163109375 0.9100864390625001 0.636898671875 0.910712896875 0.64065741875 0.910712896875 0.6456690796875 0.9133753421874999 0.6577805953125 0.9165076296875 0.6682215578124999 0.9171340875 0.6730244 0.9161944015625 0.6761566890624999 0.9103996671875001 0.6763655078124999 0.9067975359375 0.674486134375 0.9020991031250001 0.67051856875 0.8997498859374999 0.6659245453125 0.8974006703124999 0.65193365625 0.8953646828125 0.6442073453125 0.8936419234375 0.641910334375 0.8964609828125001 0.6412838765625 0.9024123312500001 0.6412838765625 0.906171078125 0.6385692265625 0.908676909375
3 0.6870152890625 0.9201097624999999 0.6886858421875 0.9193266890625 0.68910348125 0.918856846875 0.6905652156250001 0.9179171593750001 0.6970386125 0.9161944015625 0.7028855515625 0.9161944015625 0.7062266593750001 0.9129054984374999 0.7062266593750001 0.9100864390625001 0.7045561046875 0.9075806078124999 0.7043472859375 0.9057012343749999 0.709358946875 0.9053880062499999 0.7114471390625 0.9049181624999999 0.712073596875 0.9041350906250001 0.7112383203125 0.9019424875000001 0.7072707546875 0.9002197296875 0.70267673125 0.899123428125 0.69745625 0.899123428125 0.6922357703124999 0.8999064999999999 0.6857623734375 0.9024123312500001 0.677200784375 0.9105562812500001 0.6751125921875001 0.9136885703125 0.6696832921875 0.91666424375 0.6682215578124999 0.9185436171875001 0.6682215578124999 0.9227722078125 0.6707273890625001 0.9257478812500001 0.6746949546875001 0.9280970984374999 0.6765743265624999 0.9288801703124999 0.683883 0.9262177250000001 0.6840918203124999 0.924494965625 0.6807507109375 0.9208928343749999 0.683883 0.9202663765624999 0.6855535546875 0.9204229906249999 0.6870152890625 0.9201097624999999